time,range_raw,copol_raw,time,range_raw,crosspol_raw,time,weather_inside_temperature,time,weather_outside_temperature,time,weather_inside_humidity,time,weather_outside_humidity,time,weather_wind_speed,time,weather_wind_direction,time,weather_barometric_pressure,time,weather_dew_point,time,weather_rain_rate,time,elevation_angle,time,azimuth_angle,time,copol_background,time,crosspol_background,time,telescope_temperature,time,detector_temperature,time,laser_temperature,time,date_yyyyMMdd,time,time_hhmmss,time,year,time,month,time,day,time,hour,time,minute,time,second,time,aod_age_secs,time,latitude,time,longitude,time,altitude,time,laser_energy,time,syncpulse,time,range_raw,copol_snr,time,range_raw,crosspol_snr,time,aeronet_aod,time,sda_aod_totals,time,sda_aod_fines,time,sda_aod_coarses,time,sda_ae_totals,time,sda_ae_fines,time,sda_dae_totals,time,sda_dae_fines,time,range_nrb,copol_nrb,time,range_nrb,crosspol_nrb,time,range_radiometer,radiometer_temperature,time,range_radiometer,radiometer_vaporDensity,time,range_radiometer,radiometer_liquid,time,range_radiometer,radiometer_relativeHumidity,time,number_of_clouds,number_of_cloud_outlines,clouds,time,number_of_clouds,pbls,time,range_vbp,extinction_coefficient,time,range_vbp,mass_concentration,time,range_vbp,VBP,time,range_nrb,depolarization_ratio,time,range_nrb,particle_type,time,number_of_particle_type,particle_type_mapping,time,lidar_ratio,time,aod
34.15278,0.029979246,24.186852,34.15278,0.029979246,18.285912,34.15278,30.191355,34.15278,26.259256,34.15278,43.77778,34.15278,70.0,34.15278,0.0,34.15278,96.22222,34.15278,978.84644,34.15278,20.350758,34.15278,0.0,34.15278,0.0,34.15278,0.0,34.15278,0.39655653,34.15278,0.40842828,34.15278,27.413334,34.15278,27.802223,34.15278,26.974447,34.15278,20260203,34.15278,034000,34.15278,2026.0,34.15278,2.0,34.15278,3.0,34.15278,3.0,34.15278,40.0,34.15278,0.0,34.15278,-1.0,34.15278,-999.0,34.15278,-999.0,34.15278,-999.0,34.15278,4.2508893,34.15278,2500.0,34.15278,0.029979246,3371.8997,34.15278,0.029979246,2525.8652,34.15278,,34.15278,,34.15278,,34.15278,,34.15278,,34.15278,,34.15278,,34.15278,,34.15278,0.11991698,0.27859625,34.15278,0.11991698,0.018555613,,,,,,,,,,,,,34.15278,0.0,0.0,,34.15278,0.0,2.2484434,34.15278,0.11991698,0.07064856,34.15278,0.11991698,27.810854,34.15278,0.11991698,0.0023549523,34.15278,0.11991698,0.062432256,34.15278,0.11991698,6.0,34.15278,0.0,WaterCloud,34.15278,30.0,34.15278,
34.15278,0.05995849,12.175265,34.15278,0.05995849,1.8156626,,,,,,,,,,,,,,,,,,,,,,,,,,,,,,,,,,,,,,,,,,,,,,,,,,,,,,,,,,,,,34.15278,0.05995849,1669.6295,34.15278,0.05995849,199.02887,,,,,,,,,,,,,,,,,34.15278,0.14989623,0.2748216,34.15278,0.14989623,0.017929884,,,,,,,,,,,,,34.15278,0.0,1.0,,34.15278,1.0,,34.15278,0.14989623,0.069733344,34.15278,0.14989623,27.806828,34.15278,0.14989623,0.002324445,34.15278,0.14989623,0.06123297,34.15278,0.14989623,6.0,34.15278,1.0,MixedCloud,,,,
34.15278,0.08993774,11.395463,34.15278,0.08993774,1.4496802,,,,,,,,,,,,,,,,,,,,,,,,,,,,,,,,,,,,,,,,,,,,,,,,,,,,,,,,,,,,,34.15278,0.08993774,1559.2402,34.15278,0.08993774,147.30516,,,,,,,,,,,,,,,,,34.15278,0.17987548,0.2715812,34.15278,0.17987548,0.01726394,,,,,,,,,,,,,34.15278,0.0,2.0,,34.15278,2.0,,34.15278,0.17987548,0.06913155,34.15278,0.17987548,27.804176,34.15278,0.17987548,0.0023043852,34.15278,0.17987548,0.059763476,34.15278,0.17987548,6.0,34.15278,2.0,Ice/dust/ash,,,,
34.15278,0.11991698,10.772125,34.15278,0.11991698,1.2636323,,,,,,,,,,,,,,,,,,,,,,,,,,,,,,,,,,,,,,,,,,,,,,,,,,,,,,,,,,,,,34.15278,0.11991698,1470.8491,34.15278,0.11991698,121.009605,,,,,,,,,,,,,,,,,34.15278,0.20985472,0.2653767,34.15278,0.20985472,0.016569475,,,,,,,,,,,,,34.15278,1.0,0.0,,34.15278,3.0,,34.15278,0.20985472,0.06727081,34.15278,0.20985472,27.795992,34.15278,0.20985472,0.0022423603,34.15278,0.20985472,0.058746416,34.15278,0.20985472,6.0,34.15278,3.0,Rain/Dust,,,,
34.15278,0.14989623,10.215841,34.15278,0.14989623,1.1517031,,,,,,,,,,,,,,,,,,,,,,,,,,,,,,,,,,,,,,,,,,,,,,,,,,,,,,,,,,,,,34.15278,0.14989623,1391.7231,34.15278,0.14989623,105.08488,,,,,,,,,,,,,,,,,34.15278,0.23983397,0.25963178,34.15278,0.23983397,0.015709663,,,,,,,,,,,,,34.15278,1.0,1.0,,34.15278,4.0,,34.15278,0.23983397,0.06569176,34.15278,0.23983397,27.789043,34.15278,0.23983397,0.0021897259,34.15278,0.23983397,0.05702573,34.15278,0.23983397,6.0,34.15278,4.0,Molecular,,,,
34.15278,0.17987548,9.697872,34.15278,0.17987548,1.0665774,,,,,,,,,,,,,,,,,,,,,,,,,,,,,,,,,,,,,,,,,,,,,,,,,,,,,,,,,,,,,34.15278,0.17987548,1318.3007,34.15278,0.17987548,93.02565,,,,,,,,,,,,,,,,,34.15278,0.2698132,0.2583466,34.15278,0.2698132,0.014884244,,,,,,,,,,,,,34.15278,1.0,2.0,,34.15278,5.0,,34.15278,0.2698132,0.06585192,34.15278,0.2698132,27.78975,34.15278,0.2698132,0.002195064,34.15278,0.2698132,0.054442417,34.15278,0.2698132,6.0,34.15278,5.0,CleanAerosol,,,,
34.15278,0.20985472,9.078745,34.15278,0.20985472,0.99590945,,,,,,,,,,,,,,,,,,,,,,,,,,,,,,,,,,,,,,,,,,,,,,,,,,,,,,,,,,,,,34.15278,0.20985472,1230.2671,34.15278,0.20985472,83.00064,,,,,,,,,,,,,,,,,34.15278,0.29979247,0.2547003,34.15278,0.29979247,0.01451084,,,,,,,,,,,,,34.15278,2.0,0.0,,34.15278,6.0,,34.15278,0.29979247,0.06507074,34.15278,0.29979247,27.78631,34.15278,0.29979247,0.0021690247,34.15278,0.29979247,0.05376558,34.15278,0.29979247,6.0,34.15278,6.0,PollutedAerosol,,,,
34.15278,0.23983397,8.479994,34.15278,0.23983397,0.92885613,,,,,,,,,,,,,,,,,,,,,,,,,,,,,,,,,,,,,,,,,,,,,,,,,,,,,,,,,,,,,34.15278,0.23983397,1146.0626,34.15278,0.23983397,73.505455,,,,,,,,,,,,,,,,,34.15278,0.3297717,0.25147486,34.15278,0.3297717,0.013506468,,,,,,,,,,,,,34.15278,2.0,1.0,,34.15278,7.0,,34.15278,0.3297717,0.0644139,34.15278,0.3297717,27.78342,34.15278,0.3297717,0.00214713,34.15278,0.3297717,0.050892733,34.15278,0.3297717,6.0,34.15278,7.0,Undetected,,,,
34.15278,0.2698132,7.901413,34.15278,0.2698132,0.8637811,,,,,,,,,,,,,,,,,,,,,,,,,,,,,,,,,,,,,,,,,,,,,,,,,,,,,,,,,,,,,34.15278,0.2698132,1064.9989,34.15278,0.2698132,64.40993,,,,,,,,,,,,,,,,,34.15278,0.35975096,0.24378753,34.15278,0.35975096,0.012538692,,,,,,,,,,,,,34.15278,2.0,2.0,,34.15278,8.0,,34.15278,0.35975096,0.061495855,34.15278,0.35975096,27.77058,34.15278,0.35975096,0.0020498617,34.15278,0.35975096,0.048829854,34.15278,0.35975096,6.0,,,,,,,
34.15278,0.29979247,7.2682137,34.15278,0.29979247,0.8170608,,,,,,,,,,,,,,,,,,,,,,,,,,,,,,,,,,,,,,,,,,,,,,,,,,,,,,,,,,,,,34.15278,0.29979247,975.1431,34.15278,0.29979247,57.68636,,,,,,,,,,,,,,,,,34.15278,0.3897302,0.23704356,34.15278,0.3897302,0.011377911,,,,,,,,,,,,,34.15278,3.0,0.0,,34.15278,9.0,,34.15278,0.3897302,0.05949492,34.15278,0.3897302,27.76178,34.15278,0.3897302,0.001983164,34.15278,0.3897302,0.045753144,34.15278,0.3897302,6.0,,,,,,,
34.15278,0.3297717,6.6163025,34.15278,0.3297717,0.755749,,,,,,,,,,,,,,,,,,,,,,,,,,,,,,,,,,,,,,,,,,,,,,,,,,,,,,,,,,,,,34.15278,0.3297717,882.0905,34.15278,0.3297717,49.042164,,,,,,,,,,,,,,,,,34.15278,0.41970944,0.23105605,34.15278,0.41970944,0.010910596,,,,,,,,,,,,,34.15278,3.0,1.0,,,,,34.15278,0.41970944,0.05750374,34.15278,0.41970944,27.753014,34.15278,0.41970944,0.0019167914,34.15278,0.41970944,0.045043603,34.15278,0.41970944,6.0,,,,,,,
34.15278,0.35975096,5.83488,34.15278,0.35975096,0.6988844,,,,,,,,,,,,,,,,,,,,,,,,,,,,,,,,,,,,,,,,,,,,,,,,,,,,,,,,,,,,,34.15278,0.35975096,770.8647,34.15278,0.35975096,40.895508,,,,,,,,,,,,,,,,,34.15278,0.4496887,0.22607912,34.15278,0.4496887,0.010142385,,,,,,,,,,,,,34.15278,3.0,2.0,,,,,34.15278,0.4496887,0.05583597,34.15278,0.4496887,27.745682,34.15278,0.4496887,0.0018611989,34.15278,0.4496887,0.04296655,34.15278,0.4496887,6.0,,,,,,,
34.15278,0.3897302,5.1791906,34.15278,0.3897302,0.6466756,,,,,,,,,,,,,,,,,,,,,,,,,,,,,,,,,,,,,,,,,,,,,,,,,,,,,,,,,,,,,34.15278,0.3897302,677.541,34.15278,0.3897302,33.66201,,,,,,,,,,,,,,,,,34.15278,0.47966793,0.22454625,34.15278,0.47966793,0.00988179,,,,,,,,,,,,,34.15278,4.0,0.0,,,,,34.15278,0.47966793,0.055452242,34.15278,0.47966793,27.74399,34.15278,0.47966793,0.0018484079,34.15278,0.47966793,0.04215104,34.15278,0.47966793,6.0,,,,,,,
34.15278,0.41970944,4.6021123,34.15278,0.41970944,0.6138926,,,,,,,,,,,,,,,,,,,,,,,,,,,,,,,,,,,,,,,,,,,,,,,,,,,,,,,,,,,,,34.15278,0.41970944,595.53894,34.15278,0.41970944,29.057505,,,,,,,,,,,,,,,,,34.15278,0.5096472,0.22884049,34.15278,0.5096472,0.010407845,,,,,,,,,,,,,34.15278,4.0,1.0,,,,,34.15278,0.5096472,0.057713017,34.15278,0.5096472,27.753937,34.15278,0.5096472,0.0019237674,34.15278,0.5096472,0.043433085,34.15278,0.5096472,6.0,,,,,,,
34.15278,0.44968867,4.0853486,34.15278,0.44968867,0.5803957,,,,,,,,,,,,,,,,,,,,,,,,,,,,,,,,,,,,,,,,,,,,,,,,,,,,,,,,,,,,,34.15278,0.44968867,522.44147,34.15278,0.44968867,24.297504,,,,,,,,,,,,,,,,,34.15278,0.5396264,0.23324227,34.15278,0.5396264,0.010088999,,,,,,,,,,,,,34.15278,4.0,2.0,,,,,34.15278,0.5396264,0.060193818,34.15278,0.5396264,27.764854,34.15278,0.5396264,0.0020064604,34.15278,0.5396264,0.04142852,34.15278,0.5396264,6.0,,,,,,,
34.15278,0.47966793,3.6993306,34.15278,0.47966793,0.5597055,,,,,,,,,,,,,,,,,,,,,,,,,,,,,,,,,,,,,,,,,,,,,,,,,,,,,,,,,,,,,34.15278,0.47966793,468.04248,34.15278,0.47966793,21.381601,,,,,,,,,,,,,,,,,34.15278,0.56960565,0.23858245,34.15278,0.56960565,0.010874866,,,,,,,,,,,,,34.15278,5.0,0.0,,,,,34.15278,0.56960565,0.063342355,34.15278,0.56960565,27.778708,34.15278,0.56960565,0.0021114117,34.15278,0.56960565,0.043550216,34.15278,0.56960565,6.0,,,,,,,
34.15278,0.5096472,3.413982,34.15278,0.5096472,0.55112296,,,,,,,,,,,,,,,,,,,,,,,,,,,,,,,,,,,,,,,,,,,,,,,,,,,,,,,,,,,,,34.15278,0.5096472,427.6088,34.15278,0.5096472,20.228579,,,,,,,,,,,,,,,,,34.15278,0.59958494,0.24417098,34.15278,0.59958494,0.010644485,,,,,,,,,,,,,34.15278,5.0,1.0,,,,,34.15278,0.59958494,0.06645412,34.15278,0.59958494,27.792397,34.15278,0.59958494,0.0022151372,34.15278,0.59958494,0.041735705,34.15278,0.59958494,6.0,,,,,,,
34.15278,0.5396264,3.166503,34.15278,0.5396264,0.5329615,,,,,,,,,,,,,,,,,,,,,,,,,,,,,,,,,,,,,,,,,,,,,,,,,,,,,,,,,,,,,34.15278,0.5396264,392.63055,34.15278,0.5396264,17.625603,,,,,,,,,,,,,,,,,34.15278,0.62956417,0.25204727,34.15278,0.62956417,0.0111016845,,,,,,,,,,,,,34.15278,5.0,2.0,,,,,34.15278,0.62956417,0.07055377,34.15278,0.62956417,27.810434,34.15278,0.62956417,0.0023517923,34.15278,0.62956417,0.04213293,34.15278,0.62956417,6.0,,,,,,,
34.15278,0.56960565,2.968734,34.15278,0.56960565,0.530418,,,,,,,,,,,,,,,,,,,,,,,,,,,,,,,,,,,,,,,,,,,,,,,,,,,,,,,,,,,,,34.15278,0.56960565,364.48865,34.15278,0.56960565,17.310352,,,,,,,,,,,,,,,,,34.15278,0.6595434,0.24815199,34.15278,0.6595434,0.010928694,,,,,,,,,,,,,34.15278,6.0,0.0,,,,,34.15278,0.6595434,0.0695663,34.15278,0.6595434,27.806093,34.15278,0.6595434,0.0023188768,34.15278,0.6595434,0.042197112,34.15278,0.6595434,6.0,,,,,,,
34.15278,0.59958494,2.7899153,34.15278,0.59958494,0.5172096,,,,,,,,,,,,,,,,,,,,,,,,,,,,,,,,,,,,,,,,,,,,,,,,,,,,,,,,,,,,,34.15278,0.59958494,339.0557,34.15278,0.59958494,15.414381,,,,,,,,,,,,,,,,,34.15278,0.6895227,0.24679542,34.15278,0.6895227,0.010622285,,,,,,,,,,,,,34.15278,6.0,1.0,,,,,34.15278,0.6895227,0.069686055,34.15278,0.6895227,27.80662,34.15278,0.6895227,0.0023228687,34.15278,0.6895227,0.041287582,34.15278,0.6895227,6.0,,,,,,,
34.15278,0.62956417,2.649829,34.15278,0.62956417,0.5118548,,,,,,,,,,,,,,,,,,,,,,,,,,,,,,,,,,,,,,,,,,,,,,,,,,,,,,,,,,,,,34.15278,0.62956417,319.17014,34.15278,0.62956417,14.64641,,,,,,,,,,,,,,,,,34.15278,0.7195019,0.24466059,34.15278,0.7195019,0.010699488,,,,,,,,,,,,,34.15278,6.0,2.0,,,,,34.15278,0.7195019,0.06935438,34.15278,0.7195019,27.805159,34.15278,0.7195019,0.0023118125,34.15278,0.7195019,0.04187818,34.15278,0.7195019,6.0,,,,,,,
34.15278,0.6595434,2.4389708,34.15278,0.6595434,0.5023799,,,,,,,,,,,,,,,,,,,,,,,,,,,,,,,,,,,,,,,,,,,,,,,,,,,,,,,,,,,,,34.15278,0.6595434,289.39572,34.15278,0.6595434,13.280014,,,,,,,,,,,,,,,,,34.15278,0.74948114,0.24451338,34.15278,0.74948114,0.010747391,,,,,,,,,,,,,34.15278,7.0,0.0,,,,,34.15278,0.74948114,0.07021196,34.15278,0.74948114,27.808935,34.15278,0.74948114,0.0023403985,34.15278,0.74948114,0.041968457,34.15278,0.74948114,6.0,,,,,,,
34.15278,0.6895226,2.2666962,34.15278,0.6895226,0.49286032,,,,,,,,,,,,,,,,,,,,,,,,,,,,,,,,,,,,,,,,,,,,,,,,,,,,,,,,,,,,,34.15278,0.6895226,264.90472,34.15278,0.6895226,11.957643,,,,,,,,,,,,,,,,,34.15278,0.7794604,0.2396448,34.15278,0.7794604,0.0106522655,,,,,,,,,,,,,34.15278,7.0,1.0,,,,,34.15278,0.7794604,0.06851747,34.15278,0.7794604,27.801476,34.15278,0.7794604,0.0022839152,34.15278,0.7794604,0.042508647,34.15278,0.7794604,6.0,,,,,,,
34.15278,0.7195019,2.1085825,34.15278,0.7195019,0.4869106,,,,,,,,,,,,,,,,,,,,,,,,,,,,,,,,,,,,,,,,,,,,,,,,,,,,,,,,,,,,,34.15278,0.7195019,242.50719,34.15278,0.7195019,11.119222,,,,,,,,,,,,,,,,,34.15278,0.80943966,0.23289312,34.15278,0.80943966,0.009785304,,,,,,,,,,,,,34.15278,7.0,2.0,,,,,34.15278,0.80943966,0.06615487,34.15278,0.80943966,27.79108,34.15278,0.80943966,0.0022051623,34.15278,0.80943966,0.040264264,34.15278,0.80943966,6.0,,,,,,,
34.15278,0.74948114,1.9764688,34.15278,0.74948114,0.48139223,,,,,,,,,,,,,,,,,,,,,,,,,,,,,,,,,,,,,,,,,,,,,,,,,,,,,,,,,,,,,34.15278,0.74948114,223.81024,34.15278,0.74948114,10.334571,,,,,,,,,,,,,,,,,34.15278,0.8394189,0.22640306,34.15278,0.8394189,0.009615949,,,,,,,,,,,,,34.15278,8.0,0.0,,,,,34.15278,0.8394189,0.06391435,34.15278,0.8394189,27.781223,34.15278,0.8394189,0.0021304782,34.15278,0.8394189,0.037414305,34.15278,0.8394189,6.0,,,,,,,
34.15278,0.7794604,1.842853,34.15278,0.7794604,0.47617137,,,,,,,,,,,,,,,,,,,,,,,,,,,,,,,,,,,,,,,,,,,,,,,,,,,,,,,,,,,,,34.15278,0.7794604,205.02388,34.15278,0.7794604,9.583552,,,,,,,,,,,,,,,,,34.15278,0.8693981,0.22821525,34.15278,0.8693981,0.009162418,,,,,,,,,,,,,34.15278,8.0,1.0,,,,,34.15278,0.8693981,0.06524078,34.15278,0.8693981,27.787058,34.15278,0.8693981,0.002174693,34.15278,0.8693981,0.038568452,34.15278,0.8693981,6.0,,,,,,,
34.15278,0.80943966,1.7161238,34.15278,0.80943966,0.46741042,,,,,,,,,,,,,,,,,,,,,,,,,,,,,,,,,,,,,,,,,,,,,,,,,,,,,,,,,,,,,34.15278,0.80943966,186.94598,34.15278,0.80943966,8.318904,,,,,,,,,,,,,,,,,34.15278,0.8993774,0.23462439,34.15278,0.8993774,0.009415526,,,,,,,,,,,,,34.15278,8.0,2.0,,,,,34.15278,0.8993774,0.0690051,34.15278,0.8993774,27.803621,34.15278,0.8993774,0.0023001703,34.15278,0.8993774,0.034910306,34.15278,0.8993774,6.0,,,,,,,
34.15278,0.8394189,1.5962219,34.15278,0.8394189,0.46273983,,,,,,,,,,,,,,,,,,,,,,,,,,,,,,,,,,,,,,,,,,,,,,,,,,,,,,,,,,,,,34.15278,0.8394189,169.9961,34.15278,0.8394189,7.740797,,,,,,,,,,,,,,,,,34.15278,0.92935663,0.22762267,34.15278,0.92935663,0.009672491,,,,,,,,,,,,,34.15278,9.0,0.0,,,,,34.15278,0.92935663,0.06649349,34.15278,0.92935663,27.792572,34.15278,0.92935663,0.00221645,34.15278,0.92935663,0.040723138,34.15278,0.92935663,6.0,,,,,,,
34.15278,0.8693981,1.534196,34.15278,0.8693981,0.45716202,,,,,,,,,,,,,,,,,,,,,,,,,,,,,,,,,,,,,,,,,,,,,,,,,,,,,,,,,,,,,34.15278,0.8693981,161.24347,34.15278,0.8693981,6.9128113,,,,,,,,,,,,,,,,,34.15278,0.95933586,0.22397484,34.15278,0.95933586,0.008306537,,,,,,,,,,,,,34.15278,9.0,1.0,,,,,34.15278,0.95933586,0.06527523,34.15278,0.95933586,27.787212,34.15278,0.95933586,0.002175841,34.15278,0.95933586,0.013396917,34.15278,0.95933586,5.0,,,,,,,
34.15278,0.89937735,1.4892756,34.15278,0.89937735,0.45539194,,,,,,,,,,,,,,,,,,,,,,,,,,,,,,,,,,,,,,,,,,,,,,,,,,,,,,,,,,,,,34.15278,0.89937735,154.90839,34.15278,0.89937735,6.6494303,,,,,,,,,,,,,,,,,34.15278,0.98931515,0.21890374,34.15278,0.98931515,0.0086347805,,,,,,,,,,,,,34.15278,9.0,2.0,,,,,34.15278,0.98931515,0.06345192,34.15278,0.98931515,27.779188,34.15278,0.98931515,0.002115064,34.15278,0.98931515,0.01996494,34.15278,0.98931515,5.0,,,,,,,
34.15278,0.92935663,1.394556,34.15278,0.92935663,0.45381525,,,,,,,,,,,,,,,,,,,,,,,,,,,,,,,,,,,,,,,,,,,,,,,,,,,,,,,,,,,,,34.15278,0.92935663,141.42946,34.15278,0.92935663,6.4121995,,,,,,,,,,,,,,,,,34.15278,1.0192944,0.21455772,34.15278,1.0192944,0.008347893,,,,,,,,,,,,,,,,,,,,34.15278,1.0192944,0.061884217,34.15278,1.0192944,27.772291,34.15278,1.0192944,0.0020628076,34.15278,1.0192944,0.015016826,34.15278,1.0192944,5.0,,,,,,,
34.15278,0.95933586,1.3249888,34.15278,0.95933586,0.44570875,,,,,,,,,,,,,,,,,,,,,,,,,,,,,,,,,,,,,,,,,,,,,,,,,,,,,,,,,,,,,34.15278,0.95933586,131.59026,34.15278,0.95933586,5.257808,,,,,,,,,,,,,,,,,34.15278,1.0492736,0.21119273,34.15278,1.0492736,0.0074130795,,,,,,,,,,,,,,,,,,,,34.15278,1.0492736,0.061041415,34.15278,1.0492736,27.768585,34.15278,1.0492736,0.0020347137,34.15278,1.0492736,0.004773887,34.15278,1.0492736,4.0,,,,,,,
34.15278,0.9893151,1.2505727,34.15278,0.9893151,0.44474193,,,,,,,,,,,,,,,,,,,,,,,,,,,,,,,,,,,,,,,,,,,,,,,,,,,,,,,,,,,,,34.15278,0.9893151,121.02044,34.15278,0.9893151,5.151678,,,,,,,,,,,,,,,,,34.15278,1.0792528,0.20636399,34.15278,1.0792528,0.007944836,,,,,,,,,,,,,,,,,,,,34.15278,1.0792528,0.059052296,34.15278,1.0792528,27.75983,34.15278,1.0792528,0.0019684099,34.15278,1.0792528,0.0053301933,34.15278,1.0792528,4.0,,,,,,,
34.15278,1.0192944,1.1948088,34.15278,1.0192944,0.4421538,,,,,,,,,,,,,,,,,,,,,,,,,,,,,,,,,,,,,,,,,,,,,,,,,,,,,,,,,,,,,34.15278,1.0192944,113.1155,34.15278,1.0192944,4.7893047,,,,,,,,,,,,,,,,,34.15278,1.1092321,0.20477301,34.15278,1.1092321,0.008409841,,,,,,,,,,,,,,,,,,,,34.15278,1.1092321,0.05911786,34.15278,1.1092321,27.760118,34.15278,1.1092321,0.0019705954,34.15278,1.1092321,0.006377337,34.15278,1.1092321,4.0,,,,,,,
34.15278,1.0492736,1.1434182,34.15278,1.0492736,0.4373345,,,,,,,,,,,,,,,,,,,,,,,,,,,,,,,,,,,,,,,,,,,,,,,,,,,,,,,,,,,,,34.15278,1.0492736,105.845055,34.15278,1.0492736,4.0781717,,,,,,,,,,,,,,,,,34.15278,1.1392113,0.2084162,34.15278,1.1392113,0.008932263,,,,,,,,,,,,,,,,,,,,34.15278,1.1392113,0.061482064,34.15278,1.1392113,27.770521,34.15278,1.1392113,0.0020494023,34.15278,1.1392113,0.0060037295,34.15278,1.1392113,4.0,,,,,,,
34.15278,1.0792528,1.085914,34.15278,1.0792528,0.43779564,,,,,,,,,,,,,,,,,,,,,,,,,,,,,,,,,,,,,,,,,,,,,,,,,,,,,,,,,,,,,34.15278,1.0792528,97.7588,34.15278,1.0792528,4.1681204,,,,,,,,,,,,,,,,,34.15278,1.1691906,0.20986968,34.15278,1.1691906,0.007696057,,,,,,,,,,,,,,,,,,,,34.15278,1.1691906,0.06291872,34.15278,1.1691906,27.77684,34.15278,1.1691906,0.002097291,34.15278,1.1691906,1.0000001e-07,34.15278,1.1691906,7.0,,,,,,,
34.15278,1.1092321,1.0487431,34.15278,1.1092321,0.43782535,,,,,,,,,,,,,,,,,,,,,,,,,,,,,,,,,,,,,,,,,,,,,,,,,,,,,,,,,,,,,34.15278,1.1092321,92.34993,34.15278,1.1092321,4.1304874,,,,,,,,,,,,,,,,,34.15278,1.1991699,0.21637172,34.15278,1.1991699,0.008013423,,,,,,,,,,,,,,,,,,,,34.15278,1.1991699,0.06652589,34.15278,1.1991699,27.792715,34.15278,1.1991699,0.0022175296,34.15278,1.1991699,0.006763471,34.15278,1.1991699,4.0,,,,,,,
34.15278,1.1392113,1.027577,34.15278,1.1392113,0.4378997,,,,,,,,,,,,,,,,,,,,,,,,,,,,,,,,,,,,,,,,,,,,,,,,,,,,,,,,,,,,,34.15278,1.1392113,89.38053,34.15278,1.1392113,4.189651,,,,,,,,,,,,,,,,,34.15278,1.2291491,0.22742647,34.15278,1.2291491,0.0079961205,,,,,,,,,,,,,,,,,,,,34.15278,1.2291491,0.072858356,34.15278,1.2291491,27.820578,34.15278,1.2291491,0.0024286115,34.15278,1.2291491,1.0000001e-07,34.15278,1.2291491,7.0,,,,,,,
34.15278,1.1691905,1.000818,34.15278,1.1691905,0.43299124,,,,,,,,,,,,,,,,,,,,,,,,,,,,,,,,,,,,,,,,,,,,,,,,,,,,,,,,,,,,,34.15278,1.1691905,85.5958,34.15278,1.1691905,3.474012,,,,,,,,,,,,,,,,,34.15278,1.2591283,0.23122576,34.15278,1.2591283,0.010636306,,,,,,,,,,,,,,,,,,,,34.15278,1.2591283,0.07525455,34.15278,1.2591283,27.831121,34.15278,1.2591283,0.002508485,34.15278,1.2591283,0.0064875106,34.15278,1.2591283,4.0,,,,,,,
34.15278,1.1991699,0.99405026,34.15278,1.1991699,0.43282762,,,,,,,,,,,,,,,,,,,,,,,,,,,,,,,,,,,,,,,,,,,,,,,,,,,,,,,,,,,,,34.15278,1.1991699,84.711815,34.15278,1.1991699,3.4398346,,,,,,,,,,,,,,,,,34.15278,1.2891076,0.22964576,34.15278,1.2891076,0.010897596,,,,,,,,,,,,,,,,,,,,34.15278,1.2891076,0.07557715,34.15278,1.2891076,27.832539,34.15278,1.2891076,0.0025192378,34.15278,1.2891076,0.0067898016,34.15278,1.2891076,4.0,,,,,,,
34.15278,1.2291491,0.9914622,34.15278,1.2291491,0.43171203,,,,,,,,,,,,,,,,,,,,,,,,,,,,,,,,,,,,,,,,,,,,,,,,,,,,,,,,,,,,,34.15278,1.2291491,84.30477,34.15278,1.2291491,3.3272128,,,,,,,,,,,,,,,,,34.15278,1.3190868,0.23363784,34.15278,1.3190868,0.01022179,,,,,,,,,,,,,,,,,,,,34.15278,1.3190868,0.07871431,34.15278,1.3190868,27.846344,34.15278,1.3190868,0.0026238104,34.15278,1.3190868,1.0000001e-07,34.15278,1.3190868,7.0,,,,,,,
34.15278,1.2591283,0.97899747,34.15278,1.2591283,0.43749815,,,,,,,,,,,,,,,,,,,,,,,,,,,,,,,,,,,,,,,,,,,,,,,,,,,,,,,,,,,,,34.15278,1.2591283,82.588554,34.15278,1.2591283,4.135175,,,,,,,,,,,,,,,,,34.15278,1.349066,0.23538484,34.15278,1.349066,0.010833882,,,,,,,,,,,,,,,,,,,,34.15278,1.349066,0.0798412,34.15278,1.349066,27.851301,34.15278,1.349066,0.002661373,34.15278,1.349066,0.007458607,34.15278,1.349066,4.0,,,,,,,
34.15278,1.2891076,0.94990337,34.15278,1.2891076,0.43687344,,,,,,,,,,,,,,,,,,,,,,,,,,,,,,,,,,,,,,,,,,,,,,,,,,,,,,,,,,,,,34.15278,1.2891076,78.458496,34.15278,1.2891076,4.0583897,,,,,,,,,,,,,,,,,34.15278,1.3790454,0.2330715,34.15278,1.3790454,0.008172032,,,,,,,,,,,,,,,,,,,,34.15278,1.3790454,0.079400696,34.15278,1.3790454,27.849365,34.15278,1.3790454,0.0026466898,34.15278,1.3790454,1.0000001e-07,34.15278,1.3790454,7.0,,,,,,,
34.15278,1.3190868,0.9350439,34.15278,1.3190868,0.43410677,,,,,,,,,,,,,,,,,,,,,,,,,,,,,,,,,,,,,,,,,,,,,,,,,,,,,,,,,,,,,34.15278,1.3190868,76.274506,34.15278,1.3190868,3.6245608,,,,,,,,,,,,,,,,,34.15278,1.4090246,0.22667551,34.15278,1.4090246,0.0067554694,,,,,,,,,,,,,,,,,,,,34.15278,1.4090246,0.077243924,34.15278,1.4090246,27.839874,34.15278,1.4090246,0.0025747975,34.15278,1.4090246,1.0000001e-07,34.15278,1.4090246,7.0,,,,,,,
34.15278,1.349066,0.91743267,34.15278,1.349066,0.43450838,,,,,,,,,,,,,,,,,,,,,,,,,,,,,,,,,,,,,,,,,,,,,,,,,,,,,,,,,,,,,34.15278,1.349066,73.87333,34.15278,1.349066,3.708094,,,,,,,,,,,,,,,,,34.15278,1.4390038,0.22005409,34.15278,1.4390038,0.005727483,,,,,,,,,,,,,,,,,,,,34.15278,1.4390038,0.074538186,34.15278,1.4390038,27.827965,34.15278,1.4390038,0.002484606,34.15278,1.4390038,1.0000001e-07,34.15278,1.4390038,7.0,,,,,,,
34.15278,1.3790452,0.8929794,34.15278,1.3790452,0.42785957,,,,,,,,,,,,,,,,,,,,,,,,,,,,,,,,,,,,,,,,,,,,,,,,,,,,,,,,,,,,,34.15278,1.3790452,70.42928,34.15278,1.3790452,2.7946558,,,,,,,,,,,,,,,,,34.15278,1.468983,0.2195421,34.15278,1.468983,0.008536311,,,,,,,,,,,,,,,,,,,,34.15278,1.468983,0.0750491,34.15278,1.468983,27.830217,34.15278,1.468983,0.002501637,34.15278,1.468983,1.0000001e-07,34.15278,1.468983,7.0,,,,,,,
34.15278,1.4090246,0.8599435,34.15278,1.4090246,0.4242898,,,,,,,,,,,,,,,,,,,,,,,,,,,,,,,,,,,,,,,,,,,,,,,,,,,,,,,,,,,,,34.15278,1.4090246,65.67172,34.15278,1.4090246,2.2472062,,,,,,,,,,,,,,,,,34.15278,1.4989623,0.22089718,34.15278,1.4989623,0.0076023694,,,,,,,,,,,,,,,,,,,,34.15278,1.4989623,0.076670095,34.15278,1.4989623,27.837347,34.15278,1.4989623,0.0025556695,34.15278,1.4989623,1.0000001e-07,34.15278,1.4989623,7.0,,,,,,,
34.15278,1.4390038,0.83004606,34.15278,1.4390038,0.42201397,,,,,,,,,,,,,,,,,,,,,,,,,,,,,,,,,,,,,,,,,,,,,,,,,,,,,,,,,,,,,34.15278,1.4390038,61.440727,34.15278,1.4390038,1.9663794,,,,,,,,,,,,,,,,,34.15278,1.5289415,0.22228411,34.15278,1.5289415,0.008368429,,,,,,,,,,,,,,,,,,,,34.15278,1.5289415,0.077723384,34.15278,1.5289415,27.841984,34.15278,1.5289415,0.0025907797,34.15278,1.5289415,1.0000001e-07,34.15278,1.5289415,7.0,,,,,,,
34.15278,1.468983,0.80755615,34.15278,1.468983,0.42637217,,,,,,,,,,,,,,,,,,,,,,,,,,,,,,,,,,,,,,,,,,,,,,,,,,,,,,,,,,,,,34.15278,1.468983,58.27289,34.15278,1.468983,2.5080538,,,,,,,,,,,,,,,,,34.15278,1.5589207,0.2185201,34.15278,1.5589207,0.008718049,,,,,,,,,,,,,,,,,,,,34.15278,1.5589207,0.07655078,34.15278,1.5589207,27.836824,34.15278,1.5589207,0.0025516928,34.15278,1.5589207,1.0000001e-07,34.15278,1.5589207,7.0,,,,,,,
34.15278,1.4989623,0.797516,34.15278,1.4989623,0.4242154,,,,,,,,,,,,,,,,,,,,,,,,,,,,,,,,,,,,,,,,,,,,,,,,,,,,,,,,,,,,,34.15278,1.4989623,56.777004,34.15278,1.4989623,2.21309,,,,,,,,,,,,,,,,,34.15278,1.5889001,0.2145523,34.15278,1.5889001,0.0062065423,,,,,,,,,,,,,,,,,,,,34.15278,1.5889001,0.075727135,34.15278,1.5889001,27.833199,34.15278,1.5889001,0.0025242376,34.15278,1.5889001,1.0000001e-07,34.15278,1.5889001,7.0,,,,,,,
34.15278,1.5289415,0.7853191,34.15278,1.5289415,0.42494425,,,,,,,,,,,,,,,,,,,,,,,,,,,,,,,,,,,,,,,,,,,,,,,,,,,,,,,,,,,,,34.15278,1.5289415,55.1181,34.15278,1.5289415,2.35155,,,,,,,,,,,,,,,,,34.15278,1.6188793,0.21746911,34.15278,1.6188793,0.0049721976,,,,,,,,,,,,,,,,,,,,34.15278,1.6188793,0.07791625,34.15278,1.6188793,27.84283,34.15278,1.6188793,0.0025972084,34.15278,1.6188793,1.0000001e-07,34.15278,1.6188793,7.0,,,,,,,
34.15278,1.5589207,0.7682284,34.15278,1.5589207,0.4253012,,,,,,,,,,,,,,,,,,,,,,,,,,,,,,,,,,,,,,,,,,,,,,,,,,,,,,,,,,,,,34.15278,1.5589207,52.71801,34.15278,1.5589207,2.4062047,,,,,,,,,,,,,,,,,34.15278,1.6488585,0.21428737,34.15278,1.6488585,0.0059777154,,,,,,,,,,,,,,,,,,,,34.15278,1.6488585,0.07661436,34.15278,1.6488585,27.837105,34.15278,1.6488585,0.0025538122,34.15278,1.6488585,1.0000001e-07,34.15278,1.6488585,7.0,,,,,,,
34.15278,1.5889,0.7487134,34.15278,1.5889,0.42051166,,,,,,,,,,,,,,,,,,,,,,,,,,,,,,,,,,,,,,,,,,,,,,,,,,,,,,,,,,,,,34.15278,1.5889,49.900482,34.15278,1.5889,1.7386411,,,,,,,,,,,,,,,,,34.15278,1.6788378,0.21189812,34.15278,1.6788378,0.008672314,,,,,,,,,,,,,,,,,,,,34.15278,1.6788378,0.0762572,34.15278,1.6788378,27.835533,34.15278,1.6788378,0.0025419071,34.15278,1.6788378,1.0000001e-07,34.15278,1.6788378,7.0,,,,,,,
34.15278,1.6188793,0.7395508,34.15278,1.6188793,0.41829538,,,,,,,,,,,,,,,,,,,,,,,,,,,,,,,,,,,,,,,,,,,,,,,,,,,,,,,,,,,,,34.15278,1.6188793,48.640095,34.15278,1.6188793,1.3910905,,,,,,,,,,,,,,,,,34.15278,1.708817,0.20959252,34.15278,1.708817,0.00822698,,,,,,,,,,,,,,,,,,,,34.15278,1.708817,0.07649183,34.15278,1.708817,27.836565,34.15278,1.708817,0.002549728,34.15278,1.708817,1.0000001e-07,34.15278,1.708817,7.0,,,,,,,
34.15278,1.6488585,0.72195446,34.15278,1.6488585,0.41932172,,,,,,,,,,,,,,,,,,,,,,,,,,,,,,,,,,,,,,,,,,,,,,,,,,,,,,,,,,,,,34.15278,1.6488585,46.143276,34.15278,1.6488585,1.5395639,,,,,,,,,,,,,,,,,34.15278,1.7387962,0.21235822,34.15278,1.7387962,0.0022216737,,,,,,,,,,,,,,,,,,,,34.15278,1.7387962,0.078834586,34.15278,1.7387962,27.846872,34.15278,1.7387962,0.0026278198,34.15278,1.7387962,1.0000001e-07,34.15278,1.7387962,7.0,,,,,,,
34.15278,1.6788378,0.7080916,34.15278,1.6788378,0.42295107,,,,,,,,,,,,,,,,,,,,,,,,,,,,,,,,,,,,,,,,,,,,,,,,,,,,,,,,,,,,,34.15278,1.6788378,44.155884,34.15278,1.6788378,2.071901,,,,,,,,,,,,,,,,,34.15278,1.7687756,0.19677663,34.15278,1.7687756,0.004962202,,,,,,,,,,,,,,,,,,,,34.15278,1.7687756,0.07193926,34.15278,1.7687756,27.816532,34.15278,1.7687756,0.0023979754,34.15278,1.7687756,1.0000001e-07,34.15278,1.7687756,7.0,,,,,,,
34.15278,1.708817,0.6961624,34.15278,1.708817,0.42190987,,,,,,,,,,,,,,,,,,,,,,,,,,,,,,,,,,,,,,,,,,,,,,,,,,,,,,,,,,,,,34.15278,1.708817,42.417244,34.15278,1.708817,1.8969798,,,,,,,,,,,,,,,,,34.15278,1.7987548,0.19370188,34.15278,1.7987548,0.004163898,,,,,,,,,,,,,,,,,,,,34.15278,1.7987548,0.070072286,34.15278,1.7987548,27.808317,34.15278,1.7987548,0.002335743,34.15278,1.7987548,1.0000001e-07,34.15278,1.7987548,7.0,,,,,,,
34.15278,1.7387962,0.686033,34.15278,1.7387962,0.41317865,,,,,,,,,,,,,,,,,,,,,,,,,,,,,,,,,,,,,,,,,,,,,,,,,,,,,,,,,,,,,34.15278,1.7387962,41.037766,34.15278,1.7387962,0.6751655,,,,,,,,,,,,,,,,,34.15278,1.828734,0.19112559,34.15278,1.828734,0.004636932,,,,,,,,,,,,,,,,,,,,34.15278,1.828734,0.06789445,34.15278,1.828734,27.798735,34.15278,1.828734,0.0022631485,34.15278,1.828734,1.0000001e-07,34.15278,1.828734,7.0,,,,,,,
34.15278,1.7687755,0.6604641,34.15278,1.7687755,0.41671872,,,,,,,,,,,,,,,,,,,,,,,,,,,,,,,,,,,,,,,,,,,,,,,,,,,,,,,,,,,,,34.15278,1.7687755,37.377064,34.15278,1.7687755,1.1797222,,,,,,,,,,,,,,,,,34.15278,1.8587133,0.19452675,34.15278,1.8587133,0.0068892003,,,,,,,,,,,,,,,,,,,,34.15278,1.8587133,0.071386784,34.15278,1.8587133,27.814102,34.15278,1.8587133,0.0023795597,34.15278,1.8587133,1.0000001e-07,34.15278,1.8587133,7.0,,,,,,,
34.15278,1.7987547,0.6510784,34.15278,1.7987547,0.4156924,,,,,,,,,,,,,,,,,,,,,,,,,,,,,,,,,,,,,,,,,,,,,,,,,,,,,,,,,,,,,34.15278,1.7987547,36.0584,34.15278,1.7987547,1.0510032,,,,,,,,,,,,,,,,,34.15278,1.8886925,0.19452289,34.15278,1.8886925,4.017177e-05,,,,,,,,,,,,,,,,,,,,34.15278,1.8886925,0.072251014,34.15278,1.8886925,27.817904,34.15278,1.8886925,0.002408367,34.15278,1.8886925,1.0000001e-07,34.15278,1.8886925,7.0,,,,,,,
34.15278,1.828734,0.63437456,34.15278,1.828734,0.41572216,,,,,,,,,,,,,,,,,,,,,,,,,,,,,,,,,,,,,,,,,,,,,,,,,,,,,,,,,,,,,34.15278,1.828734,33.7391,34.15278,1.828734,1.0506015,,,,,,,,,,,,,,,,,34.15278,1.9186717,0.18881403,34.15278,1.9186717,0.008622469,,,,,,,,,,,,,,,,,,,,34.15278,1.9186717,0.06989094,34.15278,1.9186717,27.80752,34.15278,1.9186717,0.002329698,34.15278,1.9186717,1.0000001e-07,34.15278,1.9186717,7.0,,,,,,,
34.15278,1.8587133,0.63491,34.15278,1.8587133,0.41836977,,,,,,,,,,,,,,,,,,,,,,,,,,,,,,,,,,,,,,,,,,,,,,,,,,,,,,,,,,,,,34.15278,1.8587133,33.744797,34.15278,1.8587133,1.4374648,,,,,,,,,,,,,,,,,34.15278,1.948651,0.1822673,34.15278,1.948651,0.008358844,,,,,,,,,,,,,,,,,,,,34.15278,1.948651,0.06617865,34.15278,1.948651,27.791185,34.15278,1.948651,0.002205955,34.15278,1.948651,1.0000001e-07,34.15278,1.948651,7.0,,,,,,,
34.15278,1.8886925,0.6261937,34.15278,1.8886925,0.4102038,,,,,,,,,,,,,,,,,,,,,,,,,,,,,,,,,,,,,,,,,,,,,,,,,,,,,,,,,,,,,34.15278,1.8886925,32.494766,34.15278,1.8886925,0.24311034,,,,,,,,,,,,,,,,,34.15278,1.9786303,0.17859353,34.15278,1.9786303,0.0040692757,,,,,,,,,,,,,,,,,,,,34.15278,1.9786303,0.06530988,34.15278,1.9786303,27.787365,34.15278,1.9786303,0.002176996,34.15278,1.9786303,1.0000001e-07,34.15278,1.9786303,7.0,,,,,,,
34.15278,1.9186717,0.6115871,34.15278,1.9186717,0.41975304,,,,,,,,,,,,,,,,,,,,,,,,,,,,,,,,,,,,,,,,,,,,,,,,,,,,,,,,,,,,,34.15278,1.9186717,30.44382,34.15278,1.9186717,1.5744084,,,,,,,,,,,,,,,,,34.15278,2.0086095,0.17584611,34.15278,2.0086095,0.0058778166,,,,,,,,,,,,,,,,,,,,34.15278,2.0086095,0.06541524,34.15278,2.0086095,27.787828,34.15278,2.0086095,0.002180508,34.15278,2.0086095,1.0000001e-07,34.15278,2.0086095,7.0,,,,,,,
34.15278,1.948651,0.59867615,34.15278,1.948651,0.41918787,,,,,,,,,,,,,,,,,,,,,,,,,,,,,,,,,,,,,,,,,,,,,,,,,,,,,,,,,,,,,34.15278,1.948651,28.639791,34.15278,1.948651,1.5303302,,,,,,,,,,,,,,,,,34.15278,2.0385888,0.1754487,34.15278,2.0385888,0.001478494,,,,,,,,,,,,,,,,,,,,34.15278,2.0385888,0.06528869,34.15278,2.0385888,27.787271,34.15278,2.0385888,0.00217629,34.15278,2.0385888,1.0000001e-07,34.15278,2.0385888,7.0,,,,,,,
34.15278,1.9786302,0.5894838,34.15278,1.9786302,0.41435373,,,,,,,,,,,,,,,,,,,,,,,,,,,,,,,,,,,,,,,,,,,,,,,,,,,,,,,,,,,,,34.15278,1.9786302,27.310434,34.15278,1.9786302,0.8483982,,,,,,,,,,,,,,,,,34.15278,2.068568,0.17973146,34.15278,2.068568,0.010209176,,,,,,,,,,,,,,,,,,,,34.15278,2.068568,0.066300735,34.15278,2.068568,27.791723,34.15278,2.068568,0.0022100243,34.15278,2.068568,1.0000001e-07,34.15278,2.068568,7.0,,,,,,,
34.15278,2.0086095,0.5813625,34.15278,2.0086095,0.41604936,,,,,,,,,,,,,,,,,,,,,,,,,,,,,,,,,,,,,,,,,,,,,,,,,,,,,,,,,,,,,34.15278,2.0086095,26.151543,34.15278,2.0086095,1.0855825,,,,,,,,,,,,,,,,,34.15278,2.0985472,0.17615113,34.15278,2.0985472,0.0048987167,,,,,,,,,,,,,,,,,,,,34.15278,2.0985472,0.06528904,34.15278,2.0985472,27.787273,34.15278,2.0985472,0.0021763013,34.15278,2.0985472,1.0000001e-07,34.15278,2.0985472,7.0,,,,,,,
34.15278,2.0385888,0.5753235,34.15278,2.0385888,0.41152757,,,,,,,,,,,,,,,,,,,,,,,,,,,,,,,,,,,,,,,,,,,,,,,,,,,,,,,,,,,,,34.15278,2.0385888,25.311384,34.15278,2.0385888,0.44284678,,,,,,,,,,,,,,,,,34.15278,2.1285264,0.17609,34.15278,2.1285264,0.0052471715,,,,,,,,,,,,,,,,,,,,34.15278,2.1285264,0.067332774,34.15278,2.1285264,27.796265,34.15278,2.1285264,0.002244426,34.15278,2.1285264,1.0000001e-07,34.15278,2.1285264,7.0,,,,,,,
34.15278,2.068568,0.5727205,34.15278,2.068568,0.41970846,,,,,,,,,,,,,,,,,,,,,,,,,,,,,,,,,,,,,,,,,,,,,,,,,,,,,,,,,,,,,34.15278,2.068568,24.978586,34.15278,2.068568,1.6283885,,,,,,,,,,,,,,,,,34.15278,2.1585057,0.16633147,34.15278,2.1585057,0.0056501585,,,,,,,,,,,,,,,,,,,,34.15278,2.1585057,0.062301595,34.15278,2.1585057,27.77413,34.15278,2.1585057,0.00207672,34.15278,2.1585057,1.0000001e-07,34.15278,2.1585057,7.0,,,,,,,
34.15278,2.0985472,0.5650453,34.15278,2.0985472,0.41453218,,,,,,,,,,,,,,,,,,,,,,,,,,,,,,,,,,,,,,,,,,,,,,,,,,,,,,,,,,,,,34.15278,2.0985472,23.892298,34.15278,2.0985472,0.83612883,,,,,,,,,,,,,,,,,34.15278,2.188485,0.16786318,34.15278,2.188485,0.0031019012,,,,,,,,,,,,,,,,,,,,34.15278,2.188485,0.06325152,34.15278,2.188485,27.778307,34.15278,2.188485,0.002108384,34.15278,2.188485,1.0000001e-07,34.15278,2.188485,7.0,,,,,,,
34.15278,2.1285264,0.55980957,34.15278,2.1285264,0.41465116,,,,,,,,,,,,,,,,,,,,,,,,,,,,,,,,,,,,,,,,,,,,,,,,,,,,,,,,,,,,,34.15278,2.1285264,23.101616,34.15278,2.1285264,0.87086415,,,,,,,,,,,,,,,,,34.15278,2.2184641,0.15495828,34.15278,2.2184641,0.0021654202,,,,,,,,,,,,,,,,,,,,34.15278,2.2184641,0.05634812,34.15278,2.2184641,27.747932,34.15278,2.2184641,0.0018782704,34.15278,2.2184641,1.0000001e-07,34.15278,2.2184641,7.0,,,,,,,
34.15278,2.1585057,0.54698795,34.15278,2.1585057,0.4149189,,,,,,,,,,,,,,,,,,,,,,,,,,,,,,,,,,,,,,,,,,,,,,,,,,,,,,,,,,,,,34.15278,2.1585057,21.289738,34.15278,2.1585057,0.92713845,,,,,,,,,,,,,,,,,34.15278,2.2484434,0.1420539,34.15278,2.2484434,0.001467391,,,,,,,,,,,,,,,,,,,,34.15278,2.2484434,0.04879556,34.15278,2.2484434,27.7147,34.15278,2.2484434,0.0016265186,34.15278,2.2484434,1.0000001e-07,34.15278,2.2484434,7.0,,,,,,,
34.15278,2.188485,0.54506916,34.15278,2.188485,0.41240516,,,,,,,,,,,,,,,,,,,,,,,,,,,,,,,,,,,,,,,,,,,,,,,,,,,,,,,,,,,,,34.15278,2.188485,21.05015,34.15278,2.188485,0.5620858,,,,,,,,,,,,,,,,,34.15278,2.2784226,0.12354309,34.15278,2.2784226,0.0008967701,,,,,,,,,,,,,,,,,,,,34.15278,2.2784226,0.03727272,34.15278,2.2784226,27.664,34.15278,2.2784226,0.001242424,34.15278,2.2784226,1.0000001e-07,34.15278,2.2784226,7.0,,,,,,,
34.15278,2.2184641,0.52922803,34.15278,2.2184641,0.41173583,,,,,,,,,,,,,,,,,,,,,,,,,,,,,,,,,,,,,,,,,,,,,,,,,,,,,,,,,,,,,34.15278,2.2184641,18.812416,34.15278,2.2184641,0.42751276,,,,,,,,,,,,,,,,,34.15278,2.308402,0.118340045,34.15278,2.308402,-0.0008944662,,,,,,,,,,,,,,,,,,,,34.15278,2.308402,0.0361489,34.15278,2.308402,27.659054,34.15278,2.308402,0.0012049633,34.15278,2.308402,1.0000001e-07,34.15278,2.308402,7.0,,,,,,,
34.15278,2.2484434,0.51570725,34.15278,2.2484434,0.41108134,,,,,,,,,,,,,,,,,,,,,,,,,,,,,,,,,,,,,,,,,,,,,,,,,,,,,,,,,,,,,34.15278,2.2484434,16.855362,34.15278,2.2484434,0.40897,,,,,,,,,,,,,,,,,34.15278,2.3383813,0.09715307,34.15278,2.3383813,0.006233808,,,,,,,,,,,,,,,,,,,,34.15278,2.3383813,0.02258864,34.15278,2.3383813,27.599388,34.15278,2.3383813,0.0007529547,34.15278,2.3383813,1.0000001e-07,34.15278,2.3383813,7.0,,,,,,,
34.15278,2.2784226,0.4984382,34.15278,2.2784226,0.41048637,,,,,,,,,,,,,,,,,,,,,,,,,,,,,,,,,,,,,,,,,,,,,,,,,,,,,,,,,,,,,34.15278,2.2784226,14.453173,34.15278,2.2784226,0.26793057,,,,,,,,,,,,,,,,,34.15278,2.3683605,0.08978639,34.15278,2.3683605,0.004638524,,,,,,,,,,,,,,,,,,,,34.15278,2.3683605,0.018230762,34.15278,2.3683605,27.580217,34.15278,2.3683605,0.00060769205,34.15278,2.3683605,1.0000001e-07,34.15278,2.3683605,7.0,,,,,,,
34.15278,2.3084018,0.49231,34.15278,2.3084018,0.40911797,,,,,,,,,,,,,,,,,,,,,,,,,,,,,,,,,,,,,,,,,,,,,,,,,,,,,,,,,,,,,34.15278,2.3084018,13.573053,34.15278,2.3084018,0.122720346,,,,,,,,,,,,,,,,,34.15278,2.3983397,0.095922194,34.15278,2.3983397,0.001947722,,,,,,,,,,,,,,,,,,,,34.15278,2.3983397,0.021430856,34.15278,2.3983397,27.594296,34.15278,2.3983397,0.00071436184,34.15278,2.3983397,1.0000001e-07,34.15278,2.3983397,7.0,,,,,,,
34.15278,2.338381,0.47258663,34.15278,2.338381,0.41444296,,,,,,,,,,,,,,,,,,,,,,,,,,,,,,,,,,,,,,,,,,,,,,,,,,,,,,,,,,,,,34.15278,2.338381,10.778898,34.15278,2.338381,0.843629,,,,,,,,,,,,,,,,,34.15278,2.428319,0.08101567,34.15278,2.428319,0.0041767815,,,,,,,,,,,,,,,,,,,,34.15278,2.428319,0.013785344,34.15278,2.428319,27.560656,34.15278,2.428319,0.0004595115,34.15278,2.428319,1.0000001e-07,34.15278,2.428319,7.0,,,,,,,
34.15278,2.3683605,0.46571466,34.15278,2.3683605,0.41317865,,,,,,,,,,,,,,,,,,,,,,,,,,,,,,,,,,,,,,,,,,,,,,,,,,,,,,,,,,,,,34.15278,2.3683605,9.814436,34.15278,2.3683605,0.6553094,,,,,,,,,,,,,,,,,34.15278,2.4582982,0.080850914,34.15278,2.4582982,0.0008441459,,,,,,,,,,,,,,,,,,,,34.15278,2.4582982,0.0138096735,34.15278,2.4582982,27.560762,34.15278,2.4582982,0.00046032248,34.15278,2.4582982,1.0000001e-07,34.15278,2.4582982,7.0,,,,,,,
34.15278,2.3983397,0.46894243,34.15278,2.3983397,0.4111111,,,,,,,,,,,,,,,,,,,,,,,,,,,,,,,,,,,,,,,,,,,,,,,,,,,,,,,,,,,,,34.15278,2.3983397,10.232818,34.15278,2.3983397,0.39885545,,,,,,,,,,,,,,,,,34.15278,2.4882774,0.066945426,34.15278,2.4882774,-0.0034156453,,,,,,,,,,,,,,,,,,,,34.15278,2.4882774,0.0052653835,34.15278,2.4882774,27.523167,34.15278,2.4882774,0.0001755128,34.15278,2.4882774,1.0000001e-07,34.15278,2.4882774,7.0,,,,,,,
34.15278,2.428319,0.45659673,34.15278,2.428319,0.41271755,,,,,,,,,,,,,,,,,,,,,,,,,,,,,,,,,,,,,,,,,,,,,,,,,,,,,,,,,,,,,34.15278,2.428319,8.535052,34.15278,2.428319,0.59974915,,,,,,,,,,,,,,,,,34.15278,2.5182567,0.06478586,34.15278,2.5182567,-0.00048729166,,,,,,,,,,,,,,,,,,,,34.15278,2.5182567,0.0046329955,34.15278,2.5182567,27.520384,34.15278,2.5182567,0.00015443318,34.15278,2.5182567,1.0000001e-07,34.15278,2.5182567,7.0,,,,,,,
34.15278,2.4582982,0.45308644,34.15278,2.4582982,0.41018888,,,,,,,,,,,,,,,,,,,,,,,,,,,,,,,,,,,,,,,,,,,,,,,,,,,,,,,,,,,,,34.15278,2.4582982,8.041578,34.15278,2.4582982,0.24083832,,,,,,,,,,,,,,,,,34.15278,2.548236,0.07099667,34.15278,2.548236,-0.0010227434,,,,,,,,,,,,,,,,,,,,34.15278,2.548236,0.009361619,34.15278,2.548236,27.541191,34.15278,2.548236,0.00031205398,34.15278,2.548236,1.0000001e-07,34.15278,2.548236,7.0,,,,,,,
34.15278,2.4882774,0.44300163,34.15278,2.4882774,0.40739256,,,,,,,,,,,,,,,,,,,,,,,,,,,,,,,,,,,,,,,,,,,,,,,,,,,,,,,,,,,,,34.15278,2.4882774,6.6008396,34.15278,2.4882774,-0.09408409,,,,,,,,,,,,,,,,,34.15278,2.5782151,0.066150084,34.15278,2.5782151,-0.0039243368,,,,,,,,,,,,,,,,,,,,34.15278,2.5782151,0.0069322963,34.15278,2.5782151,27.530504,34.15278,2.5782151,0.00023107656,34.15278,2.5782151,1.0000001e-07,34.15278,2.5782151,7.0,,,,,,,
34.15278,2.5182567,0.44097877,34.15278,2.5182567,0.40929648,,,,,,,,,,,,,,,,,,,,,,,,,,,,,,,,,,,,,,,,,,,,,,,,,,,,,,,,,,,,,34.15278,2.5182567,6.293337,34.15278,2.5182567,0.16643228,,,,,,,,,,,,,,,,,34.15278,2.6081944,0.06369537,34.15278,2.6081944,0.005138552,,,,,,,,,,,,,,,,,,,,34.15278,2.6081944,0.005039271,34.15278,2.6081944,27.522173,34.15278,2.6081944,0.00016797571,34.15278,2.6081944,1.0000001e-07,34.15278,2.6081944,7.0,,,,,,,
34.15278,2.548236,0.44445932,34.15278,2.548236,0.4088502,,,,,,,,,,,,,,,,,,,,,,,,,,,,,,,,,,,,,,,,,,,,,,,,,,,,,,,,,,,,,34.15278,2.548236,6.790706,34.15278,2.548236,0.040689986,,,,,,,,,,,,,,,,,34.15278,2.6381736,0.06856624,34.15278,2.6381736,0.00079691154,,,,,,,,,,,,,,,,,,,,34.15278,2.6381736,0.0070947823,34.15278,2.6381736,27.53122,34.15278,2.6381736,0.00023649276,34.15278,2.6381736,1.0000001e-07,34.15278,2.6381736,7.0,,,,,,,
34.15278,2.5782151,0.44036886,34.15278,2.5782151,0.40691656,,,,,,,,,,,,,,,,,,,,,,,,,,,,,,,,,,,,,,,,,,,,,,,,,,,,,,,,,,,,,34.15278,2.5782151,6.143408,34.15278,2.5782151,-0.21481942,,,,,,,,,,,,,,,,,34.15278,2.6681528,0.06606902,34.15278,2.6681528,0.004589127,,,,,,,,,,,,,,,,,,,,34.15278,2.6681528,0.0062393653,34.15278,2.6681528,27.52745,34.15278,2.6681528,0.00020797885,34.15278,2.6681528,1.0000001e-07,34.15278,2.6681528,7.0,,,,,,,
34.15278,2.6081944,0.4376766,34.15278,2.6081944,0.41289604,,,,,,,,,,,,,,,,,,,,,,,,,,,,,,,,,,,,,,,,,,,,,,,,,,,,,,,,,,,,,34.15278,2.6081944,5.8176236,34.15278,2.6081944,0.6658624,,,,,,,,,,,,,,,,,34.15278,2.698132,0.05973137,34.15278,2.698132,0.0034504205,,,,,,,,,,,,,,,,,,,,34.15278,2.698132,0.0018585244,34.15278,2.698132,27.508179,34.15278,2.698132,6.1950814e-05,34.15278,2.698132,1.0000001e-07,34.15278,2.698132,7.0,,,,,,,
34.15278,2.6381736,0.43900046,34.15278,2.6381736,0.41006994,,,,,,,,,,,,,,,,,,,,,,,,,,,,,,,,,,,,,,,,,,,,,,,,,,,,,,,,,,,,,34.15278,2.6381736,6.0130005,34.15278,2.6381736,0.23826616,,,,,,,,,,,,,,,,,34.15278,2.7281115,0.05922044,34.15278,2.7281115,-0.0036417039,,,,,,,,,,,,,,,,,,,,34.15278,2.7281115,0.0014875331,34.15278,2.7281115,27.506546,34.15278,2.7281115,4.958443e-05,34.15278,2.7281115,1.0000001e-07,34.15278,2.7281115,7.0,,,,,,,
34.15278,2.6681528,0.43727502,34.15278,2.6681528,0.41236055,,,,,,,,,,,,,,,,,,,,,,,,,,,,,,,,,,,,,,,,,,,,,,,,,,,,,,,,,,,,,34.15278,2.6681528,5.7588496,34.15278,2.6681528,0.5358228,,,,,,,,,,,,,,,,,34.15278,2.7580907,0.060622863,34.15278,2.7580907,-0.0019952783,,,,,,,,,,,,,,,,,,,,34.15278,2.7580907,0.0023262226,34.15278,2.7580907,27.510233,34.15278,2.7580907,7.754075e-05,34.15278,2.7580907,1.0000001e-07,34.15278,2.7580907,7.0,,,,,,,
34.15278,2.698132,0.43352666,34.15278,2.698132,0.4117061,,,,,,,,,,,,,,,,,,,,,,,,,,,,,,,,,,,,,,,,,,,,,,,,,,,,,,,,,,,,,34.15278,2.698132,5.231597,34.15278,2.698132,0.45016915,,,,,,,,,,,,,,,,,34.15278,2.78807,0.06475338,34.15278,2.78807,-0.00048368942,,,,,,,,,,,,,,,,,,,,34.15278,2.78807,0.0053570084,34.15278,2.78807,27.523571,34.15278,2.78807,0.00017856693,34.15278,2.78807,1.0000001e-07,34.15278,2.78807,7.0,,,,,,,
34.15278,2.7281113,0.43193516,34.15278,2.7281113,0.40752637,,,,,,,,,,,,,,,,,,,,,,,,,,,,,,,,,,,,,,,,,,,,,,,,,,,,,,,,,,,,,34.15278,2.7281113,4.9931507,34.15278,2.7281113,-0.13769072,,,,,,,,,,,,,,,,,34.15278,2.8180492,0.06606533,34.15278,2.8180492,-0.004897646,,,,,,,,,,,,,,,,,,,,34.15278,2.8180492,0.006147342,34.15278,2.8180492,27.527048,34.15278,2.8180492,0.00020491135,34.15278,2.8180492,1.0000001e-07,34.15278,2.8180492,7.0,,,,,,,
34.15278,2.7580905,0.43134016,34.15278,2.7580905,0.40847835,,,,,,,,,,,,,,,,,,,,,,,,,,,,,,,,,,,,,,,,,,,,,,,,,,,,,,,,,,,,,34.15278,2.7580905,4.9229875,34.15278,2.7580905,0.0041291844,,,,,,,,,,,,,,,,,34.15278,2.8480284,0.06845913,34.15278,2.8480284,-0.0014044067,,,,,,,,,,,,,,,,,,,,34.15278,2.8480284,0.0065780752,34.15278,2.8480284,27.528944,34.15278,2.8480284,0.00021926919,34.15278,2.8480284,1.0000001e-07,34.15278,2.8480284,7.0,,,,,,,
34.15278,2.78807,0.4328276,34.15278,2.78807,0.4092667,,,,,,,,,,,,,,,,,,,,,,,,,,,,,,,,,,,,,,,,,,,,,,,,,,,,,,,,,,,,,34.15278,2.78807,5.1522346,34.15278,2.78807,0.09577263,,,,,,,,,,,,,,,,,34.15278,2.8780077,0.061378736,34.15278,2.8780077,0.0002320355,,,,,,,,,,,,,,,,,,,,34.15278,2.8780077,0.004304899,34.15278,2.8780077,27.518942,34.15278,2.8780077,0.00014349664,34.15278,2.8780077,1.0000001e-07,34.15278,2.8780077,7.0,,,,,,,
34.15278,2.8180492,0.4323814,34.15278,2.8180492,0.40693143,,,,,,,,,,,,,,,,,,,,,,,,,,,,,,,,,,,,,,,,,,,,,,,,,,,,,,,,,,,,,34.15278,2.8180492,5.1062436,34.15278,2.8180492,-0.21346596,,,,,,,,,,,,,,,,,34.15278,2.9079869,0.056412593,34.15278,2.9079869,0.0017810869,,,,,,,,,,,,,,,,,,,,34.15278,2.9079869,0.0025629378,34.15278,2.9079869,27.511276,34.15278,2.9079869,8.543127e-05,34.15278,2.9079869,1.0000001e-07,34.15278,2.9079869,7.0,,,,,,,
34.15278,2.8480284,0.43333334,34.15278,2.8480284,0.40864193,,,,,,,,,,,,,,,,,,,,,,,,,,,,,,,,,,,,,,,,,,,,,,,,,,,,,,,,,,,,,34.15278,2.8480284,5.2415843,34.15278,2.8480284,0.018221209,,,,,,,,,,,,,,,,,34.15278,2.937966,0.06384037,34.15278,2.937966,-0.00042562306,,,,,,,,,,,,,,,,,,,,34.15278,2.937966,0.0085388245,34.15278,2.937966,27.53757,34.15278,2.937966,0.00028462743,34.15278,2.937966,1.0000001e-07,34.15278,2.937966,7.0,,,,,,,
34.15278,2.8780077,0.42959988,34.15278,2.8780077,0.40946007,,,,,,,,,,,,,,,,,,,,,,,,,,,,,,,,,,,,,,,,,,,,,,,,,,,,,,,,,,,,,34.15278,2.8780077,4.6708956,34.15278,2.8780077,0.15211435,,,,,,,,,,,,,,,,,34.15278,2.9679453,0.060901575,34.15278,2.9679453,-0.003569298,,,,,,,,,,,,,,,,,,,,34.15278,2.9679453,0.0060399366,34.15278,2.9679453,27.526575,34.15278,2.9679453,0.00020133122,34.15278,2.9679453,1.0000001e-07,34.15278,2.9679453,7.0,,,,,,,
34.15278,2.9079869,0.42634237,34.15278,2.9079869,0.41041204,,,,,,,,,,,,,,,,,,,,,,,,,,,,,,,,,,,,,,,,,,,,,,,,,,,,,,,,,,,,,34.15278,2.9079869,4.178915,34.15278,2.9079869,0.2713701,,,,,,,,,,,,,,,,,34.15278,2.9979246,0.058201056,34.15278,2.9979246,0.00015767374,,,,,,,,,,,,,,,,,,,,34.15278,2.9979246,0.0028851973,34.15278,2.9979246,27.512697,34.15278,2.9979246,9.617323e-05,34.15278,2.9979246,1.0000001e-07,34.15278,2.9979246,7.0,,,,,,,
34.15278,2.937966,0.42875206,34.15278,2.937966,0.40928158,,,,,,,,,,,,,,,,,,,,,,,,,,,,,,,,,,,,,,,,,,,,,,,,,,,,,,,,,,,,,34.15278,2.937966,4.536993,34.15278,2.937966,0.16200331,,,,,,,,,,,,,,,,,34.15278,3.0279038,0.064702846,34.15278,3.0279038,0.0035473646,,,,,,,,,,,,,,,,,,,,34.15278,3.0279038,0.007481229,34.15278,3.0279038,27.532919,34.15278,3.0279038,0.0002493743,34.15278,3.0279038,1.0000001e-07,34.15278,3.0279038,7.0,,,,,,,
34.15278,2.9679453,0.4267589,34.15278,2.9679453,0.40771976,,,,,,,,,,,,,,,,,,,,,,,,,,,,,,,,,,,,,,,,,,,,,,,,,,,,,,,,,,,,,34.15278,2.9679453,4.252058,34.15278,2.9679453,-0.06465814,,,,,,,,,,,,,,,,,34.15278,3.057883,0.052377,34.15278,3.057883,0.0020775695,,,,,,,,,,,,,,,,,,,,34.15278,3.057883,-0.00038092097,34.15278,3.057883,27.498322,34.15278,3.057883,-1.2697351e-05,34.15278,3.057883,1.0000001e-07,34.15278,3.057883,7.0,,,,,,,
34.15278,2.9979246,0.4247806,34.15278,2.9979246,0.40944517,,,,,,,,,,,,,,,,,,,,,,,,,,,,,,,,,,,,,,,,,,,,,,,,,,,,,,,,,,,,,34.15278,2.9979246,3.9972093,34.15278,2.9979246,0.1504852,,,,,,,,,,,,,,,,,34.15278,3.0878623,0.055256724,34.15278,3.0878623,-0.004038943,,,,,,,,,,,,,,,,,,,,34.15278,3.0878623,0.0030918294,34.15278,3.0878623,27.513603,34.15278,3.0878623,0.000103060964,34.15278,3.0878623,1.0000001e-07,34.15278,3.0878623,7.0,,,,,,,
34.15278,3.0279038,0.42806783,34.15278,3.0279038,0.41111112,,,,,,,,,,,,,,,,,,,,,,,,,,,,,,,,,,,,,,,,,,,,,,,,,,,,,,,,,,,,,34.15278,3.0279038,4.4679317,34.15278,3.0279038,0.38411903,,,,,,,,,,,,,,,,,34.15278,3.1178415,0.054734945,34.15278,3.1178415,0.00054648356,,,,,,,,,,,,,,,,,,,,34.15278,3.1178415,0.0028079674,34.15278,3.1178415,27.512356,34.15278,3.1178415,9.359894e-05,34.15278,3.1178415,1.0000001e-07,34.15278,3.1178415,7.0,,,,,,,
34.15278,3.057883,0.42127028,34.15278,3.057883,0.410412,,,,,,,,,,,,,,,,,,,,,,,,,,,,,,,,,,,,,,,,,,,,,,,,,,,,,,,,,,,,,34.15278,3.057883,3.4914665,34.15278,3.057883,0.26523125,,,,,,,,,,,,,,,,,34.15278,3.147821,0.05681852,34.15278,3.147821,-0.0043195356,,,,,,,,,,,,,,,,,,,,34.15278,3.147821,0.00380838,34.15278,3.147821,27.516754,34.15278,3.147821,0.00012694602,34.15278,3.147821,1.0000001e-07,34.15278,3.147821,7.0,,,,,,,
34.15278,3.0878623,0.4218206,34.15278,3.0878623,0.40766028,,,,,,,,,,,,,,,,,,,,,,,,,,,,,,,,,,,,,,,,,,,,,,,,,,,,,,,,,,,,,34.15278,3.0878623,3.5729387,34.15278,3.0878623,-0.098599814,,,,,,,,,,,,,,,,,34.15278,3.1778002,0.053064317,34.15278,3.1778002,0.0030643393,,,,,,,,,,,,,,,,,,,,34.15278,3.1778002,0.0037209706,34.15278,3.1778002,27.51637,34.15278,3.1778002,0.00012403235,34.15278,3.1778002,1.0000001e-07,34.15278,3.1778002,7.0,,,,,,,
34.15278,3.1178415,0.4214934,34.15278,3.1178415,0.40962368,,,,,,,,,,,,,,,,,,,,,,,,,,,,,,,,,,,,,,,,,,,,,,,,,,,,,,,,,,,,,34.15278,3.1178415,3.5177171,34.15278,3.1178415,0.16183041,,,,,,,,,,,,,,,,,34.15278,3.2077794,0.053911015,34.15278,3.2077794,-0.0029564206,,,,,,,,,,,,,,,,,,,,34.15278,3.2077794,0.00024294952,34.15278,3.2077794,27.501068,34.15278,3.2077794,8.098318e-06,34.15278,3.2077794,1.0000001e-07,34.15278,3.2077794,7.0,,,,,,,
34.15278,3.1478207,0.42158264,34.15278,3.1478207,0.40754125,,,,,,,,,,,,,,,,,,,,,,,,,,,,,,,,,,,,,,,,,,,,,,,,,,,,,,,,,,,,,34.15278,3.1478207,3.5216367,34.15278,3.1478207,-0.13821113,,,,,,,,,,,,,,,,,34.15278,3.2377586,0.05902114,34.15278,3.2377586,0.0036079288,,,,,,,,,,,,,,,,,,,,34.15278,3.2377586,0.004193861,34.15278,3.2377586,27.518454,34.15278,3.2377586,0.00013979537,34.15278,3.2377586,1.0000001e-07,34.15278,3.2377586,7.0,,,,,,,
34.15278,3.1778,0.41997617,34.15278,3.1778,0.41056073,,,,,,,,,,,,,,,,,,,,,,,,,,,,,,,,,,,,,,,,,,,,,,,,,,,,,,,,,,,,,34.15278,3.1778,3.2385645,34.15278,3.1778,0.29242402,,,,,,,,,,,,,,,,,34.15278,3.2677379,0.057147212,34.15278,3.2677379,0.004440237,,,,,,,,,,,,,,,,,,,,34.15278,3.2677379,0.0032265096,34.15278,3.2677379,27.514196,34.15278,3.2677379,0.000107550324,34.15278,3.2677379,1.0000001e-07,34.15278,3.2677379,7.0,,,,,,,
34.15278,3.2077794,0.42036295,34.15278,3.2077794,0.40806186,,,,,,,,,,,,,,,,,,,,,,,,,,,,,,,,,,,,,,,,,,,,,,,,,,,,,,,,,,,,,34.15278,3.2077794,3.3574865,34.15278,3.2077794,-0.05289397,,,,,,,,,,,,,,,,,34.15278,3.297717,0.058989644,34.15278,3.297717,0.008247719,,,,,,,,,,,,,,,,,,,,34.15278,3.297717,0.003430142,34.15278,3.297717,27.515095,34.15278,3.297717,0.00011433804,34.15278,3.297717,1.0000001e-07,34.15278,3.297717,7.0,,,,,,,
34.15278,3.2377586,0.42146367,34.15278,3.2377586,0.41091773,,,,,,,,,,,,,,,,,,,,,,,,,,,,,,,,,,,,,,,,,,,,,,,,,,,,,,,,,,,,,34.15278,3.2377586,3.570989,34.15278,3.2377586,0.3886616,,,,,,,,,,,,,,,,,34.15278,3.3276963,0.057207033,34.15278,3.3276963,0.00916474,,,,,,,,,,,,,,,,,,,,34.15278,3.3276963,0.00061811344,34.15278,3.3276963,27.502722,34.15278,3.3276963,2.060378e-05,34.15278,3.3276963,1.0000001e-07,34.15278,3.3276963,7.0,,,,,,,
34.15278,3.2677379,0.42025882,34.15278,3.2677379,0.41112602,,,,,,,,,,,,,,,,,,,,,,,,,,,,,,,,,,,,,,,,,,,,,,,,,,,,,,,,,,,,,34.15278,3.2677379,3.3399467,34.15278,3.2677379,0.3607529,,,,,,,,,,,,,,,,,34.15278,3.3576756,0.05932598,34.15278,3.3576756,0.0003644615,,,,,,,,,,,,,,,,,,,,34.15278,3.3576756,0.007535463,34.15278,3.3576756,27.533154,34.15278,3.3576756,0.00025118215,34.15278,3.3576756,1.0000001e-07,34.15278,3.3576756,7.0,,,,,,,
34.15278,3.297717,0.42079425,34.15278,3.297717,0.4126134,,,,,,,,,,,,,,,,,,,,,,,,,,,,,,,,,,,,,,,,,,,,,,,,,,,,,,,,,,,,,34.15278,3.297717,3.454843,34.15278,3.297717,0.6124656,,,,,,,,,,,,,,,,,34.15278,3.3876548,0.04523174,34.15278,3.3876548,0.016200788,,,,,,,,,,,,,,,,,,,,34.15278,3.3876548,-0.0036558227,34.15278,3.3876548,27.483915,34.15278,3.3876548,-0.00012186075,34.15278,3.3876548,1.0000001e-07,34.15278,3.3876548,7.0,,,,,,,
34.15278,3.3276963,0.41988695,34.15278,3.3276963,0.4129109,,,,,,,,,,,,,,,,,,,,,,,,,,,,,,,,,,,,,,,,,,,,,,,,,,,,,,,,,,,,,34.15278,3.3276963,3.3330977,34.15278,3.3276963,0.6199416,,,,,,,,,,,,,,,,,34.15278,3.417634,0.05209593,34.15278,3.417634,0.004246142,,,,,,,,,,,,,,,,,,,,34.15278,3.417634,0.0021475754,34.15278,3.417634,27.509449,34.15278,3.417634,7.158586e-05,34.15278,3.417634,1.0000001e-07,34.15278,3.417634,7.0,,,,,,,
34.15278,3.3576756,0.42037785,34.15278,3.3576756,0.40946007,,,,,,,,,,,,,,,,,,,,,,,,,,,,,,,,,,,,,,,,,,,,,,,,,,,,,,,,,,,,,34.15278,3.3576756,3.3661337,34.15278,3.3576756,0.12677737,,,,,,,,,,,,,,,,,34.15278,3.4476132,0.057998523,34.15278,3.4476132,-0.006280297,,,,,,,,,,,,,,,,,,,,34.15278,3.4476132,0.0056236577,34.15278,3.4476132,27.524744,34.15278,3.4476132,0.00018745523,34.15278,3.4476132,1.0000001e-07,34.15278,3.4476132,7.0,,,,,,,
34.15278,3.3876548,0.41408598,34.15278,3.3876548,0.41526106,,,,,,,,,,,,,,,,,,,,,,,,,,,,,,,,,,,,,,,,,,,,,,,,,,,,,,,,,,,,,34.15278,3.3876548,2.462531,34.15278,3.3876548,0.97455204,,,,,,,,,,,,,,,,,34.15278,3.4775925,0.06599851,34.15278,3.4775925,-0.009052484,,,,,,,,,,,,,,,,,,,,34.15278,3.4775925,0.008238573,34.15278,3.4775925,27.536247,34.15278,3.4775925,0.00027461906,34.15278,3.4775925,1.0000001e-07,34.15278,3.4775925,7.0,,,,,,,
34.15278,3.417634,0.41646588,34.15278,3.417634,0.410888,,,,,,,,,,,,,,,,,,,,,,,,,,,,,,,,,,,,,,,,,,,,,,,,,,,,,,,,,,,,,34.15278,3.417634,2.8274612,34.15278,3.417634,0.35892072,,,,,,,,,,,,,,,,,34.15278,3.5075717,0.06060011,34.15278,3.5075717,-5.89992e-05,,,,,,,,,,,,,,,,,,,,34.15278,3.5075717,0.0051148105,34.15278,3.5075717,27.522505,34.15278,3.5075717,0.00017049367,34.15278,3.5075717,1.0000001e-07,34.15278,3.5075717,7.0,,,,,,,
34.15278,3.4476132,0.41890523,34.15278,3.4476132,0.4069463,,,,,,,,,,,,,,,,,,,,,,,,,,,,,,,,,,,,,,,,,,,,,,,,,,,,,,,,,,,,,34.15278,3.4476132,3.1814978,34.15278,3.4476132,-0.19130713,,,,,,,,,,,,,,,,,34.15278,3.5375512,0.056135315,34.15278,3.5375512,0.0147962235,,,,,,,,,,,,,,,,,,,,34.15278,3.5375512,0.006560075,34.15278,3.5375512,27.528866,34.15278,3.5375512,0.00021866916,34.15278,3.5375512,1.0000001e-07,34.15278,3.5375512,7.0,,,,,,,
34.15278,3.4775925,0.42066044,34.15278,3.4775925,0.40623233,,,,,,,,,,,,,,,,,,,,,,,,,,,,,,,,,,,,,,,,,,,,,,,,,,,,,,,,,,,,,34.15278,3.4775925,3.4541798,34.15278,3.4775925,-0.31604373,,,,,,,,,,,,,,,,,34.15278,3.5675304,0.061031476,34.15278,3.5675304,-0.009300409,,,,,,,,,,,,,,,,,,,,34.15278,3.5675304,0.003937481,34.15278,3.5675304,27.517326,34.15278,3.5675304,0.00013124937,34.15278,3.5675304,1.0000001e-07,34.15278,3.5675304,7.0,,,,,,,
34.15278,3.5075717,0.41831028,34.15278,3.5075717,0.4092518,,,,,,,,,,,,,,,,,,,,,,,,,,,,,,,,,,,,,,,,,,,,,,,,,,,,,,,,,,,,,34.15278,3.5075717,3.1008263,34.15278,3.5075717,0.14850323,,,,,,,,,,,,,,,,,34.15278,3.5975096,0.06287234,34.15278,3.5975096,-0.0011858606,,,,,,,,,,,,,,,,,,,,34.15278,3.5975096,0.008308547,34.15278,3.5975096,27.536556,34.15278,3.5975096,0.00027695153,34.15278,3.5975096,1.0000001e-07,34.15278,3.5975096,7.0,,,,,,,
34.15278,3.537551,0.4167782,34.15278,3.537551,0.41429418,,,,,,,,,,,,,,,,,,,,,,,,,,,,,,,,,,,,,,,,,,,,,,,,,,,,,,,,,,,,,34.15278,3.537551,2.840217,34.15278,3.537551,0.8099539,,,,,,,,,,,,,,,,,34.15278,3.6274889,0.057880297,34.15278,3.6274889,-0.0020360658,,,,,,,,,,,,,,,,,,,,34.15278,3.6274889,0.0055798325,34.15278,3.6274889,27.524551,34.15278,3.6274889,0.00018599443,34.15278,3.6274889,1.0000001e-07,34.15278,3.6274889,7.0,,,,,,,
34.15278,3.5675302,0.41807228,34.15278,3.5675302,0.4060241,,,,,,,,,,,,,,,,,,,,,,,,,,,,,,,,,,,,,,,,,,,,,,,,,,,,,,,,,,,,,34.15278,3.5675302,3.0456145,34.15278,3.5675302,-0.3513716,,,,,,,,,,,,,,,,,34.15278,3.657468,0.06693897,34.15278,3.657468,0.0056587127,,,,,,,,,,,,,,,,,,,,34.15278,3.657468,0.015267829,34.15278,3.657468,27.567179,34.15278,3.657468,0.00050892757,34.15278,3.657468,1.0000001e-07,34.15278,3.657468,7.0,,,,,,,
34.15278,3.5975094,0.41834003,34.15278,3.5975094,0.40885022,,,,,,,,,,,,,,,,,,,,,,,,,,,,,,,,,,,,,,,,,,,,,,,,,,,,,,,,,,,,,34.15278,3.5975094,3.0871952,34.15278,3.5975094,0.035202846,,,,,,,,,,,,,,,,,34.15278,3.6874473,0.058651917,34.15278,3.6874473,0.0073072184,,,,,,,,,,,,,,,,,,,,34.15278,3.6874473,0.0051933355,34.15278,3.6874473,27.52285,34.15278,3.6874473,0.00017311117,34.15278,3.6874473,1.0000001e-07,34.15278,3.6874473,7.0,,,,,,,
34.15278,3.6274889,0.4165402,34.15278,3.6274889,0.40849325,,,,,,,,,,,,,,,,,,,,,,,,,,,,,,,,,,,,,,,,,,,,,,,,,,,,,,,,,,,,,34.15278,3.6274889,2.8199728,34.15278,3.6274889,0.020976536,,,,,,,,,,,,,,,,,34.15278,3.7174265,0.044271577,34.15278,3.7174265,0.013466948,,,,,,,,,,,,,,,,,,,,34.15278,3.7174265,-0.0039791297,34.15278,3.7174265,27.48249,34.15278,3.7174265,-0.00013263767,34.15278,3.7174265,1.0000001e-07,34.15278,3.7174265,7.0,,,,,,,
34.15278,3.657468,0.4179533,34.15278,3.657468,0.41099215,,,,,,,,,,,,,,,,,,,,,,,,,,,,,,,,,,,,,,,,,,,,,,,,,,,,,,,,,,,,,34.15278,3.657468,3.0320792,34.15278,3.657468,0.3613497,,,,,,,,,,,,,,,,,34.15278,3.7474058,0.05221527,34.15278,3.7474058,-0.0023188158,,,,,,,,,,,,,,,,,,,,34.15278,3.7474058,-0.001887063,34.15278,3.7474058,27.491697,34.15278,3.7474058,-6.2902094e-05,34.15278,3.7474058,1.0000001e-07,34.15278,3.7474058,7.0,,,,,,,
34.15278,3.6874473,0.41543955,34.15278,3.6874473,0.4115871,,,,,,,,,,,,,,,,,,,,,,,,,,,,,,,,,,,,,,,,,,,,,,,,,,,,,,,,,,,,,34.15278,3.6874473,2.7074919,34.15278,3.6874473,0.4499535,,,,,,,,,,,,,,,,,34.15278,3.777385,0.048668727,34.15278,3.777385,0.019838087,,,,,,,,,,,,,,,,,,,,34.15278,3.777385,-0.0038597574,34.15278,3.777385,27.483017,34.15278,3.777385,-0.00012865859,34.15278,3.777385,1.0000001e-07,34.15278,3.777385,7.0,,,,,,,
34.15278,3.7174265,0.41157225,34.15278,3.7174265,0.4133869,,,,,,,,,,,,,,,,,,,,,,,,,,,,,,,,,,,,,,,,,,,,,,,,,,,,,,,,,,,,,34.15278,3.7174265,2.1200624,34.15278,3.7174265,0.69907904,,,,,,,,,,,,,,,,,34.15278,3.8073642,0.052677847,34.15278,3.8073642,-0.008646206,,,,,,,,,,,,,,,,,,,,34.15278,3.8073642,0.0019959253,34.15278,3.8073642,27.508781,34.15278,3.8073642,6.6530854e-05,34.15278,3.8073642,1.0000001e-07,34.15278,3.8073642,7.0,,,,,,,
34.15278,3.7474058,0.41358024,34.15278,3.7474058,0.4084189,,,,,,,,,,,,,,,,,,,,,,,,,,,,,,,,,,,,,,,,,,,,,,,,,,,,,,,,,,,,,34.15278,3.7474058,2.4271789,34.15278,3.7474058,0.033890113,,,,,,,,,,,,,,,,,34.15278,3.8373435,0.054189034,34.15278,3.8373435,0.00029501817,,,,,,,,,,,,,,,,,,,,34.15278,3.8373435,0.0055256984,34.15278,3.8373435,27.524315,34.15278,3.8373435,0.00018418994,34.15278,3.8373435,1.0000001e-07,34.15278,3.8373435,7.0,,,,,,,
34.15278,3.777385,0.41181022,34.15278,3.777385,0.4150528,,,,,,,,,,,,,,,,,,,,,,,,,,,,,,,,,,,,,,,,,,,,,,,,,,,,,,,,,,,,,34.15278,3.777385,2.2012048,34.15278,3.777385,0.8949322,,,,,,,,,,,,,,,,,34.15278,3.8673227,0.055730052,34.15278,3.8673227,0.0016183417,,,,,,,,,,,,,,,,,,,,34.15278,3.8673227,0.0040675467,34.15278,3.8673227,27.517897,34.15278,3.8673227,0.0001355849,34.15278,3.8673227,1.0000001e-07,34.15278,3.8673227,7.0,,,,,,,
34.15278,3.8073642,0.41319352,34.15278,3.8073642,0.4066191,,,,,,,,,,,,,,,,,,,,,,,,,,,,,,,,,,,,,,,,,,,,,,,,,,,,,,,,,,,,,34.15278,3.8073642,2.3695521,34.15278,3.8073642,-0.26952523,,,,,,,,,,,,,,,,,34.15278,3.897302,0.055640716,34.15278,3.897302,0.0030346056,,,,,,,,,,,,,,,,,,,,34.15278,3.897302,0.0039453846,34.15278,3.897302,27.517359,34.15278,3.897302,0.00013151282,34.15278,3.897302,1.0000001e-07,34.15278,3.897302,7.0,,,,,,,
34.15278,3.8373435,0.4127919,34.15278,3.8373435,0.40919232,,,,,,,,,,,,,,,,,,,,,,,,,,,,,,,,,,,,,,,,,,,,,,,,,,,,,,,,,,,,,34.15278,3.8373435,2.2990103,34.15278,3.8373435,0.1443251,,,,,,,,,,,,,,,,,34.15278,3.9272811,0.040403794,34.15278,3.9272811,-0.018235944,,,,,,,,,,,,,,,,,,,,34.15278,3.9272811,-0.007808932,34.15278,3.9272811,27.465641,34.15278,3.9272811,-0.0002602977,34.15278,3.9272811,1.0000001e-07,34.15278,3.9272811,7.0,,,,,,,
34.15278,3.8673227,0.41343153,34.15278,3.8673227,0.40956417,,,,,,,,,,,,,,,,,,,,,,,,,,,,,,,,,,,,,,,,,,,,,,,,,,,,,,,,,,,,,34.15278,3.8673227,2.390903,34.15278,3.8673227,0.12669127,,,,,,,,,,,,,,,,,34.15278,3.9572606,0.04738245,34.15278,3.9572606,-0.011869118,,,,,,,,,,,,,,,,,,,,34.15278,3.9572606,0.0012369166,34.15278,3.9572606,27.505442,34.15278,3.9572606,4.123055e-05,34.15278,3.9572606,1.0000001e-07,34.15278,3.9572606,7.0,,,,,,,
34.15278,3.897302,0.41237542,34.15278,3.897302,0.40993607,,,,,,,,,,,,,,,,,,,,,,,,,,,,,,,,,,,,,,,,,,,,,,,,,,,,,,,,,,,,,34.15278,3.897302,2.2178814,34.15278,3.897302,0.22720586,,,,,,,,,,,,,,,,,34.15278,3.9872398,0.051948663,34.15278,3.9872398,-0.006192872,,,,,,,,,,,,,,,,,,,,34.15278,3.9872398,0.008334899,34.15278,3.9872398,27.536674,34.15278,3.9872398,0.00027783,34.15278,3.9872398,1.0000001e-07,34.15278,3.9872398,7.0,,,,,,,
34.15278,3.9272811,0.40825522,34.15278,3.9272811,0.4042838,,,,,,,,,,,,,,,,,,,,,,,,,,,,,,,,,,,,,,,,,,,,,,,,,,,,,,,,,,,,,34.15278,3.9272811,1.6788619,34.15278,3.9272811,-0.56908625,,,,,,,,,,,,,,,,,34.15278,4.017219,0.0626869,34.15278,4.017219,0.023269445,,,,,,,,,,,,,,,,,,,,34.15278,4.017219,0.011691718,34.15278,4.017219,27.551445,34.15278,4.017219,0.000389724,34.15278,4.017219,1.0000001e-07,34.15278,4.017219,7.0,,,,,,,
34.15278,3.9572604,0.4102335,34.15278,3.9572604,0.40586045,,,,,,,,,,,,,,,,,,,,,,,,,,,,,,,,,,,,,,,,,,,,,,,,,,,,,,,,,,,,,34.15278,3.9572604,1.9712279,34.15278,3.9572604,-0.35591587,,,,,,,,,,,,,,,,,34.15278,4.0471983,0.068953544,34.15278,4.0471983,-0.004360383,,,,,,,,,,,,,,,,,,,,34.15278,4.0471983,0.0168482,34.15278,4.0471983,27.574131,34.15278,4.0471983,0.0005616066,34.15278,4.0471983,1.0000001e-07,34.15278,4.0471983,7.0,,,,,,,
34.15278,3.9872396,0.41114086,34.15278,3.9872396,0.40743712,,,,,,,,,,,,,,,,,,,,,,,,,,,,,,,,,,,,,,,,,,,,,,,,,,,,,,,,,,,,,34.15278,3.9872396,2.03896,34.15278,3.9872396,-0.12903078,,,,,,,,,,,,,,,,,34.15278,4.0771775,0.06454186,34.15278,4.0771775,-0.004348097,,,,,,,,,,,,,,,,,,,,34.15278,4.0771775,0.0118716145,34.15278,4.0771775,27.552233,34.15278,4.0771775,0.00039572048,34.15278,4.0771775,1.0000001e-07,34.15278,4.0771775,7.0,,,,,,,
34.15278,4.017219,0.41445786,34.15278,4.017219,0.41543955,,,,,,,,,,,,,,,,,,,,,,,,,,,,,,,,,,,,,,,,,,,,,,,,,,,,,,,,,,,,,34.15278,4.017219,2.546523,34.15278,4.017219,1.029304,,,,,,,,,,,,,,,,,34.15278,4.1071568,0.058573272,34.15278,4.1071568,0.0037871301,,,,,,,,,,,,,,,,,,,,34.15278,4.1071568,0.010956202,34.15278,4.1071568,27.548208,34.15278,4.1071568,0.00036520668,34.15278,4.1071568,1.0000001e-07,34.15278,4.1071568,7.0,,,,,,,
34.15278,4.0471983,0.4150082,34.15278,4.0471983,0.40818086,,,,,,,,,,,,,,,,,,,,,,,,,,,,,,,,,,,,,,,,,,,,,,,,,,,,,,,,,,,,,34.15278,4.0471983,2.574485,34.15278,4.0471983,-0.06061689,,,,,,,,,,,,,,,,,34.15278,4.137136,0.06492671,34.15278,4.137136,0.008795258,,,,,,,,,,,,,,,,,,,,34.15278,4.137136,0.007738935,34.15278,4.137136,27.534054,34.15278,4.137136,0.0002579645,34.15278,4.137136,1.0000001e-07,34.15278,4.137136,7.0,,,,,,,
34.15278,4.0771775,0.41377363,34.15278,4.0771775,0.40807673,,,,,,,,,,,,,,,,,,,,,,,,,,,,,,,,,,,,,,,,,,,,,,,,,,,,,,,,,,,,,34.15278,4.0771775,2.479053,34.15278,4.0771775,-0.06352936,,,,,,,,,,,,,,,,,34.15278,4.167115,0.04506068,34.15278,4.167115,0.0019425882,,,,,,,,,,,,,,,,,,,,34.15278,4.167115,0.004331013,34.15278,4.167115,27.519054,34.15278,4.167115,0.00014436708,34.15278,4.167115,1.0000001e-07,34.15278,4.167115,7.0,,,,,,,
34.15278,4.1071568,0.41201848,34.15278,4.1071568,0.41005504,,,,,,,,,,,,,,,,,,,,,,,,,,,,,,,,,,,,,,,,,,,,,,,,,,,,,,,,,,,,,34.15278,4.1071568,2.1974854,34.15278,4.1071568,0.22080415,,,,,,,,,,,,,,,,,34.15278,4.1970944,0.05798753,34.15278,4.1970944,0.0062312726,,,,,,,,,,,,,,,,,,,,34.15278,4.1970944,0.00447155,34.15278,4.1970944,27.519676,34.15278,4.1970944,0.00014905167,34.15278,4.1970944,1.0000001e-07,34.15278,4.1970944,7.0,,,,,,,
34.15278,4.137136,0.4133125,34.15278,4.137136,0.41139373,,,,,,,,,,,,,,,,,,,,,,,,,,,,,,,,,,,,,,,,,,,,,,,,,,,,,,,,,,,,,34.15278,4.137136,2.4378912,34.15278,4.137136,0.42534444,,,,,,,,,,,,,,,,,34.15278,4.2270737,0.06367464,34.15278,4.2270737,0.0040869904,,,,,,,,,,,,,,,,,,,,34.15278,4.2270737,0.009381207,34.15278,4.2270737,27.541279,34.15278,4.2270737,0.00031270686,34.15278,4.2270737,1.0000001e-07,34.15278,4.2270737,7.0,,,,,,,
34.15278,4.167115,0.4082404,34.15278,4.167115,0.4095493,,,,,,,,,,,,,,,,,,,,,,,,,,,,,,,,,,,,,,,,,,,,,,,,,,,,,,,,,,,,,34.15278,4.167115,1.6308743,34.15278,4.167115,0.16595113,,,,,,,,,,,,,,,,,34.15278,4.257053,0.062009387,34.15278,4.257053,-0.007976837,,,,,,,,,,,,,,,,,,,,34.15278,4.257053,0.008204415,34.15278,4.257053,27.536097,34.15278,4.257053,0.00027348052,34.15278,4.257053,1.0000001e-07,34.15278,4.257053,7.0,,,,,,,
34.15278,4.1970944,0.4111706,34.15278,4.1970944,0.4105161,,,,,,,,,,,,,,,,,,,,,,,,,,,,,,,,,,,,,,,,,,,,,,,,,,,,,,,,,,,,,34.15278,4.1970944,2.0960848,34.15278,4.1970944,0.29832497,,,,,,,,,,,,,,,,,34.15278,4.287032,0.057714377,34.15278,4.287032,-0.012005921,,,,,,,,,,,,,,,,,,,,34.15278,4.287032,0.009611693,34.15278,4.287032,27.54229,34.15278,4.287032,0.00032038978,34.15278,4.287032,1.0000001e-07,34.15278,4.287032,7.0,,,,,,,
34.15278,4.2270737,0.41228616,34.15278,4.2270737,0.41011456,,,,,,,,,,,,,,,,,,,,,,,,,,,,,,,,,,,,,,,,,,,,,,,,,,,,,,,,,,,,,34.15278,4.2270737,2.251143,34.15278,4.2270737,0.23048435,,,,,,,,,,,,,,,,,34.15278,4.3170114,0.068005,34.15278,4.3170114,0.016115306,,,,,,,,,,,,,,,,,,,,34.15278,4.3170114,0.012261803,34.15278,4.3170114,27.55395,34.15278,4.3170114,0.00040872672,34.15278,4.3170114,1.0000001e-07,34.15278,4.3170114,7.0,,,,,,,
34.15278,4.257053,0.41183993,34.15278,4.257053,0.40722895,,,,,,,,,,,,,,,,,,,,,,,,,,,,,,,,,,,,,,,,,,,,,,,,,,,,,,,,,,,,,34.15278,4.257053,2.1805496,34.15278,4.257053,-0.17077678,,,,,,,,,,,,,,,,,34.15278,4.3469906,0.037693914,34.15278,4.3469906,-0.0018557811,,,,,,,,,,,,,,,,,,,,34.15278,4.3469906,-0.00094695494,34.15278,4.3469906,27.495832,34.15278,4.3469906,-3.1565174e-05,34.15278,4.3469906,1.0000001e-07,34.15278,4.3469906,7.0,,,,,,,
34.15278,4.287032,0.4104418,34.15278,4.287032,0.4063216,,,,,,,,,,,,,,,,,,,,,,,,,,,,,,,,,,,,,,,,,,,,,,,,,,,,,,,,,,,,,34.15278,4.287032,1.9484372,34.15278,4.287032,-0.30611825,,,,,,,,,,,,,,,,,34.15278,4.37697,0.04447402,34.15278,4.37697,0.01770513,,,,,,,,,,,,,,,,,,,,34.15278,4.37697,-0.0024540732,34.15278,4.37697,27.489202,34.15278,4.37697,-8.180242e-05,34.15278,4.37697,1.0000001e-07,34.15278,4.37697,7.0,,,,,,,
34.15278,4.3170114,0.41286626,34.15278,4.3170114,0.41270268,,,,,,,,,,,,,,,,,,,,,,,,,,,,,,,,,,,,,,,,,,,,,,,,,,,,,,,,,,,,,34.15278,4.3170114,2.29646,34.15278,4.3170114,0.599066,,,,,,,,,,,,,,,,,34.15278,4.406949,0.047290076,34.15278,4.406949,-0.0075275023,,,,,,,,,,,,,,,,,,,,34.15278,4.406949,0.004645783,34.15278,4.406949,27.520441,34.15278,4.406949,0.00015485942,34.15278,4.406949,1.0000001e-07,34.15278,4.406949,7.0,,,,,,,
34.15278,4.3469906,0.40571177,34.15278,4.3469906,0.4086122,,,,,,,,,,,,,,,,,,,,,,,,,,,,,,,,,,,,,,,,,,,,,,,,,,,,,,,,,,,,,34.15278,4.3469906,1.2607654,34.15278,4.3469906,-0.02318687,,,,,,,,,,,,,,,,,34.15278,4.4369283,0.047757026,34.15278,4.4369283,0.009931085,,,,,,,,,,,,,,,,,,,,34.15278,4.4369283,0.008559295,34.15278,4.4369283,27.537663,34.15278,4.4369283,0.0002853098,34.15278,4.4369283,1.0000001e-07,34.15278,4.4369283,7.0,,,,,,,
34.15278,4.37697,0.4070207,34.15278,4.37697,0.41288117,,,,,,,,,,,,,,,,,,,,,,,,,,,,,,,,,,,,,,,,,,,,,,,,,,,,,,,,,,,,,34.15278,4.37697,1.4980683,34.15278,4.37697,0.6255752,,,,,,,,,,,,,,,,,34.15278,4.4669075,0.044371225,34.15278,4.4669075,-0.006056341,,,,,,,,,,,,,,,,,,,,34.15278,4.4669075,0.0047834087,34.15278,4.4669075,27.521048,34.15278,4.4669075,0.00015944696,34.15278,4.4669075,1.0000001e-07,34.15278,4.4669075,7.0,,,,,,,
34.15278,4.406949,0.40763053,34.15278,4.406949,0.40745202,,,,,,,,,,,,,,,,,,,,,,,,,,,,,,,,,,,,,,,,,,,,,,,,,,,,,,,,,,,,,34.15278,4.406949,1.5863298,34.15278,4.406949,-0.12257849,,,,,,,,,,,,,,,,,34.15278,4.4968867,0.05626367,34.15278,4.4968867,0.00089768483,,,,,,,,,,,,,,,,,,,,34.15278,4.4968867,0.002684355,34.15278,4.4968867,27.511812,34.15278,4.4968867,8.947853e-05,34.15278,4.4968867,1.0000001e-07,34.15278,4.4968867,7.0,,,,,,,
34.15278,4.4369283,0.407571,34.15278,4.4369283,0.4112747,,,,,,,,,,,,,,,,,,,,,,,,,,,,,,,,,,,,,,,,,,,,,,,,,,,,,,,,,,,,,34.15278,4.4369283,1.5459888,34.15278,4.4369283,0.4245626,,,,,,,,,,,,,,,,,34.15278,4.526866,0.05463253,34.15278,4.526866,-0.015990878,,,,,,,,,,,,,,,,,,,,34.15278,4.526866,0.00719526,34.15278,4.526866,27.531656,34.15278,4.526866,0.00023984203,34.15278,4.526866,1.0000001e-07,34.15278,4.526866,7.0,,,,,,,
34.15278,4.4669075,0.40660423,34.15278,4.4669075,0.40763053,,,,,,,,,,,,,,,,,,,,,,,,,,,,,,,,,,,,,,,,,,,,,,,,,,,,,,,,,,,,,34.15278,4.4669075,1.4196298,34.15278,4.4669075,-0.07899684,,,,,,,,,,,,,,,,,34.15278,4.556845,0.0676191,34.15278,4.556845,0.0034366555,,,,,,,,,,,,,,,,,,,,34.15278,4.556845,0.01769241,34.15278,4.556845,27.577847,34.15278,4.556845,0.0005897469,34.15278,4.556845,1.0000001e-07,34.15278,4.556845,7.0,,,,,,,
34.15278,4.4968867,0.40887997,34.15278,4.4968867,0.40914768,,,,,,,,,,,,,,,,,,,,,,,,,,,,,,,,,,,,,,,,,,,,,,,,,,,,,,,,,,,,,34.15278,4.4968867,1.8052145,34.15278,4.4968867,0.11256332,,,,,,,,,,,,,,,,,34.15278,4.586825,0.051647954,34.15278,4.586825,-0.0061021093,,,,,,,,,,,,,,,,,,,,34.15278,4.586825,0.008266116,34.15278,4.586825,27.53637,34.15278,4.586825,0.00027553717,34.15278,4.586825,1.0000001e-07,34.15278,4.586825,7.0,,,,,,,
34.15278,4.526866,0.4084635,34.15278,4.526866,0.40583074,,,,,,,,,,,,,,,,,,,,,,,,,,,,,,,,,,,,,,,,,,,,,,,,,,,,,,,,,,,,,34.15278,4.526866,1.702106,34.15278,4.526866,-0.37038004,,,,,,,,,,,,,,,,,34.15278,4.616804,0.05801299,34.15278,4.616804,-0.015123649,,,,,,,,,,,,,,,,,,,,34.15278,4.616804,0.016010001,34.15278,4.616804,27.570442,34.15278,4.616804,0.0005336667,34.15278,4.616804,1.0000001e-07,34.15278,4.616804,7.0,,,,,,,
34.15278,4.556845,0.41091773,34.15278,4.556845,0.4096088,,,,,,,,,,,,,,,,,,,,,,,,,,,,,,,,,,,,,,,,,,,,,,,,,,,,,,,,,,,,,34.15278,4.556845,2.059419,34.15278,4.556845,0.14822762,,,,,,,,,,,,,,,,,34.15278,4.6467834,0.063057706,34.15278,4.6467834,-0.011541668,,,,,,,,,,,,,,,,,,,,34.15278,4.6467834,0.014421061,34.15278,4.6467834,27.563454,34.15278,4.6467834,0.000480702,34.15278,4.6467834,1.0000001e-07,34.15278,4.6467834,7.0,,,,,,,
34.15278,4.5868244,0.407452,34.15278,4.5868244,0.4077644,,,,,,,,,,,,,,,,,,,,,,,,,,,,,,,,,,,,,,,,,,,,,,,,,,,,,,,,,,,,,34.15278,4.5868244,1.5411922,34.15278,4.5868244,-0.051488265,,,,,,,,,,,,,,,,,34.15278,4.6767626,0.031786952,34.15278,4.6767626,-0.0020547572,,,,,,,,,,,,,,,,,,,,34.15278,4.6767626,-0.008019399,34.15278,4.6767626,27.464716,34.15278,4.6767626,-0.00026731324,34.15278,4.6767626,1.0000001e-07,34.15278,4.6767626,7.0,,,,,,,
34.15278,4.6168036,0.40880558,34.15278,4.6168036,0.40593487,,,,,,,,,,,,,,,,,,,,,,,,,,,,,,,,,,,,,,,,,,,,,,,,,,,,,,,,,,,,,34.15278,4.6168036,1.7408848,34.15278,4.6168036,-0.33303034,,,,,,,,,,,,,,,,,34.15278,4.706742,0.057391804,34.15278,4.706742,-0.012109489,,,,,,,,,,,,,,,,,,,,34.15278,4.706742,0.007292224,34.15278,4.706742,27.532084,34.15278,4.706742,0.0002430741,34.15278,4.706742,1.0000001e-07,34.15278,4.706742,7.0,,,,,,,
34.15278,4.646783,0.40957904,34.15278,4.646783,0.40670836,,,,,,,,,,,,,,,,,,,,,,,,,,,,,,,,,,,,,,,,,,,,,,,,,,,,,,,,,,,,,34.15278,4.646783,1.851796,34.15278,4.646783,-0.23878153,,,,,,,,,,,,,,,,,34.15278,4.736721,0.03544336,34.15278,4.736721,-0.010175216,,,,,,,,,,,,,,,,,,,,34.15278,4.736721,0.0012774188,34.15278,4.736721,27.505621,34.15278,4.736721,4.2580617e-05,34.15278,4.736721,1.0000001e-07,34.15278,4.736721,7.0,,,,,,,
34.15278,4.676762,0.40327233,34.15278,4.676762,0.4086271,,,,,,,,,,,,,,,,,,,,,,,,,,,,,,,,,,,,,,,,,,,,,,,,,,,,,,,,,,,,,34.15278,4.676762,0.9276984,34.15278,4.676762,0.04367508,,,,,,,,,,,,,,,,,34.15278,4.7667003,0.03924009,34.15278,4.7667003,-0.011018556,,,,,,,,,,,,,,,,,,,,34.15278,4.7667003,-0.005623708,34.15278,4.7667003,27.475258,34.15278,4.7667003,-0.00018745697,34.15278,4.7667003,1.0000001e-07,34.15278,4.7667003,7.0,,,,,,,
34.15278,4.706742,0.40812144,34.15278,4.706742,0.40672314,,,,,,,,,,,,,,,,,,,,,,,,,,,,,,,,,,,,,,,,,,,,,,,,,,,,,,,,,,,,,34.15278,4.706742,1.6538901,34.15278,4.706742,-0.24630979,,,,,,,,,,,,,,,,,34.15278,4.7966795,0.053978212,34.15278,4.7966795,0.008332599,,,,,,,,,,,,,,,,,,,,34.15278,4.7966795,0.017093945,34.15278,4.7966795,27.575212,34.15278,4.7966795,0.0005697981,34.15278,4.7966795,1.0000001e-07,34.15278,4.7966795,7.0,,,,,,,
34.15278,4.736721,0.4037632,34.15278,4.736721,0.4070653,,,,,,,,,,,,,,,,,,,,,,,,,,,,,,,,,,,,,,,,,,,,,,,,,,,,,,,,,,,,,34.15278,4.736721,0.99484986,34.15278,4.736721,-0.21792407,,,,,,,,,,,,,,,,,34.15278,4.8266587,0.024727108,34.15278,4.8266587,0.017995216,,,,,,,,,,,,,,,,,,,,34.15278,4.8266587,-0.014096745,34.15278,4.8266587,27.437975,34.15278,4.8266587,-0.0004698915,34.15278,4.8266587,1.0000001e-07,34.15278,4.8266587,7.0,,,,,,,
34.15278,4.7667003,0.40449208,34.15278,4.7667003,0.40690172,,,,,,,,,,,,,,,,,,,,,,,,,,,,,,,,,,,,,,,,,,,,,,,,,,,,,,,,,,,,,34.15278,4.7667003,1.1131988,34.15278,4.7667003,-0.21242757,,,,,,,,,,,,,,,,,34.15278,4.856638,0.056839924,34.15278,4.856638,-0.013883404,,,,,,,,,,,,,,,,,,,,34.15278,4.856638,0.009792635,34.15278,4.856638,27.543087,34.15278,4.856638,0.00032642114,34.15278,4.856638,1.0000001e-07,34.15278,4.856638,7.0,,,,,,,
34.15278,4.7966795,0.40709507,34.15278,4.7966795,0.41051614,,,,,,,,,,,,,,,,,,,,,,,,,,,,,,,,,,,,,,,,,,,,,,,,,,,,,,,,,,,,,34.15278,4.7966795,1.4713036,34.15278,4.7966795,0.27824414,,,,,,,,,,,,,,,,,34.15278,4.886617,0.04838579,34.15278,4.886617,0.01217465,,,,,,,,,,,,,,,,,,,,34.15278,4.886617,0.0075077508,34.15278,4.886617,27.533033,34.15278,4.886617,0.00025025837,34.15278,4.886617,1.0000001e-07,34.15278,4.886617,7.0,,,,,,,
34.15278,4.8266587,0.40165102,34.15278,4.8266587,0.41224158,,,,,,,,,,,,,,,,,,,,,,,,,,,,,,,,,,,,,,,,,,,,,,,,,,,,,,,,,,,,,34.15278,4.8266587,0.73603225,34.15278,4.8266587,0.5527775,,,,,,,,,,,,,,,,,34.15278,4.9165964,0.031948693,34.15278,4.9165964,-0.0016386076,,,,,,,,,,,,,,,,,,,,34.15278,4.9165964,-0.0021547119,34.15278,4.9165964,27.490519,34.15278,4.9165964,-7.182376e-05,34.15278,4.9165964,1.0000001e-07,34.15278,4.9165964,7.0,,,,,,,
34.15278,4.856638,0.40743715,34.15278,4.856638,0.40652978,,,,,,,,,,,,,,,,,,,,,,,,,,,,,,,,,,,,,,,,,,,,,,,,,,,,,,,,,,,,,34.15278,4.856638,1.5709333,34.15278,4.856638,-0.2882838,,,,,,,,,,,,,,,,,34.15278,4.9465756,0.061105028,34.15278,4.9465756,0.006578353,,,,,,,,,,,,,,,,,,,,34.15278,4.9465756,0.015917785,34.15278,4.9465756,27.570038,34.15278,4.9465756,0.00053059286,34.15278,4.9465756,1.0000001e-07,34.15278,4.9465756,7.0,,,,,,,
34.15278,4.886617,0.4057415,34.15278,4.886617,0.41121522,,,,,,,,,,,,,,,,,,,,,,,,,,,,,,,,,,,,,,,,,,,,,,,,,,,,,,,,,,,,,34.15278,4.886617,1.2904067,34.15278,4.886617,0.37628174,,,,,,,,,,,,,,,,,34.15278,4.976555,0.038320694,34.15278,4.976555,0.004466224,,,,,,,,,,,,,,,,,,,,34.15278,4.976555,0.002879771,34.15278,4.976555,27.512672,34.15278,4.976555,9.599237e-05,34.15278,4.976555,1.0000001e-07,34.15278,4.976555,7.0,,,,,,,
34.15278,4.9165964,0.40273684,34.15278,4.9165964,0.40865684,,,,,,,,,,,,,,,,,,,,,,,,,,,,,,,,,,,,,,,,,,,,,,,,,,,,,,,,,,,,,34.15278,4.9165964,0.87845016,34.15278,4.9165964,0.006051918,,,,,,,,,,,,,,,,,34.15278,5.006534,0.070668675,34.15278,5.006534,0.0002879334,,,,,,,,,,,,,,,,,,,,34.15278,5.006534,0.018584156,34.15278,5.006534,27.581774,34.15278,5.006534,0.00061947183,34.15278,5.006534,1.0000001e-07,34.15278,5.006534,7.0,,,,,,,
34.15278,4.9465756,0.4077049,34.15278,4.9465756,0.41014424,,,,,,,,,,,,,,,,,,,,,,,,,,,,,,,,,,,,,,,,,,,,,,,,,,,,,,,,,,,,,34.15278,4.9465756,1.5734847,34.15278,4.9465756,0.2600383,,,,,,,,,,,,,,,,,34.15278,5.0365133,0.013238507,34.15278,5.0365133,0.0045187506,,,,,,,,,,,,,,,,,,,,34.15278,5.0365133,-0.013595386,34.15278,5.0365133,27.440178,34.15278,5.0365133,-0.00045317956,34.15278,5.0365133,1.0000001e-07,34.15278,5.0365133,7.0,,,,,,,
34.15278,4.976555,0.40362936,34.15278,4.976555,0.40972778,,,,,,,,,,,,,,,,,,,,,,,,,,,,,,,,,,,,,,,,,,,,,,,,,,,,,,,,,,,,,34.15278,4.976555,0.98929626,34.15278,4.976555,0.18031435,,,,,,,,,,,,,,,,,34.15278,5.0664926,0.061401565,34.15278,5.0664926,-0.018068792,,,,,,,,,,,,,,,,,,,,34.15278,5.0664926,0.011471315,34.15278,5.0664926,27.550474,34.15278,5.0664926,0.00038237713,34.15278,5.0664926,1.0000001e-07,34.15278,5.0664926,7.0,,,,,,,
34.15278,5.006534,0.40901387,34.15278,5.006534,0.40895435,,,,,,,,,,,,,,,,,,,,,,,,,,,,,,,,,,,,,,,,,,,,,,,,,,,,,,,,,,,,,34.15278,5.006534,1.7394857,34.15278,5.006534,0.005393717,,,,,,,,,,,,,,,,,34.15278,5.096472,0.0530281,34.15278,5.096472,-0.0012885034,,,,,,,,,,,,,,,,,,,,34.15278,5.096472,0.0026023984,34.15278,5.096472,27.511452,34.15278,5.096472,8.6746615e-05,34.15278,5.096472,1.0000001e-07,34.15278,5.096472,7.0,,,,,,,
34.15278,5.0365133,0.39925632,34.15278,5.0365133,0.40969807,,,,,,,,,,,,,,,,,,,,,,,,,,,,,,,,,,,,,,,,,,,,,,,,,,,,,,,,,,,,,34.15278,5.0365133,0.3944427,34.15278,5.0365133,0.20234624,,,,,,,,,,,,,,,,,34.15278,5.126451,0.0517599,34.15278,5.126451,0.010853914,,,,,,,,,,,,,,,,,,,,34.15278,5.126451,0.0039419946,34.15278,5.126451,27.517344,34.15278,5.126451,0.00013139981,34.15278,5.126451,1.0000001e-07,34.15278,5.126451,7.0,,,,,,,
34.15278,5.0664926,0.40722892,34.15278,5.0664926,0.4058456,,,,,,,,,,,,,,,,,,,,,,,,,,,,,,,,,,,,,,,,,,,,,,,,,,,,,,,,,,,,,34.15278,5.0664926,1.5295782,34.15278,5.0664926,-0.36994463,,,,,,,,,,,,,,,,,34.15278,5.1564302,0.04160469,34.15278,5.1564302,-0.005462652,,,,,,,,,,,,,,,,,,,,34.15278,5.1564302,-0.0019969225,34.15278,5.1564302,27.491215,34.15278,5.1564302,-6.656409e-05,34.15278,5.1564302,1.0000001e-07,34.15278,5.1564302,7.0,,,,,,,
34.15278,5.096472,0.40574148,34.15278,5.096472,0.40873122,,,,,,,,,,,,,,,,,,,,,,,,,,,,,,,,,,,,,,,,,,,,,,,,,,,,,,,,,,,,,34.15278,5.096472,1.2791061,34.15278,5.096472,0.041576892,,,,,,,,,,,,,,,,,34.15278,5.1864095,0.041522957,34.15278,5.1864095,-0.0086598825,,,,,,,,,,,,,,,,,,,,34.15278,5.1864095,0.00748794,34.15278,5.1864095,27.532948,34.15278,5.1864095,0.00024959806,34.15278,5.1864095,1.0000001e-07,34.15278,5.1864095,7.0,,,,,,,
34.15278,5.126451,0.40539932,34.15278,5.126451,0.41065,,,,,,,,,,,,,,,,,,,,,,,,,,,,,,,,,,,,,,,,,,,,,,,,,,,,,,,,,,,,,34.15278,5.126451,1.266518,34.15278,5.126451,0.28224027,,,,,,,,,,,,,,,,,34.15278,5.2163887,0.045582447,34.15278,5.2163887,0.0011094459,,,,,,,,,,,,,,,,,,,,34.15278,5.2163887,-0.0057227565,34.15278,5.2163887,27.474821,34.15278,5.2163887,-0.00019075858,34.15278,5.2163887,1.0000001e-07,34.15278,5.2163887,7.0,,,,,,,
34.15278,5.1564302,0.40374836,34.15278,5.1564302,0.40809166,,,,,,,,,,,,,,,,,,,,,,,,,,,,,,,,,,,,,,,,,,,,,,,,,,,,,,,,,,,,,34.15278,5.1564302,1.0355473,34.15278,5.1564302,-0.013895412,,,,,,,,,,,,,,,,,34.15278,5.246368,0.044855073,34.15278,5.246368,-0.015969865,,,,,,,,,,,,,,,,,,,,34.15278,5.246368,0.00023111764,34.15278,5.246368,27.501015,34.15278,5.246368,7.70389e-06,34.15278,5.246368,1.0000001e-07,34.15278,5.246368,7.0,,,,,,,
34.15278,5.1864095,0.403555,34.15278,5.1864095,0.40774953,,,,,,,,,,,,,,,,,,,,,,,,,,,,,,,,,,,,,,,,,,,,,,,,,,,,,,,,,,,,,34.15278,5.1864095,0.93903923,34.15278,5.1864095,-0.10415247,,,,,,,,,,,,,,,,,34.15278,5.276347,0.03460812,34.15278,5.276347,0.026614318,,,,,,,,,,,,,,,,,,,,34.15278,5.276347,-0.010446148,34.15278,5.276347,27.454037,34.15278,5.276347,-0.00034820498,34.15278,5.276347,1.0000001e-07,34.15278,5.276347,7.0,,,,,,,
34.15278,5.2163887,0.40431356,34.15278,5.2163887,0.40916258,,,,,,,,,,,,,,,,,,,,,,,,,,,,,,,,,,,,,,,,,,,,,,,,,,,,,,,,,,,,,34.15278,5.2163887,1.1267554,34.15278,5.2163887,0.14311083,,,,,,,,,,,,,,,,,34.15278,5.3063264,0.040076785,34.15278,5.3063264,-0.018464003,,,,,,,,,,,,,,,,,,,,34.15278,5.3063264,-0.0067423624,34.15278,5.3063264,27.470331,34.15278,5.3063264,-0.00022474542,34.15278,5.3063264,1.0000001e-07,34.15278,5.3063264,7.0,,,,,,,
34.15278,5.246368,0.4040161,34.15278,5.246368,0.40651497,,,,,,,,,,,,,,,,,,,,,,,,,,,,,,,,,,,,,,,,,,,,,,,,,,,,,,,,,,,,,34.15278,5.246368,1.0545452,34.15278,5.246368,-0.31314528,,,,,,,,,,,,,,,,,34.15278,5.3363056,0.062156994,34.15278,5.3363056,0.0072414675,,,,,,,,,,,,,,,,,,,,34.15278,5.3363056,0.019001065,34.15278,5.3363056,27.583605,34.15278,5.3363056,0.00063336897,34.15278,5.3363056,1.0000001e-07,34.15278,5.3363056,7.0,,,,,,,
34.15278,5.276347,0.40242448,34.15278,5.276347,0.41295552,,,,,,,,,,,,,,,,,,,,,,,,,,,,,,,,,,,,,,,,,,,,,,,,,,,,,,,,,,,,,34.15278,5.276347,0.86911124,34.15278,5.276347,0.6759132,,,,,,,,,,,,,,,,,34.15278,5.366285,0.042742588,34.15278,5.366285,-0.02925597,,,,,,,,,,,,,,,,,,,,34.15278,5.366285,-0.0042476514,34.15278,5.366285,27.48131,34.15278,5.366285,-0.00014158839,34.15278,5.366285,1.0000001e-07,34.15278,5.366285,7.0,,,,,,,
34.15278,5.3063264,0.40315336,34.15278,5.3063264,0.40630668,,,,,,,,,,,,,,,,,,,,,,,,,,,,,,,,,,,,,,,,,,,,,,,,,,,,,,,,,,,,,34.15278,5.3063264,0.97655994,34.15278,5.3063264,-0.30577135,,,,,,,,,,,,,,,,,34.15278,5.396264,0.020067161,34.15278,5.396264,0.01179348,,,,,,,,,,,,,,,,,,,,34.15278,5.396264,-0.023303878,34.15278,5.396264,27.397463,34.15278,5.396264,-0.00077679596,34.15278,5.396264,1.0000001e-07,34.15278,5.396264,7.0,,,,,,,
34.15278,5.3363056,0.40630668,34.15278,5.3363056,0.40996578,,,,,,,,,,,,,,,,,,,,,,,,,,,,,,,,,,,,,,,,,,,,,,,,,,,,,,,,,,,,,34.15278,5.3363056,1.372579,34.15278,5.3363056,0.19928953,,,,,,,,,,,,,,,,,34.15278,5.426244,0.043127548,34.15278,5.426244,-0.008630443,,,,,,,,,,,,,,,,,,,,34.15278,5.426244,0.0017003858,34.15278,5.426244,27.507483,34.15278,5.426244,5.6679542e-05,34.15278,5.426244,1.0000001e-07,34.15278,5.426244,7.0,,,,,,,
34.15278,5.366285,0.4033021,34.15278,5.366285,0.4045218,,,,,,,,,,,,,,,,,,,,,,,,,,,,,,,,,,,,,,,,,,,,,,,,,,,,,,,,,,,,,34.15278,5.366285,0.988337,34.15278,5.366285,-0.54139966,,,,,,,,,,,,,,,,,34.15278,5.456223,0.040617067,34.15278,5.456223,0.010952141,,,,,,,,,,,,,,,,,,,,34.15278,5.456223,-0.0056035984,34.15278,5.456223,27.475346,34.15278,5.456223,-0.00018678664,34.15278,5.456223,1.0000001e-07,34.15278,5.456223,7.0,,,,,,,
34.15278,5.396264,0.40002978,34.15278,5.396264,0.41072437,,,,,,,,,,,,,,,,,,,,,,,,,,,,,,,,,,,,,,,,,,,,,,,,,,,,,,,,,,,,,34.15278,5.396264,0.51257104,34.15278,5.396264,0.3323185,,,,,,,,,,,,,,,,,34.15278,5.4862022,0.054894388,34.15278,5.4862022,-0.00032323267,,,,,,,,,,,,,,,,,,,,34.15278,5.4862022,0.015544726,34.15278,5.4862022,27.568396,34.15278,5.4862022,0.00051815755,34.15278,5.4862022,1.0000001e-07,34.15278,5.4862022,7.0,,,,,,,
34.15278,5.4262433,0.40328723,34.15278,5.4262433,0.40769005,,,,,,,,,,,,,,,,,,,,,,,,,,,,,,,,,,,,,,,,,,,,,,,,,,,,,,,,,,,,,34.15278,5.4262433,0.97112423,34.15278,5.4262433,-0.084652096,,,,,,,,,,,,,,,,,34.15278,5.5161815,0.03820713,34.15278,5.5161815,-0.008623511,,,,,,,,,,,,,,,,,,,,34.15278,5.5161815,-0.0046036723,34.15278,5.5161815,27.479744,34.15278,5.5161815,-0.00015345574,34.15278,5.5161815,1.0000001e-07,34.15278,5.5161815,7.0,,,,,,,
34.15278,5.4562225,0.40278152,34.15278,5.4562225,0.41045666,,,,,,,,,,,,,,,,,,,,,,,,,,,,,,,,,,,,,,,,,,,,,,,,,,,,,,,,,,,,,34.15278,5.4562225,0.8894933,34.15278,5.4562225,0.29848993,,,,,,,,,,,,,,,,,34.15278,5.5461607,0.050964866,34.15278,5.5461607,0.010135446,,,,,,,,,,,,,,,,,,,,34.15278,5.5461607,0.0027604373,34.15278,5.5461607,27.512148,34.15278,5.5461607,9.201455e-05,34.15278,5.5461607,1.0000001e-07,34.15278,5.5461607,7.0,,,,,,,
34.15278,5.486202,0.40487877,34.15278,5.486202,0.40889487,,,,,,,,,,,,,,,,,,,,,,,,,,,,,,,,,,,,,,,,,,,,,,,,,,,,,,,,,,,,,34.15278,5.486202,1.1654199,34.15278,5.486202,0.08819798,,,,,,,,,,,,,,,,,34.15278,5.57614,0.053040214,34.15278,5.57614,-0.0032496254,,,,,,,,,,,,,,,,,,,,34.15278,5.57614,0.011232566,34.15278,5.57614,27.549423,34.15278,5.57614,0.00037441895,34.15278,5.57614,1.0000001e-07,34.15278,5.57614,7.0,,,,,,,
34.15278,5.516181,0.40248403,34.15278,5.516181,0.40767515,,,,,,,,,,,,,,,,,,,,,,,,,,,,,,,,,,,,,,,,,,,,,,,,,,,,,,,,,,,,,34.15278,5.516181,0.8669723,34.15278,5.516181,-0.067772515,,,,,,,,,,,,,,,,,34.15278,5.606119,0.023229105,34.15278,5.606119,-0.011807331,,,,,,,,,,,,,,,,,,,,34.15278,5.606119,-0.0048925616,34.15278,5.606119,27.478472,34.15278,5.606119,-0.00016308541,34.15278,5.606119,1.0000001e-07,34.15278,5.606119,7.0,,,,,,,
34.15278,5.5461607,0.40401608,34.15278,5.5461607,0.41033763,,,,,,,,,,,,,,,,,,,,,,,,,,,,,,,,,,,,,,,,,,,,,,,,,,,,,,,,,,,,,34.15278,5.5461607,1.0790758,34.15278,5.5461607,0.25606644,,,,,,,,,,,,,,,,,34.15278,5.6360984,0.00037768774,34.15278,5.6360984,-0.0028789362,,,,,,,,,,,,,,,,,,,,34.15278,5.6360984,-0.026895626,34.15278,5.6360984,27.38166,34.15278,5.6360984,-0.0008965208,34.15278,5.6360984,1.0000001e-07,34.15278,5.6360984,7.0,,,,,,,
34.15278,5.57614,0.40431353,34.15278,5.57614,0.40846348,,,,,,,,,,,,,,,,,,,,,,,,,,,,,,,,,,,,,,,,,,,,,,,,,,,,,,,,,,,,,34.15278,5.57614,1.0986781,34.15278,5.57614,0.072909094,,,,,,,,,,,,,,,,,34.15278,5.6660776,0.07066066,34.15278,5.6660776,0.010503529,,,,,,,,,,,,,,,,,,,,34.15278,5.6660776,0.015693339,34.15278,5.6660776,27.569052,34.15278,5.6660776,0.00052311126,34.15278,5.6660776,1.0000001e-07,34.15278,5.6660776,7.0,,,,,,,
34.15278,5.606119,0.40026775,34.15278,5.606119,0.40727356,,,,,,,,,,,,,,,,,,,,,,,,,,,,,,,,,,,,,,,,,,,,,,,,,,,,,,,,,,,,,34.15278,5.606119,0.557176,34.15278,5.606119,-0.2249607,,,,,,,,,,,,,,,,,34.15278,5.696057,0.06568238,34.15278,5.696057,0.018759325,,,,,,,,,,,,,,,,,,,,34.15278,5.696057,0.010816857,34.15278,5.696057,27.547594,34.15278,5.696057,0.00036056188,34.15278,5.696057,1.0000001e-07,34.15278,5.696057,7.0,,,,,,,
34.15278,5.6360984,0.39720365,34.15278,5.6360984,0.4083891,,,,,,,,,,,,,,,,,,,,,,,,,,,,,,,,,,,,,,,,,,,,,,,,,,,,,,,,,,,,,34.15278,5.6360984,0.096865885,34.15278,5.6360984,-0.029227236,,,,,,,,,,,,,,,,,34.15278,5.726036,0.061093993,34.15278,5.726036,-0.0016022912,,,,,,,,,,,,,,,,,,,,34.15278,5.726036,0.015209849,34.15278,5.726036,27.566923,34.15278,5.726036,0.00050699495,34.15278,5.726036,1.0000001e-07,34.15278,5.726036,7.0,,,,,,,
34.15278,5.6660776,0.40639594,34.15278,5.6660776,0.41020378,,,,,,,,,,,,,,,,,,,,,,,,,,,,,,,,,,,,,,,,,,,,,,,,,,,,,,,,,,,,,34.15278,5.6660776,1.4184111,34.15278,5.6660776,0.2774156,,,,,,,,,,,,,,,,,34.15278,5.7560153,0.06297099,34.15278,5.7560153,-0.041178323,,,,,,,,,,,,,,,,,,,,34.15278,5.7560153,0.011953837,34.15278,5.7560153,27.552599,34.15278,5.7560153,0.00039846127,34.15278,5.7560153,1.0000001e-07,34.15278,5.7560153,7.0,,,,,,,
34.15278,5.696057,0.40566713,34.15278,5.696057,0.41128957,,,,,,,,,,,,,,,,,,,,,,,,,,,,,,,,,,,,,,,,,,,,,,,,,,,,,,,,,,,,,34.15278,5.696057,1.3089305,34.15278,5.696057,0.40895212,,,,,,,,,,,,,,,,,34.15278,5.7859945,0.0032549633,34.15278,5.7859945,0.006891007,,,,,,,,,,,,,,,,,,,,34.15278,5.7859945,-0.014243307,34.15278,5.7859945,27.43733,34.15278,5.7859945,-0.00047477687,34.15278,5.7859945,1.0000001e-07,34.15278,5.7859945,7.0,,,,,,,
34.15278,5.726036,0.40487877,34.15278,5.726036,0.40865687,,,,,,,,,,,,,,,,,,,,,,,,,,,,,,,,,,,,,,,,,,,,,,,,,,,,,,,,,,,,,34.15278,5.726036,1.1750014,34.15278,5.726036,0.0204976,,,,,,,,,,,,,,,,,34.15278,5.8159738,0.0059932717,34.15278,5.8159738,0.005093583,,,,,,,,,,,,,,,,,,,,34.15278,5.8159738,-0.019301554,34.15278,5.8159738,27.415075,34.15278,5.8159738,-0.0006433851,34.15278,5.8159738,1.0000001e-07,34.15278,5.8159738,7.0,,,,,,,
34.15278,5.7560153,0.40504238,34.15278,5.7560153,0.4036888,,,,,,,,,,,,,,,,,,,,,,,,,,,,,,,,,,,,,,,,,,,,,,,,,,,,,,,,,,,,,34.15278,5.7560153,1.2175633,34.15278,5.7560153,-0.6723999,,,,,,,,,,,,,,,,,34.15278,5.845953,0.06701626,34.15278,5.845953,0.030841678,,,,,,,,,,,,,,,,,,,,34.15278,5.845953,0.008494244,34.15278,5.845953,27.537376,34.15278,5.845953,0.00028314147,34.15278,5.845953,1.0000001e-07,34.15278,5.845953,7.0,,,,,,,
34.15278,5.7859945,0.39748627,34.15278,5.7859945,0.40963855,,,,,,,,,,,,,,,,,,,,,,,,,,,,,,,,,,,,,,,,,,,,,,,,,,,,,,,,,,,,,34.15278,5.7859945,0.14489196,34.15278,5.7859945,0.19203016,,,,,,,,,,,,,,,,,34.15278,5.875932,-0.00031337867,34.15278,5.875932,0.0059757656,,,,,,,,,,,,,,,,,,,,34.15278,5.875932,-0.019351467,34.15278,5.875932,27.414852,34.15278,5.875932,-0.000645049,34.15278,5.875932,1.0000001e-07,34.15278,5.875932,7.0,,,,,,,
34.15278,5.8159738,0.39772424,34.15278,5.8159738,0.40947494,,,,,,,,,,,,,,,,,,,,,,,,,,,,,,,,,,,,,,,,,,,,,,,,,,,,,,,,,,,,,34.15278,5.8159738,0.18257695,34.15278,5.8159738,0.16601853,,,,,,,,,,,,,,,,,34.15278,5.9059114,0.029784642,34.15278,5.9059114,0.0044714585,,,,,,,,,,,,,,,,,,,,34.15278,5.9059114,-0.0049281237,34.15278,5.9059114,27.478315,34.15278,5.9059114,-0.00016427081,34.15278,5.9059114,1.0000001e-07,34.15278,5.9059114,7.0,,,,,,,
34.15278,5.845953,0.40535477,34.15278,5.845953,0.41258362,,,,,,,,,,,,,,,,,,,,,,,,,,,,,,,,,,,,,,,,,,,,,,,,,,,,,,,,,,,,,34.15278,5.845953,1.2663485,34.15278,5.845953,0.59232247,,,,,,,,,,,,,,,,,34.15278,5.9358907,0.0717415,34.15278,5.9358907,-0.007334942,,,,,,,,,,,,,,,,,,,,34.15278,5.9358907,0.02073888,34.15278,5.9358907,27.591251,34.15278,5.9358907,0.000691296,34.15278,5.9358907,1.0000001e-07,34.15278,5.9358907,7.0,,,,,,,
34.15278,5.875932,0.39699537,34.15278,5.875932,0.40954933,,,,,,,,,,,,,,,,,,,,,,,,,,,,,,,,,,,,,,,,,,,,,,,,,,,,,,,,,,,,,34.15278,5.875932,0.057808153,34.15278,5.875932,0.13451622,,,,,,,,,,,,,,,,,34.15278,5.96587,0.046778865,34.15278,5.96587,0.018681558,,,,,,,,,,,,,,,,,,,,34.15278,5.96587,0.020974781,34.15278,5.96587,27.592289,34.15278,5.96587,0.0006991593,34.15278,5.96587,1.0000001e-07,34.15278,5.96587,7.0,,,,,,,
34.15278,5.9059114,0.40065446,34.15278,5.9059114,0.4093262,,,,,,,,,,,,,,,,,,,,,,,,,,,,,,,,,,,,,,,,,,,,,,,,,,,,,,,,,,,,,34.15278,5.9059114,0.5745739,34.15278,5.9059114,0.16601788,,,,,,,,,,,,,,,,,34.15278,5.995849,0.078108154,34.15278,5.995849,-0.016547978,,,,,,,,,,,,,,,,,,,,34.15278,5.995849,0.0,34.15278,5.995849,27.5,34.15278,5.995849,0.0,34.15278,5.995849,1.0000001e-07,34.15278,5.995849,7.0,,,,,,,
34.15278,5.9358907,0.4056671,34.15278,5.9358907,0.40795773,,,,,,,,,,,,,,,,,,,,,,,,,,,,,,,,,,,,,,,,,,,,,,,,,,,,,,,,,,,,,34.15278,5.9358907,1.2836074,34.15278,5.9358907,-0.05885442,,,,,,,,,,,,,,,,,34.15278,6.0258284,0.037140526,34.15278,6.0258284,-0.013029004,,,,,,,,,,,,,,,,,,,,,,,,,,,,,34.15278,6.0258284,1.0000001e-07,34.15278,6.0258284,7.0,,,,,,,
34.15278,5.96587,0.4025584,34.15278,5.96587,0.41111115,,,,,,,,,,,,,,,,,,,,,,,,,,,,,,,,,,,,,,,,,,,,,,,,,,,,,,,,,,,,,34.15278,5.96587,0.84211737,34.15278,5.96587,0.3864306,,,,,,,,,,,,,,,,,34.15278,6.0558076,0.023647537,34.15278,6.0558076,0.036403123,,,,,,,,,,,,,,,,,,,,,,,,,,,,,34.15278,6.0558076,1.0000001e-07,34.15278,6.0558076,7.0,,,,,,,
34.15278,5.995849,0.40624723,34.15278,5.995849,0.40681243,,,,,,,,,,,,,,,,,,,,,,,,,,,,,,,,,,,,,,,,,,,,,,,,,,,,,,,,,,,,,34.15278,5.995849,1.332905,34.15278,5.995849,-0.23637833,,,,,,,,,,,,,,,,,34.15278,6.085787,0.013798298,34.15278,6.085787,-0.04422225,,,,,,,,,,,,,,,,,,,,,,,,,,,,,34.15278,6.085787,1.0000001e-07,34.15278,6.085787,7.0,,,,,,,
34.15278,6.0258284,0.40130892,34.15278,6.0258284,0.4072438,,,,,,,,,,,,,,,,,,,,,,,,,,,,,,,,,,,,,,,,,,,,,,,,,,,,,,,,,,,,,34.15278,6.0258284,0.68789095,34.15278,6.0258284,-0.17726642,,,,,,,,,,,,,,,,,34.15278,6.115766,0.030171087,34.15278,6.115766,-0.0005178352,,,,,,,,,,,,,,,,,,,,,,,,,,,,,34.15278,6.115766,1.0000001e-07,34.15278,6.115766,7.0,,,,,,,
34.15278,6.0558076,0.39968765,34.15278,6.0558076,0.41298527,,,,,,,,,,,,,,,,,,,,,,,,,,,,,,,,,,,,,,,,,,,,,,,,,,,,,,,,,,,,,34.15278,6.0558076,0.48767096,34.15278,6.0558076,0.6476613,,,,,,,,,,,,,,,,,34.15278,6.1457453,0.041962825,34.15278,6.1457453,-0.0045752395,,,,,,,,,,,,,,,,,,,,,,,,,,,,,34.15278,6.1457453,1.0000001e-07,34.15278,6.1457453,7.0,,,,,,,
34.15278,6.085787,0.39861667,34.15278,6.085787,0.40377808,,,,,,,,,,,,,,,,,,,,,,,,,,,,,,,,,,,,,,,,,,,,,,,,,,,,,,,,,,,,,34.15278,6.085787,0.29501113,34.15278,6.085787,-0.6490357,,,,,,,,,,,,,,,,,34.15278,6.1757245,0.076602094,34.15278,6.1757245,0.03114381,,,,,,,,,,,,,,,,,,,,,,,,,,,,,34.15278,6.1757245,1.0000001e-07,34.15278,6.1757245,7.0,,,,,,,
34.15278,6.115766,0.4003421,34.15278,6.115766,0.40882045,,,,,,,,,,,,,,,,,,,,,,,,,,,,,,,,,,,,,,,,,,,,,,,,,,,,,,,,,,,,,34.15278,6.115766,0.54215986,34.15278,6.115766,0.07345983,,,,,,,,,,,,,,,,,34.15278,6.2057037,0.069563895,34.15278,6.2057037,0.006928352,,,,,,,,,,,,,,,,,,,,,,,,,,,,,34.15278,6.2057037,1.0000001e-07,34.15278,6.2057037,7.0,,,,,,,
34.15278,6.1457453,0.4016808,34.15278,6.1457453,0.4083742,,,,,,,,,,,,,,,,,,,,,,,,,,,,,,,,,,,,,,,,,,,,,,,,,,,,,,,,,,,,,34.15278,6.1457453,0.72165424,34.15278,6.1457453,0.04737504,,,,,,,,,,,,,,,,,34.15278,6.235683,0.056156117,34.15278,6.235683,-0.014530327,,,,,,,,,,,,,,,,,,,,,,,,,,,,,34.15278,6.235683,1.0000001e-07,34.15278,6.235683,7.0,,,,,,,
34.15278,6.1757245,0.40545884,34.15278,6.1757245,0.41230103,,,,,,,,,,,,,,,,,,,,,,,,,,,,,,,,,,,,,,,,,,,,,,,,,,,,,,,,,,,,,34.15278,6.1757245,1.3094937,34.15278,6.1757245,0.5610151,,,,,,,,,,,,,,,,,34.15278,6.2656627,-0.0033196812,34.15278,6.2656627,-0.014791641,,,,,,,,,,,,,,,,,,,,,,,,,,,,,34.15278,6.2656627,1.0000001e-07,34.15278,6.2656627,7.0,,,,,,,
34.15278,6.2057037,0.40453666,34.15278,6.2057037,0.40963852,,,,,,,,,,,,,,,,,,,,,,,,,,,,,,,,,,,,,,,,,,,,,,,,,,,,,,,,,,,,,34.15278,6.2057037,1.1584215,34.15278,6.2057037,0.18809661,,,,,,,,,,,,,,,,,34.15278,6.295642,0.032033052,34.15278,6.295642,-0.039763406,,,,,,,,,,,,,,,,,,,,,,,,,,,,,34.15278,6.295642,1.0000001e-07,34.15278,6.295642,7.0,,,,,,,
34.15278,6.235683,0.403079,34.15278,6.235683,0.40721405,,,,,,,,,,,,,,,,,,,,,,,,,,,,,,,,,,,,,,,,,,,,,,,,,,,,,,,,,,,,,34.15278,6.235683,0.9571298,34.15278,6.235683,-0.17374878,,,,,,,,,,,,,,,,,34.15278,6.325621,0.026974173,34.15278,6.325621,0.014453653,,,,,,,,,,,,,,,,,,,,,,,,,,,,,34.15278,6.325621,1.0000001e-07,34.15278,6.325621,7.0,,,,,,,
34.15278,6.265662,0.3967574,34.15278,6.265662,0.40733302,,,,,,,,,,,,,,,,,,,,,,,,,,,,,,,,,,,,,,,,,,,,,,,,,,,,,,,,,,,,,34.15278,6.265662,0.027879259,34.15278,6.265662,-0.11139454,,,,,,,,,,,,,,,,,34.15278,6.3556004,0.08382848,34.15278,6.3556004,0.009549934,,,,,,,,,,,,,,,,,,,,,,,,,,,,,34.15278,6.3556004,1.0000001e-07,34.15278,6.3556004,7.0,,,,,,,
34.15278,6.2956414,0.40035698,34.15278,6.2956414,0.40461105,,,,,,,,,,,,,,,,,,,,,,,,,,,,,,,,,,,,,,,,,,,,,,,,,,,,,,,,,,,,,34.15278,6.2956414,0.5171289,34.15278,6.2956414,-0.5327413,,,,,,,,,,,,,,,,,34.15278,6.3855796,0.0550702,34.15278,6.3855796,-0.0034462858,,,,,,,,,,,,,,,,,,,,,,,,,,,,,34.15278,6.3855796,1.0000001e-07,34.15278,6.3855796,7.0,,,,,,,
34.15278,6.3256207,0.39991078,34.15278,6.3256207,0.41035256,,,,,,,,,,,,,,,,,,,,,,,,,,,,,,,,,,,,,,,,,,,,,,,,,,,,,,,,,,,,,34.15278,6.3256207,0.4978789,34.15278,6.3256207,0.2791798,,,,,,,,,,,,,,,,,34.15278,6.415559,0.035585266,34.15278,6.415559,0.0038121964,,,,,,,,,,,,,,,,,,,,,,,,,,,,,34.15278,6.415559,1.0000001e-07,34.15278,6.415559,7.0,,,,,,,
34.15278,6.3556,0.4057266,34.15278,6.3556,0.40977243,,,,,,,,,,,,,,,,,,,,,,,,,,,,,,,,,,,,,,,,,,,,,,,,,,,,,,,,,,,,,34.15278,6.3556,1.2855884,34.15278,6.3556,0.19923218,,,,,,,,,,,,,,,,,34.15278,6.445538,0.029129662,34.15278,6.445538,0.015057524,,,,,,,,,,,,,,,,,,,,,,,,,,,,,34.15278,6.445538,1.0000001e-07,34.15278,6.445538,7.0,,,,,,,
34.15278,6.385579,0.40269226,34.15278,6.385579,0.40853783,,,,,,,,,,,,,,,,,,,,,,,,,,,,,,,,,,,,,,,,,,,,,,,,,,,,,,,,,,,,,34.15278,6.385579,0.89308804,34.15278,6.385579,0.05260781,,,,,,,,,,,,,,,,,34.15278,6.4755173,0.031195292,34.15278,6.4755173,-0.010729119,,,,,,,,,,,,,,,,,,,,,,,,,,,,,34.15278,6.4755173,1.0000001e-07,34.15278,6.4755173,7.0,,,,,,,
34.15278,6.415559,0.4008032,34.15278,6.415559,0.4091923,,,,,,,,,,,,,,,,,,,,,,,,,,,,,,,,,,,,,,,,,,,,,,,,,,,,,,,,,,,,,34.15278,6.415559,0.6329053,34.15278,6.415559,0.07402481,,,,,,,,,,,,,,,,,34.15278,6.5054965,0.06629682,34.15278,6.5054965,-0.025812393,,,,,,,,,,,,,,,,,,,,,,,,,,,,,34.15278,6.5054965,1.0000001e-07,34.15278,6.5054965,7.0,,,,,,,
34.15278,6.445538,0.39983642,34.15278,6.445538,0.41027814,,,,,,,,,,,,,,,,,,,,,,,,,,,,,,,,,,,,,,,,,,,,,,,,,,,,,,,,,,,,,34.15278,6.445538,0.44476467,34.15278,6.445538,0.25472206,,,,,,,,,,,,,,,,,34.15278,6.5354757,-0.004161967,34.15278,6.5354757,-0.032973077,,,,,,,,,,,,,,,,,,,,,,,,,,,,,34.15278,6.5354757,1.0000001e-07,34.15278,6.5354757,7.0,,,,,,,
34.15278,6.4755173,0.40001485,34.15278,6.4755173,0.40769,,,,,,,,,,,,,,,,,,,,,,,,,,,,,,,,,,,,,,,,,,,,,,,,,,,,,,,,,,,,,34.15278,6.4755173,0.48720133,34.15278,6.4755173,-0.0684706,,,,,,,,,,,,,,,,,34.15278,6.565455,0.011813645,34.15278,6.565455,0.014465468,,,,,,,,,,,,,,,,,,,,,,,,,,,,,34.15278,6.565455,1.0000001e-07,34.15278,6.565455,7.0,,,,,,,
34.15278,6.5054965,0.4034062,34.15278,6.5054965,0.40626207,,,,,,,,,,,,,,,,,,,,,,,,,,,,,,,,,,,,,,,,,,,,,,,,,,,,,,,,,,,,,34.15278,6.5054965,1.0068092,34.15278,6.5054965,-0.30530655,,,,,,,,,,,,,,,,,34.15278,6.595434,0.083475165,34.15278,6.595434,-0.018933222,,,,,,,,,,,,,,,,,,,,,,,,,,,,,34.15278,6.595434,1.0000001e-07,34.15278,6.595434,7.0,,,,,,,
34.15278,6.5354757,0.39644504,34.15278,6.5354757,0.405563,,,,,,,,,,,,,,,,,,,,,,,,,,,,,,,,,,,,,,,,,,,,,,,,,,,,,,,,,,,,,34.15278,6.5354757,-0.03470701,34.15278,6.5354757,-0.4006898,,,,,,,,,,,,,,,,,34.15278,6.6254134,0.09522981,34.15278,6.6254134,0.019351654,,,,,,,,,,,,,,,,,,,,,,,,,,,,,34.15278,6.6254134,1.0000001e-07,34.15278,6.6254134,7.0,,,,,,,
34.15278,6.565455,0.398111,34.15278,6.565455,0.4102335,,,,,,,,,,,,,,,,,,,,,,,,,,,,,,,,,,,,,,,,,,,,,,,,,,,,,,,,,,,,,34.15278,6.565455,0.23008397,34.15278,6.565455,0.2936201,,,,,,,,,,,,,,,,,34.15278,6.6553926,0.027941009,34.15278,6.6553926,0.0037041414,,,,,,,,,,,,,,,,,,,,,,,,,,,,,34.15278,6.6553926,1.0000001e-07,34.15278,6.6553926,7.0,,,,,,,
34.15278,6.595434,0.405087,34.15278,6.595434,0.40691653,,,,,,,,,,,,,,,,,,,,,,,,,,,,,,,,,,,,,,,,,,,,,,,,,,,,,,,,,,,,,34.15278,6.595434,1.2162699,34.15278,6.595434,-0.2029751,,,,,,,,,,,,,,,,,34.15278,6.685372,0.035558254,34.15278,6.685372,0.015654849,,,,,,,,,,,,,,,,,,,,,,,,,,,,,34.15278,6.685372,1.0000001e-07,34.15278,6.685372,7.0,,,,,,,
34.15278,6.6254134,0.40606874,34.15278,6.6254134,0.41076902,,,,,,,,,,,,,,,,,,,,,,,,,,,,,,,,,,,,,,,,,,,,,,,,,,,,,,,,,,,,,34.15278,6.6254134,1.342196,34.15278,6.6254134,0.3383655,,,,,,,,,,,,,,,,,34.15278,6.715351,0.042128123,34.15278,6.715351,0.005312293,,,,,,,,,,,,,,,,,,,,,,,,,,,,,34.15278,6.715351,1.0000001e-07,34.15278,6.715351,7.0,,,,,,,
34.15278,6.6553926,0.399643,34.15278,6.6553926,0.40905845,,,,,,,,,,,,,,,,,,,,,,,,,,,,,,,,,,,,,,,,,,,,,,,,,,,,,,,,,,,,,34.15278,6.6553926,0.4496883,34.15278,6.6553926,0.08353574,,,,,,,,,,,,,,,,,34.15278,6.7453303,0.05218182,34.15278,6.7453303,-0.014144883,,,,,,,,,,,,,,,,,,,,,,,,,,,,,34.15278,6.7453303,1.0000001e-07,34.15278,6.7453303,7.0,,,,,,,
34.15278,6.685372,0.40035698,34.15278,6.685372,0.4102038,,,,,,,,,,,,,,,,,,,,,,,,,,,,,,,,,,,,,,,,,,,,,,,,,,,,,,,,,,,,,34.15278,6.685372,0.50902605,34.15278,6.685372,0.21421596,,,,,,,,,,,,,,,,,34.15278,6.7753096,0.017144617,34.15278,6.7753096,-0.014393553,,,,,,,,,,,,,,,,,,,,,,,,,,,,,34.15278,6.7753096,1.0000001e-07,34.15278,6.7753096,7.0,,,,,,,
34.15278,6.715351,0.40089244,34.15278,6.715351,0.40929642,,,,,,,,,,,,,,,,,,,,,,,,,,,,,,,,,,,,,,,,,,,,,,,,,,,,,,,,,,,,,34.15278,6.715351,0.6160513,34.15278,6.715351,0.12177922,,,,,,,,,,,,,,,,,34.15278,6.805289,0.049225293,34.15278,6.805289,0.01406864,,,,,,,,,,,,,,,,,,,,,,,,,,,,,34.15278,6.805289,1.0000001e-07,34.15278,6.805289,7.0,,,,,,,
34.15278,6.7453303,0.40177003,34.15278,6.7453303,0.40745205,,,,,,,,,,,,,,,,,,,,,,,,,,,,,,,,,,,,,,,,,,,,,,,,,,,,,,,,,,,,,34.15278,6.7453303,0.7468922,34.15278,6.7453303,-0.1589608,,,,,,,,,,,,,,,,,34.15278,6.835268,0.123512425,34.15278,6.835268,0.007187196,,,,,,,,,,,,,,,,,,,,,,,,,,,,,34.15278,6.835268,1.0000001e-07,34.15278,6.835268,7.0,,,,,,,
34.15278,6.7753096,0.3984531,34.15278,6.7753096,0.40751156,,,,,,,,,,,,,,,,,,,,,,,,,,,,,,,,,,,,,,,,,,,,,,,,,,,,,,,,,,,,,34.15278,6.7753096,0.2748134,34.15278,6.7753096,-0.13327672,,,,,,,,,,,,,,,,,34.15278,6.8652472,0.029529337,34.15278,6.8652472,-0.03558243,,,,,,,,,,,,,,,,,,,,,,,,,,,,,34.15278,6.8652472,1.0000001e-07,34.15278,6.8652472,7.0,,,,,,,
34.15278,6.805289,0.4014577,34.15278,6.805289,0.41005504,,,,,,,,,,,,,,,,,,,,,,,,,,,,,,,,,,,,,,,,,,,,,,,,,,,,,,,,,,,,,34.15278,6.805289,0.6882198,34.15278,6.805289,0.19272225,,,,,,,,,,,,,,,,,34.15278,6.8952265,-0.012657363,34.15278,6.8952265,0.04718659,,,,,,,,,,,,,,,,,,,,,,,,,,,,,34.15278,6.8952265,1.0000001e-07,34.15278,6.8952265,7.0,,,,,,,
34.15278,6.835268,0.40809163,34.15278,6.835268,0.4094452,,,,,,,,,,,,,,,,,,,,,,,,,,,,,,,,,,,,,,,,,,,,,,,,,,,,,,,,,,,,,34.15278,6.835268,1.6687335,34.15278,6.835268,0.18103202,,,,,,,,,,,,,,,,,34.15278,6.9252057,0.02615294,34.15278,6.9252057,0.00024074854,,,,,,,,,,,,,,,,,,,,,,,,,,,,,34.15278,6.9252057,1.0000001e-07,34.15278,6.9252057,7.0,,,,,,,
34.15278,6.8652472,0.3995835,34.15278,6.8652472,0.40565225,,,,,,,,,,,,,,,,,,,,,,,,,,,,,,,,,,,,,,,,,,,,,,,,,,,,,,,,,,,,,34.15278,6.8652472,0.47113678,34.15278,6.8652472,-0.39892346,,,,,,,,,,,,,,,,,34.15278,6.955185,-0.027646925,34.15278,6.955185,-0.03871364,,,,,,,,,,,,,,,,,,,,,,,,,,,,,34.15278,6.955185,1.0000001e-07,34.15278,6.955185,7.0,,,,,,,
34.15278,6.8952265,0.3957609,34.15278,6.8952265,0.41294065,,,,,,,,,,,,,,,,,,,,,,,,,,,,,,,,,,,,,,,,,,,,,,,,,,,,,,,,,,,,,34.15278,6.8952265,-0.111539856,34.15278,6.8952265,0.606398,,,,,,,,,,,,,,,,,34.15278,6.985164,0.0582545,34.15278,6.985164,-0.009347472,,,,,,,,,,,,,,,,,,,,,,,,,,,,,34.15278,6.985164,1.0000001e-07,34.15278,6.985164,7.0,,,,,,,
34.15278,6.9252057,0.39916706,34.15278,6.9252057,0.40874612,,,,,,,,,,,,,,,,,,,,,,,,,,,,,,,,,,,,,,,,,,,,,,,,,,,,,,,,,,,,,34.15278,6.9252057,0.36429185,34.15278,6.9252057,0.06606425,,,,,,,,,,,,,,,,,34.15278,7.0151434,0.04578728,34.15278,7.0151434,0.026632965,,,,,,,,,,,,,,,,,,,,,,,,,,,,,34.15278,7.0151434,1.0000001e-07,34.15278,7.0151434,7.0,,,,,,,
34.15278,6.955185,0.39452627,34.15278,6.955185,0.4053547,,,,,,,,,,,,,,,,,,,,,,,,,,,,,,,,,,,,,,,,,,,,,,,,,,,,,,,,,,,,,34.15278,6.955185,-0.29527405,34.15278,6.955185,-0.4363645,,,,,,,,,,,,,,,,,34.15278,7.0451226,0.039176736,34.15278,7.0451226,0.043395255,,,,,,,,,,,,,,,,,,,,,,,,,,,,,34.15278,7.0451226,1.0000001e-07,34.15278,7.0451226,7.0,,,,,,,
34.15278,6.985164,0.40203777,34.15278,6.985164,0.407928,,,,,,,,,,,,,,,,,,,,,,,,,,,,,,,,,,,,,,,,,,,,,,,,,,,,,,,,,,,,,34.15278,6.985164,0.76489455,34.15278,6.985164,-0.04255547,,,,,,,,,,,,,,,,,34.15278,7.0751023,0.076105036,34.15278,7.0751023,-0.017308494,,,,,,,,,,,,,,,,,,,,,,,,,,,,,34.15278,7.0751023,1.0000001e-07,34.15278,7.0751023,7.0,,,,,,,
34.15278,7.0151434,0.40089247,34.15278,7.0151434,0.41103673,,,,,,,,,,,,,,,,,,,,,,,,,,,,,,,,,,,,,,,,,,,,,,,,,,,,,,,,,,,,,34.15278,7.0151434,0.6455675,34.15278,7.0151434,0.3985016,,,,,,,,,,,,,,,,,34.15278,7.1050816,0.0021681834,34.15278,7.1050816,0.043426324,,,,,,,,,,,,,,,,,,,,,,,,,,,,,34.15278,7.1050816,1.0000001e-07,34.15278,7.1050816,7.0,,,,,,,
34.15278,7.0451226,0.40020826,34.15278,7.0451226,0.41243494,,,,,,,,,,,,,,,,,,,,,,,,,,,,,,,,,,,,,,,,,,,,,,,,,,,,,,,,,,,,,34.15278,7.0451226,0.51136905,34.15278,7.0451226,0.57847375,,,,,,,,,,,,,,,,,34.15278,7.135061,0.050391506,34.15278,7.135061,0.013057396,,,,,,,,,,,,,,,,,,,,,,,,,,,,,34.15278,7.135061,1.0000001e-07,34.15278,7.135061,7.0,,,,,,,
34.15278,7.075102,0.40328723,34.15278,7.075102,0.40736276,,,,,,,,,,,,,,,,,,,,,,,,,,,,,,,,,,,,,,,,,,,,,,,,,,,,,,,,,,,,,34.15278,7.075102,0.9791653,34.15278,7.075102,-0.1622921,,,,,,,,,,,,,,,,,34.15278,7.16504,0.006721725,34.15278,7.16504,-0.042506665,,,,,,,,,,,,,,,,,,,,,,,,,,,,,34.15278,7.16504,1.0000001e-07,34.15278,7.16504,7.0,,,,,,,
34.15278,7.105081,0.39712924,34.15278,7.105081,0.41222668,,,,,,,,,,,,,,,,,,,,,,,,,,,,,,,,,,,,,,,,,,,,,,,,,,,,,,,,,,,,,34.15278,7.105081,0.06972864,34.15278,7.105081,0.519945,,,,,,,,,,,,,,,,,34.15278,7.1950192,0.06622006,34.15278,7.1950192,-0.02068566,,,,,,,,,,,,,,,,,,,,,,,,,,,,,34.15278,7.1950192,1.0000001e-07,34.15278,7.1950192,7.0,,,,,,,
34.15278,7.1350603,0.40114534,34.15278,7.1350603,0.40977246,,,,,,,,,,,,,,,,,,,,,,,,,,,,,,,,,,,,,,,,,,,,,,,,,,,,,,,,,,,,,34.15278,7.1350603,0.63130796,34.15278,7.1350603,0.18448038,,,,,,,,,,,,,,,,,34.15278,7.2249985,-0.0033858551,34.15278,7.2249985,-0.005326239,,,,,,,,,,,,,,,,,,,,,,,,,,,,,34.15278,7.2249985,1.0000001e-07,34.15278,7.2249985,7.0,,,,,,,
34.15278,7.1650395,0.39739698,34.15278,7.1650395,0.405206,,,,,,,,,,,,,,,,,,,,,,,,,,,,,,,,,,,,,,,,,,,,,,,,,,,,,,,,,,,,,34.15278,7.1650395,0.14295475,34.15278,7.1650395,-0.4894848,,,,,,,,,,,,,,,,,34.15278,7.2549777,0.04502194,34.15278,7.2549777,0.04447679,,,,,,,,,,,,,,,,,,,,,,,,,,,,,34.15278,7.2549777,1.0000001e-07,34.15278,7.2549777,7.0,,,,,,,
34.15278,7.195019,0.40229064,34.15278,7.195019,0.40710995,,,,,,,,,,,,,,,,,,,,,,,,,,,,,,,,,,,,,,,,,,,,,,,,,,,,,,,,,,,,,34.15278,7.195019,0.78226507,34.15278,7.195019,-0.15507713,,,,,,,,,,,,,,,,,34.15278,7.284957,-0.004070533,34.15278,7.284957,0.008047996,,,,,,,,,,,,,,,,,,,,,,,,,,,,,34.15278,7.284957,1.0000001e-07,34.15278,7.284957,7.0,,,,,,,
34.15278,7.224998,0.39659378,34.15278,7.224998,0.40829986,,,,,,,,,,,,,,,,,,,,,,,,,,,,,,,,,,,,,,,,,,,,,,,,,,,,,,,,,,,,,34.15278,7.224998,0.0073919096,34.15278,7.224998,-0.003863613,,,,,,,,,,,,,,,,,34.15278,7.314936,0.064821124,34.15278,7.314936,0.013854545,,,,,,,,,,,,,,,,,,,,,,,,,,,,,34.15278,7.314936,1.0000001e-07,34.15278,7.314936,7.0,,,,,,,
34.15278,7.2549777,0.4006396,34.15278,7.2549777,0.41228616,,,,,,,,,,,,,,,,,,,,,,,,,,,,,,,,,,,,,,,,,,,,,,,,,,,,,,,,,,,,,34.15278,7.2549777,0.5740578,34.15278,7.2549777,0.5313051,,,,,,,,,,,,,,,,,34.15278,7.3449154,0.06374949,34.15278,7.3449154,-0.010447049,,,,,,,,,,,,,,,,,,,,,,,,,,,,,34.15278,7.3449154,1.0000001e-07,34.15278,7.3449154,7.0,,,,,,,
34.15278,7.284957,0.39663842,34.15278,7.284957,0.40929642,,,,,,,,,,,,,,,,,,,,,,,,,,,,,,,,,,,,,,,,,,,,,,,,,,,,,,,,,,,,,34.15278,7.284957,0.03139861,34.15278,7.284957,0.12152505,,,,,,,,,,,,,,,,,34.15278,7.3748946,0.008199374,34.15278,7.3748946,-0.019148411,,,,,,,,,,,,,,,,,,,,,,,,,,,,,34.15278,7.3748946,1.0000001e-07,34.15278,7.3748946,7.0,,,,,,,
34.15278,7.314936,0.40200803,34.15278,7.314936,0.40977243,,,,,,,,,,,,,,,,,,,,,,,,,,,,,,,,,,,,,,,,,,,,,,,,,,,,,,,,,,,,,34.15278,7.314936,0.82981896,34.15278,7.314936,0.19733912,,,,,,,,,,,,,,,,,34.15278,7.404874,0.023726821,34.15278,7.404874,0.045366254,,,,,,,,,,,,,,,,,,,,,,,,,,,,,34.15278,7.404874,1.0000001e-07,34.15278,7.404874,7.0,,,,,,,
34.15278,7.3449154,0.40194857,34.15278,7.3449154,0.4079429,,,,,,,,,,,,,,,,,,,,,,,,,,,,,,,,,,,,,,,,,,,,,,,,,,,,,,,,,,,,,34.15278,7.3449154,0.787514,34.15278,7.3449154,-0.07445255,,,,,,,,,,,,,,,,,34.15278,7.434853,0.049259774,34.15278,7.434853,-0.040479135,,,,,,,,,,,,,,,,,,,,,,,,,,,,,34.15278,7.434853,1.0000001e-07,34.15278,7.434853,7.0,,,,,,,
34.15278,7.3748946,0.39753088,34.15278,7.3748946,0.4071991,,,,,,,,,,,,,,,,,,,,,,,,,,,,,,,,,,,,,,,,,,,,,,,,,,,,,,,,,,,,,34.15278,7.3748946,0.20157818,34.15278,7.3748946,-0.19055724,,,,,,,,,,,,,,,,,34.15278,7.4648323,0.06564988,34.15278,7.4648323,-0.008183945,,,,,,,,,,,,,,,,,,,,,,,,,,,,,34.15278,7.4648323,1.0000001e-07,34.15278,7.4648323,7.0,,,,,,,
34.15278,7.404874,0.39873567,34.15278,7.404874,0.41222668,,,,,,,,,,,,,,,,,,,,,,,,,,,,,,,,,,,,,,,,,,,,,,,,,,,,,,,,,,,,,34.15278,7.404874,0.33133188,34.15278,7.404874,0.5174493,,,,,,,,,,,,,,,,,34.15278,7.4948115,0.095005676,34.15278,7.4948115,0.06283046,,,,,,,,,,,,,,,,,,,,,,,,,,,,,34.15278,7.4948115,1.0000001e-07,34.15278,7.4948115,7.0,,,,,,,
34.15278,7.434853,0.40072885,34.15278,7.434853,0.4056076,,,,,,,,,,,,,,,,,,,,,,,,,,,,,,,,,,,,,,,,,,,,,,,,,,,,,,,,,,,,,34.15278,7.434853,0.5945838,34.15278,7.434853,-0.37946817,,,,,,,,,,,,,,,,,34.15278,7.524791,0.060437195,34.15278,7.524791,-0.003632355,,,,,,,,,,,,,,,,,,,,,,,,,,,,,34.15278,7.524791,1.0000001e-07,34.15278,7.524791,7.0,,,,,,,
34.15278,7.4648323,0.40191877,34.15278,7.4648323,0.40809157,,,,,,,,,,,,,,,,,,,,,,,,,,,,,,,,,,,,,,,,,,,,,,,,,,,,,,,,,,,,,34.15278,7.4648323,0.76696044,34.15278,7.4648323,-0.04387673,,,,,,,,,,,,,,,,,34.15278,7.55477,0.04234277,34.15278,7.55477,0.031181524,,,,,,,,,,,,,,,,,,,,,,,,,,,,,34.15278,7.55477,1.0000001e-07,34.15278,7.55477,7.0,,,,,,,
34.15278,7.4948115,0.40394172,34.15278,7.4948115,0.41335714,,,,,,,,,,,,,,,,,,,,,,,,,,,,,,,,,,,,,,,,,,,,,,,,,,,,,,,,,,,,,34.15278,7.4948115,1.0232848,34.15278,7.4948115,0.6901264,,,,,,,,,,,,,,,,,34.15278,7.584749,0.07862596,34.15278,7.584749,0.0020380286,,,,,,,,,,,,,,,,,,,,,,,,,,,,,34.15278,7.584749,1.0000001e-07,34.15278,7.584749,7.0,,,,,,,
34.15278,7.524791,0.40135357,34.15278,7.524791,0.40844858,,,,,,,,,,,,,,,,,,,,,,,,,,,,,,,,,,,,,,,,,,,,,,,,,,,,,,,,,,,,,34.15278,7.524791,0.6787374,34.15278,7.524791,0.00034622682,,,,,,,,,,,,,,,,,34.15278,7.6147285,-0.0024228324,34.15278,7.6147285,0.028400399,,,,,,,,,,,,,,,,,,,,,,,,,,,,,34.15278,7.6147285,1.0000001e-07,34.15278,7.6147285,7.0,,,,,,,
34.15278,7.55477,0.40002975,34.15278,7.55477,0.41102186,,,,,,,,,,,,,,,,,,,,,,,,,,,,,,,,,,,,,,,,,,,,,,,,,,,,,,,,,,,,,34.15278,7.55477,0.5060387,34.15278,7.55477,0.420485,,,,,,,,,,,,,,,,,34.15278,7.6447077,0.037273046,34.15278,7.6447077,0.007880017,,,,,,,,,,,,,,,,,,,,,,,,,,,,,34.15278,7.6447077,1.0000001e-07,34.15278,7.6447077,7.0,,,,,,,
34.15278,7.584749,0.40258813,34.15278,7.584749,0.40889487,,,,,,,,,,,,,,,,,,,,,,,,,,,,,,,,,,,,,,,,,,,,,,,,,,,,,,,,,,,,,34.15278,7.584749,0.8365861,34.15278,7.584749,0.060243733,,,,,,,,,,,,,,,,,34.15278,7.674687,0.006514239,34.15278,7.674687,0.070133775,,,,,,,,,,,,,,,,,,,,,,,,,,,,,34.15278,7.674687,1.0000001e-07,34.15278,7.674687,7.0,,,,,,,
34.15278,7.6147285,0.39681688,34.15278,7.6147285,0.4107095,,,,,,,,,,,,,,,,,,,,,,,,,,,,,,,,,,,,,,,,,,,,,,,,,,,,,,,,,,,,,34.15278,7.6147285,0.024909437,34.15278,7.6147285,0.32439977,,,,,,,,,,,,,,,,,34.15278,7.704666,0.05567003,34.15278,7.704666,-0.0206252,,,,,,,,,,,,,,,,,,,,,,,,,,,,,34.15278,7.704666,1.0000001e-07,34.15278,7.704666,7.0,,,,,,,
34.15278,7.6447077,0.399524,34.15278,7.6447077,0.40920722,,,,,,,,,,,,,,,,,,,,,,,,,,,,,,,,,,,,,,,,,,,,,,,,,,,,,,,,,,,,,34.15278,7.6447077,0.42760962,34.15278,7.6447077,0.11673845,,,,,,,,,,,,,,,,,34.15278,7.7346454,0.007951819,34.15278,7.7346454,-0.0033176094,,,,,,,,,,,,,,,,,,,,,,,,,,,,,34.15278,7.7346454,1.0000001e-07,34.15278,7.7346454,7.0,,,,,,,
34.15278,7.674687,0.39735234,34.15278,7.674687,0.41366947,,,,,,,,,,,,,,,,,,,,,,,,,,,,,,,,,,,,,,,,,,,,,,,,,,,,,,,,,,,,,34.15278,7.674687,0.09595715,34.15278,7.674687,0.7617536,,,,,,,,,,,,,,,,,34.15278,7.7646246,0.05634688,34.15278,7.7646246,-0.015975025,,,,,,,,,,,,,,,,,,,,,,,,,,,,,34.15278,7.7646246,1.0000001e-07,34.15278,7.7646246,7.0,,,,,,,
34.15278,7.704666,0.40080324,34.15278,7.704666,0.40728843,,,,,,,,,,,,,,,,,,,,,,,,,,,,,,,,,,,,,,,,,,,,,,,,,,,,,,,,,,,,,34.15278,7.704666,0.60419214,34.15278,7.704666,-0.18129009,,,,,,,,,,,,,,,,,34.15278,7.794604,0.08439766,34.15278,7.794604,0.036076184,,,,,,,,,,,,,,,,,,,,,,,,,,,,,34.15278,7.794604,1.0000001e-07,34.15278,7.794604,7.0,,,,,,,
34.15278,7.7346454,0.39744166,34.15278,7.7346454,0.40853786,,,,,,,,,,,,,,,,,,,,,,,,,,,,,,,,,,,,,,,,,,,,,,,,,,,,,,,,,,,,,34.15278,7.7346454,0.1347406,34.15278,7.7346454,0.021929065,,,,,,,,,,,,,,,,,34.15278,7.824583,0.023578487,34.15278,7.824583,0.00047544143,,,,,,,,,,,,,,,,,,,,,,,,,,,,,34.15278,7.824583,1.0000001e-07,34.15278,7.824583,7.0,,,,,,,
34.15278,7.7646246,0.40081808,34.15278,7.7646246,0.4075264,,,,,,,,,,,,,,,,,,,,,,,,,,,,,,,,,,,,,,,,,,,,,,,,,,,,,,,,,,,,,34.15278,7.7646246,0.5785799,34.15278,7.7646246,-0.14062136,,,,,,,,,,,,,,,,,34.15278,7.8545623,0.017964609,34.15278,7.8545623,0.026779072,,,,,,,,,,,,,,,,,,,,,,,,,,,,,34.15278,7.8545623,1.0000001e-07,34.15278,7.8545623,7.0,,,,,,,
34.15278,7.794604,0.4026625,34.15278,7.794604,0.411126,,,,,,,,,,,,,,,,,,,,,,,,,,,,,,,,,,,,,,,,,,,,,,,,,,,,,,,,,,,,,34.15278,7.794604,0.8075477,34.15278,7.794604,0.39341727,,,,,,,,,,,,,,,,,34.15278,7.8845415,0.05961526,34.15278,7.8845415,0.02459735,,,,,,,,,,,,,,,,,,,,,,,,,,,,,34.15278,7.8845415,1.0000001e-07,34.15278,7.8845415,7.0,,,,,,,
34.15278,7.824583,0.39852744,34.15278,7.824583,0.40873122,,,,,,,,,,,,,,,,,,,,,,,,,,,,,,,,,,,,,,,,,,,,,,,,,,,,,,,,,,,,,34.15278,7.824583,0.29022682,34.15278,7.824583,0.03185181,,,,,,,,,,,,,,,,,34.15278,7.914521,0.027131343,34.15278,7.914521,-0.048849557,,,,,,,,,,,,,,,,,,,,,,,,,,,,,34.15278,7.914521,1.0000001e-07,34.15278,7.914521,7.0,,,,,,,
34.15278,7.8545623,0.3980663,34.15278,7.8545623,0.41053098,,,,,,,,,,,,,,,,,,,,,,,,,,,,,,,,,,,,,,,,,,,,,,,,,,,,,,,,,,,,,34.15278,7.8545623,0.26975074,34.15278,7.8545623,0.31776923,,,,,,,,,,,,,,,,,34.15278,7.9445004,-0.004934859,34.15278,7.9445004,-0.008864481,,,,,,,,,,,,,,,,,,,,,,,,,,,,,34.15278,7.9445004,1.0000001e-07,34.15278,7.9445004,7.0,,,,,,,
34.15278,7.8845415,0.40086272,34.15278,7.8845415,0.41027814,,,,,,,,,,,,,,,,,,,,,,,,,,,,,,,,,,,,,,,,,,,,,,,,,,,,,,,,,,,,,34.15278,7.8845415,0.5756637,34.15278,7.8845415,0.22887748,,,,,,,,,,,,,,,,,34.15278,7.9744797,0.100145854,34.15278,7.9744797,0.0124135,,,,,,,,,,,,,,,,,,,,,,,,,,,,,34.15278,7.9744797,1.0000001e-07,34.15278,7.9744797,7.0,,,,,,,
34.15278,7.9145207,0.39864647,34.15278,7.9145207,0.40539935,,,,,,,,,,,,,,,,,,,,,,,,,,,,,,,,,,,,,,,,,,,,,,,,,,,,,,,,,,,,,34.15278,7.9145207,0.28902954,34.15278,7.9145207,-0.41814756,,,,,,,,,,,,,,,,,34.15278,8.004458,0.054289874,34.15278,8.004458,-0.0062005427,,,,,,,,,,,,,,,,,,,,,,,,,,,,,34.15278,8.004458,1.0000001e-07,34.15278,8.004458,7.0,,,,,,,
34.15278,7.9445,0.3965194,34.15278,7.9445,0.40807676,,,,,,,,,,,,,,,,,,,,,,,,,,,,,,,,,,,,,,,,,,,,,,,,,,,,,,,,,,,,,34.15278,7.9445,-0.05686207,34.15278,7.9445,-0.042529557,,,,,,,,,,,,,,,,,34.15278,8.034438,0.052920636,34.15278,8.034438,0.004259563,,,,,,,,,,,,,,,,,,,,,,,,,,,,,34.15278,8.034438,1.0000001e-07,34.15278,8.034438,7.0,,,,,,,
34.15278,7.974479,0.40348062,34.15278,7.974479,0.40953442,,,,,,,,,,,,,,,,,,,,,,,,,,,,,,,,,,,,,,,,,,,,,,,,,,,,,,,,,,,,,34.15278,7.974479,0.96348923,34.15278,7.974479,0.18041998,,,,,,,,,,,,,,,,,34.15278,8.064417,0.045578334,34.15278,8.064417,0.04305993,,,,,,,,,,,,,,,,,,,,,,,,,,,,,34.15278,8.064417,1.0000001e-07,34.15278,8.064417,7.0,,,,,,,
34.15278,8.004458,0.40047598,34.15278,8.004458,0.40821064,,,,,,,,,,,,,,,,,,,,,,,,,,,,,,,,,,,,,,,,,,,,,,,,,,,,,,,,,,,,,34.15278,8.004458,0.5624683,34.15278,8.004458,-0.010535793,,,,,,,,,,,,,,,,,34.15278,8.094397,0.04153981,34.15278,8.094397,0.027642183,,,,,,,,,,,,,,,,,,,,,,,,,,,,,34.15278,8.094397,1.0000001e-07,34.15278,8.094397,7.0,,,,,,,
34.15278,8.034438,0.4002975,34.15278,8.034438,0.40901387,,,,,,,,,,,,,,,,,,,,,,,,,,,,,,,,,,,,,,,,,,,,,,,,,,,,,,,,,,,,,34.15278,8.034438,0.5453355,34.15278,8.034438,0.102545924,,,,,,,,,,,,,,,,,34.15278,8.124375,-0.038255148,34.15278,8.124375,-0.027902404,,,,,,,,,,,,,,,,,,,,,,,,,,,,,34.15278,8.124375,1.0000001e-07,34.15278,8.124375,7.0,,,,,,,
34.15278,8.064417,0.39980662,34.15278,8.064417,0.41137886,,,,,,,,,,,,,,,,,,,,,,,,,,,,,,,,,,,,,,,,,,,,,,,,,,,,,,,,,,,,,34.15278,8.064417,0.45134366,34.15278,8.064417,0.37720144,,,,,,,,,,,,,,,,,34.15278,8.154355,0.016367434,34.15278,8.154355,0.04519448,,,,,,,,,,,,,,,,,,,,,,,,,,,,,34.15278,8.154355,1.0000001e-07,34.15278,8.154355,7.0,,,,,,,
34.15278,8.094397,0.39944968,34.15278,8.094397,0.41056073,,,,,,,,,,,,,,,,,,,,,,,,,,,,,,,,,,,,,,,,,,,,,,,,,,,,,,,,,,,,,34.15278,8.094397,0.39561483,34.15278,8.094397,0.33109578,,,,,,,,,,,,,,,,,34.15278,8.184334,0.06588437,34.15278,8.184334,-0.017870685,,,,,,,,,,,,,,,,,,,,,,,,,,,,,34.15278,8.184334,1.0000001e-07,34.15278,8.184334,7.0,,,,,,,
34.15278,8.124375,0.39428827,34.15278,8.124375,0.4069017,,,,,,,,,,,,,,,,,,,,,,,,,,,,,,,,,,,,,,,,,,,,,,,,,,,,,,,,,,,,,34.15278,8.124375,-0.35121477,34.15278,8.124375,-0.21221986,,,,,,,,,,,,,,,,,34.15278,8.2143135,0.07292999,34.15278,8.2143135,0.06283052,,,,,,,,,,,,,,,,,,,,,,,,,,,,,34.15278,8.2143135,1.0000001e-07,34.15278,8.2143135,7.0,,,,,,,
34.15278,8.154355,0.39787295,34.15278,8.154355,0.4115871,,,,,,,,,,,,,,,,,,,,,,,,,,,,,,,,,,,,,,,,,,,,,,,,,,,,,,,,,,,,,34.15278,8.154355,0.160609,34.15278,8.154355,0.43301943,,,,,,,,,,,,,,,,,34.15278,8.244292,0.060260978,34.15278,8.244292,-0.05184337,,,,,,,,,,,,,,,,,,,,,,,,,,,,,34.15278,8.244292,1.0000001e-07,34.15278,8.244292,7.0,,,,,,,
34.15278,8.184334,0.40107095,34.15278,8.184334,0.40760076,,,,,,,,,,,,,,,,,,,,,,,,,,,,,,,,,,,,,,,,,,,,,,,,,,,,,,,,,,,,,34.15278,8.184334,0.64318395,34.15278,8.184334,-0.08631757,,,,,,,,,,,,,,,,,34.15278,8.274272,0.030761192,34.15278,8.274272,0.041360766,,,,,,,,,,,,,,,,,,,,,,,,,,,,,34.15278,8.274272,1.0000001e-07,34.15278,8.274272,7.0,,,,,,,
34.15278,8.2143135,0.4013982,34.15278,8.2143135,0.4125539,,,,,,,,,,,,,,,,,,,,,,,,,,,,,,,,,,,,,,,,,,,,,,,,,,,,,,,,,,,,,34.15278,8.2143135,0.6881373,34.15278,8.2143135,0.56759,,,,,,,,,,,,,,,,,34.15278,8.304251,-0.027368503,34.15278,8.304251,0.0016179201,,,,,,,,,,,,,,,,,,,,,,,,,,,,,34.15278,8.304251,1.0000001e-07,34.15278,8.304251,7.0,,,,,,,
34.15278,8.244292,0.4006396,34.15278,8.244292,0.4054589,,,,,,,,,,,,,,,,,,,,,,,,,,,,,,,,,,,,,,,,,,,,,,,,,,,,,,,,,,,,,34.15278,8.244292,0.6176751,34.15278,8.244292,-0.42749828,,,,,,,,,,,,,,,,,34.15278,8.33423,0.013949066,34.15278,8.33423,0.001441908,,,,,,,,,,,,,,,,,,,,,,,,,,,,,34.15278,8.33423,1.0000001e-07,34.15278,8.33423,7.0,,,,,,,
34.15278,8.274272,0.39876544,34.15278,8.274272,0.41125983,,,,,,,,,,,,,,,,,,,,,,,,,,,,,,,,,,,,,,,,,,,,,,,,,,,,,,,,,,,,,34.15278,8.274272,0.3070637,34.15278,8.274272,0.37420067,,,,,,,,,,,,,,,,,34.15278,8.36421,-0.013655696,34.15278,8.36421,0.018254658,,,,,,,,,,,,,,,,,,,,,,,,,,,,,34.15278,8.36421,1.0000001e-07,34.15278,8.36421,7.0,,,,,,,
34.15278,8.304251,0.39518076,34.15278,8.304251,0.40877587,,,,,,,,,,,,,,,,,,,,,,,,,,,,,,,,,,,,,,,,,,,,,,,,,,,,,,,,,,,,,34.15278,8.304251,-0.17845255,34.15278,8.304251,0.06677178,,,,,,,,,,,,,,,,,34.15278,8.394189,-0.0013829304,34.15278,8.394189,-0.011620011,,,,,,,,,,,,,,,,,,,,,,,,,,,,,34.15278,8.394189,1.0000001e-07,34.15278,8.394189,7.0,,,,,,,
34.15278,8.33423,0.39781347,34.15278,8.33423,0.40870148,,,,,,,,,,,,,,,,,,,,,,,,,,,,,,,,,,,,,,,,,,,,,,,,,,,,,,,,,,,,,34.15278,8.33423,0.21417874,34.15278,8.33423,0.018086264,,,,,,,,,,,,,,,,,34.15278,8.424169,0.09876653,34.15278,8.424169,-0.0058655967,,,,,,,,,,,,,,,,,,,,,,,,,,,,,34.15278,8.424169,1.0000001e-07,34.15278,8.424169,7.0,,,,,,,
34.15278,8.364209,0.39602855,34.15278,8.364209,0.4097873,,,,,,,,,,,,,,,,,,,,,,,,,,,,,,,,,,,,,,,,,,,,,,,,,,,,,,,,,,,,,34.15278,8.364209,-0.07095948,34.15278,8.364209,0.20946363,,,,,,,,,,,,,,,,,34.15278,8.454147,-0.0059132394,34.15278,8.454147,-0.018776797,,,,,,,,,,,,,,,,,,,,,,,,,,,,,34.15278,8.454147,1.0000001e-07,34.15278,8.454147,7.0,,,,,,,
34.15278,8.394189,0.39671278,34.15278,8.394189,0.40791315,,,,,,,,,,,,,,,,,,,,,,,,,,,,,,,,,,,,,,,,,,,,,,,,,,,,,,,,,,,,,34.15278,8.394189,0.04024901,34.15278,8.394189,-0.103349894,,,,,,,,,,,,,,,,,34.15278,8.484127,-0.023861386,34.15278,8.484127,-0.013638418,,,,,,,,,,,,,,,,,,,,,,,,,,,,,34.15278,8.484127,1.0000001e-07,34.15278,8.484127,7.0,,,,,,,
34.15278,8.424168,0.40270713,34.15278,8.424168,0.40824035,,,,,,,,,,,,,,,,,,,,,,,,,,,,,,,,,,,,,,,,,,,,,,,,,,,,,,,,,,,,,34.15278,8.424168,0.88128954,34.15278,8.424168,-0.032298375,,,,,,,,,,,,,,,,,34.15278,8.514106,0.03277354,34.15278,8.514106,-0.00126163,,,,,,,,,,,,,,,,,,,,,,,,,,,,,34.15278,8.514106,1.0000001e-07,34.15278,8.514106,7.0,,,,,,,
34.15278,8.454147,0.39638555,34.15278,8.454147,0.4076305,,,,,,,,,,,,,,,,,,,,,,,,,,,,,,,,,,,,,,,,,,,,,,,,,,,,,,,,,,,,,34.15278,8.454147,-0.020134423,34.15278,8.454147,-0.11352592,,,,,,,,,,,,,,,,,34.15278,8.5440855,0.042918697,34.15278,8.5440855,0.05899289,,,,,,,,,,,,,,,,,,,,,,,,,,,,,34.15278,8.5440855,1.0000001e-07,34.15278,8.5440855,7.0,,,,,,,
34.15278,8.484126,0.39537412,34.15278,8.484126,0.40792805,,,,,,,,,,,,,,,,,,,,,,,,,,,,,,,,,,,,,,,,,,,,,,,,,,,,,,,,,,,,,34.15278,8.484126,-0.19226475,34.15278,8.484126,-0.029793186,,,,,,,,,,,,,,,,,34.15278,8.574064,-0.0074885273,34.15278,8.574064,0.009591316,,,,,,,,,,,,,,,,,,,,,,,,,,,,,34.15278,8.574064,1.0000001e-07,34.15278,8.574064,7.0,,,,,,,
34.15278,8.514106,0.39879522,34.15278,8.514106,0.40865684,,,,,,,,,,,,,,,,,,,,,,,,,,,,,,,,,,,,,,,,,,,,,,,,,,,,,,,,,,,,,34.15278,8.514106,0.35206306,34.15278,8.514106,0.08197382,,,,,,,,,,,,,,,,,34.15278,8.604044,-0.018506933,34.15278,8.604044,0.005298143,,,,,,,,,,,,,,,,,,,,,,,,,,,,,34.15278,8.604044,1.0000001e-07,34.15278,8.604044,7.0,,,,,,,
34.15278,8.5440855,0.39922655,34.15278,8.5440855,0.41215232,,,,,,,,,,,,,,,,,,,,,,,,,,,,,,,,,,,,,,,,,,,,,,,,,,,,,,,,,,,,,34.15278,8.5440855,0.3885244,34.15278,8.5440855,0.53114754,,,,,,,,,,,,,,,,,34.15278,8.634023,0.094803326,34.15278,8.634023,-0.040685896,,,,,,,,,,,,,,,,,,,,,,,,,,,,,34.15278,8.634023,1.0000001e-07,34.15278,8.634023,7.0,,,,,,,
34.15278,8.574064,0.39637068,34.15278,8.574064,0.40917745,,,,,,,,,,,,,,,,,,,,,,,,,,,,,,,,,,,,,,,,,,,,,,,,,,,,,,,,,,,,,34.15278,8.574064,0.027435873,34.15278,8.574064,0.11300378,,,,,,,,,,,,,,,,,34.15278,8.664002,0.11898388,34.15278,8.664002,0.032258973,,,,,,,,,,,,,,,,,,,,,,,,,,,,,34.15278,8.664002,1.0000001e-07,34.15278,8.664002,7.0,,,,,,,
34.15278,8.604044,0.39571616,34.15278,8.604044,0.4089841,,,,,,,,,,,,,,,,,,,,,,,,,,,,,,,,,,,,,,,,,,,,,,,,,,,,,,,,,,,,,34.15278,8.604044,-0.0934656,34.15278,8.604044,0.10426644,,,,,,,,,,,,,,,,,34.15278,8.693981,0.045602236,34.15278,8.693981,0.085869655,,,,,,,,,,,,,,,,,,,,,,,,,,,,,34.15278,8.693981,1.0000001e-07,34.15278,8.693981,7.0,,,,,,,
34.15278,8.634023,0.40220138,34.15278,8.634023,0.40635133,,,,,,,,,,,,,,,,,,,,,,,,,,,,,,,,,,,,,,,,,,,,,,,,,,,,,,,,,,,,,34.15278,8.634023,0.7759654,34.15278,8.634023,-0.2955508,,,,,,,,,,,,,,,,,34.15278,8.723961,0.0064521236,34.15278,8.723961,0.013894939,,,,,,,,,,,,,,,,,,,,,,,,,,,,,34.15278,8.723961,1.0000001e-07,34.15278,8.723961,7.0,,,,,,,
34.15278,8.664002,0.40345085,34.15278,8.664002,0.41053098,,,,,,,,,,,,,,,,,,,,,,,,,,,,,,,,,,,,,,,,,,,,,,,,,,,,,,,,,,,,,34.15278,8.664002,0.96641433,34.15278,8.664002,0.3035134,,,,,,,,,,,,,,,,,34.15278,8.75394,0.076475315,34.15278,8.75394,0.012279262,,,,,,,,,,,,,,,,,,,,,,,,,,,,,34.15278,8.75394,1.0000001e-07,34.15278,8.75394,7.0,,,,,,,
34.15278,8.693981,0.39931574,34.15278,8.693981,0.41344637,,,,,,,,,,,,,,,,,,,,,,,,,,,,,,,,,,,,,,,,,,,,,,,,,,,,,,,,,,,,,34.15278,8.693981,0.3569495,34.15278,8.693981,0.6823905,,,,,,,,,,,,,,,,,34.15278,8.783919,0.023376506,34.15278,8.783919,-0.010228892,,,,,,,,,,,,,,,,,,,,,,,,,,,,,34.15278,8.783919,1.0000001e-07,34.15278,8.783919,7.0,,,,,,,
34.15278,8.723961,0.39717388,34.15278,8.723961,0.40940055,,,,,,,,,,,,,,,,,,,,,,,,,,,,,,,,,,,,,,,,,,,,,,,,,,,,,,,,,,,,,34.15278,8.723961,0.0620295,34.15278,8.723961,0.12129455,,,,,,,,,,,,,,,,,34.15278,8.813898,0.022610363,34.15278,8.813898,-0.03331786,,,,,,,,,,,,,,,,,,,,,,,,,,,,,34.15278,8.813898,1.0000001e-07,34.15278,8.813898,7.0,,,,,,,
34.15278,8.75394,0.40101144,34.15278,8.75394,0.40937078,,,,,,,,,,,,,,,,,,,,,,,,,,,,,,,,,,,,,,,,,,,,,,,,,,,,,,,,,,,,,34.15278,8.75394,0.6194615,34.15278,8.75394,0.112624474,,,,,,,,,,,,,,,,,34.15278,8.843878,0.04343607,34.15278,8.843878,-0.06912808,,,,,,,,,,,,,,,,,,,,,,,,,,,,,34.15278,8.843878,1.0000001e-07,34.15278,8.843878,7.0,,,,,,,
34.15278,8.783919,0.39809605,34.15278,8.783919,0.40813625,,,,,,,,,,,,,,,,,,,,,,,,,,,,,,,,,,,,,,,,,,,,,,,,,,,,,,,,,,,,,34.15278,8.783919,0.17227644,34.15278,8.783919,-0.054297764,,,,,,,,,,,,,,,,,34.15278,8.873857,-0.011358182,34.15278,8.873857,-0.017374506,,,,,,,,,,,,,,,,,,,,,,,,,,,,,34.15278,8.873857,1.0000001e-07,34.15278,8.873857,7.0,,,,,,,
34.15278,8.813898,0.39812586,34.15278,8.813898,0.4069166,,,,,,,,,,,,,,,,,,,,,,,,,,,,,,,,,,,,,,,,,,,,,,,,,,,,,,,,,,,,,34.15278,8.813898,0.21477051,34.15278,8.813898,-0.25804847,,,,,,,,,,,,,,,,,34.15278,8.903836,-0.045804,34.15278,8.903836,0.065812744,,,,,,,,,,,,,,,,,,,,,,,,,,,,,34.15278,8.903836,1.0000001e-07,34.15278,8.903836,7.0,,,,,,,
34.15278,8.843878,0.39910755,34.15278,8.843878,0.4049234,,,,,,,,,,,,,,,,,,,,,,,,,,,,,,,,,,,,,,,,,,,,,,,,,,,,,,,,,,,,,34.15278,8.843878,0.32129627,34.15278,8.843878,-0.49247253,,,,,,,,,,,,,,,,,34.15278,8.933815,0.043693796,34.15278,8.933815,-0.039595608,,,,,,,,,,,,,,,,,,,,,,,,,,,,,34.15278,8.933815,1.0000001e-07,34.15278,8.933815,7.0,,,,,,,
34.15278,8.873857,0.39617726,34.15278,8.873857,0.40767515,,,,,,,,,,,,,,,,,,,,,,,,,,,,,,,,,,,,,,,,,,,,,,,,,,,,,,,,,,,,,34.15278,8.873857,-0.043876488,34.15278,8.873857,-0.1154105,,,,,,,,,,,,,,,,,34.15278,8.963795,0.011278191,34.15278,8.963795,0.024011033,,,,,,,,,,,,,,,,,,,,,,,,,,,,,34.15278,8.963795,1.0000001e-07,34.15278,8.963795,7.0,,,,,,,
34.15278,8.903836,0.394318,34.15278,8.903836,0.4121523,,,,,,,,,,,,,,,,,,,,,,,,,,,,,,,,,,,,,,,,,,,,,,,,,,,,,,,,,,,,,34.15278,8.903836,-0.35748568,34.15278,8.903836,0.53518236,,,,,,,,,,,,,,,,,34.15278,8.993773,0.029879749,34.15278,8.993773,0.012007579,,,,,,,,,,,,,,,,,,,,,,,,,,,,,34.15278,8.993773,1.0000001e-07,34.15278,8.993773,7.0,,,,,,,
34.15278,8.933815,0.39927116,34.15278,8.933815,0.4065596,,,,,,,,,,,,,,,,,,,,,,,,,,,,,,,,,,,,,,,,,,,,,,,,,,,,,,,,,,,,,34.15278,8.933815,0.36907503,34.15278,8.933815,-0.21931595,,,,,,,,,,,,,,,,,34.15278,9.023753,-0.06478417,34.15278,9.023753,-0.013688483,,,,,,,,,,,,,,,,,,,,,,,,,,,,,34.15278,9.023753,1.0000001e-07,34.15278,9.023753,7.0,,,,,,,
34.15278,8.963795,0.39732262,34.15278,8.963795,0.40987656,,,,,,,,,,,,,,,,,,,,,,,,,,,,,,,,,,,,,,,,,,,,,,,,,,,,,,,,,,,,,34.15278,8.963795,0.108529806,34.15278,8.963795,0.18496531,,,,,,,,,,,,,,,,,34.15278,9.053732,0.04301495,34.15278,9.053732,0.02272451,,,,,,,,,,,,,,,,,,,,,,,,,,,,,34.15278,9.053732,1.0000001e-07,34.15278,9.053732,7.0,,,,,,,
34.15278,8.993773,0.39843822,34.15278,8.993773,0.40922204,,,,,,,,,,,,,,,,,,,,,,,,,,,,,,,,,,,,,,,,,,,,,,,,,,,,,,,,,,,,,34.15278,8.993773,0.2862613,34.15278,8.993773,0.09151885,,,,,,,,,,,,,,,,,34.15278,9.083712,0.0973626,34.15278,9.083712,0.00241382,,,,,,,,,,,,,,,,,,,,,,,,,,,,,34.15278,9.083712,1.0000001e-07,34.15278,9.083712,7.0,,,,,,,
34.15278,9.023753,0.39338097,34.15278,9.023753,0.40795776,,,,,,,,,,,,,,,,,,,,,,,,,,,,,,,,,,,,,,,,,,,,,,,,,,,,,,,,,,,,,34.15278,9.023753,-0.43429273,34.15278,9.023753,-0.049459085,,,,,,,,,,,,,,,,,34.15278,9.11369,0.010210257,34.15278,9.11369,0.02492513,,,,,,,,,,,,,,,,,,,,,,,,,,,,,34.15278,9.11369,1.0000001e-07,34.15278,9.11369,7.0,,,,,,,
34.15278,9.053732,0.39904806,34.15278,9.053732,0.4098319,,,,,,,,,,,,,,,,,,,,,,,,,,,,,,,,,,,,,,,,,,,,,,,,,,,,,,,,,,,,,34.15278,9.053732,0.37129253,34.15278,9.053732,0.20659833,,,,,,,,,,,,,,,,,34.15278,9.14367,0.056611605,34.15278,9.14367,-0.039393913,,,,,,,,,,,,,,,,,,,,,,,,,,,,,34.15278,9.14367,1.0000001e-07,34.15278,9.14367,7.0,,,,,,,
34.15278,9.083712,0.4017849,34.15278,9.083712,0.40877587,,,,,,,,,,,,,,,,,,,,,,,,,,,,,,,,,,,,,,,,,,,,,,,,,,,,,,,,,,,,,34.15278,9.083712,0.74744385,34.15278,9.083712,0.088609874,,,,,,,,,,,,,,,,,34.15278,9.17365,-0.0065235356,34.15278,9.17365,0.012658102,,,,,,,,,,,,,,,,,,,,,,,,,,,,,34.15278,9.17365,1.0000001e-07,34.15278,9.17365,7.0,,,,,,,
34.15278,9.11369,0.39730775,34.15278,9.11369,0.40996578,,,,,,,,,,,,,,,,,,,,,,,,,,,,,,,,,,,,,,,,,,,,,,,,,,,,,,,,,,,,,34.15278,9.11369,0.10473858,34.15278,9.11369,0.20030491,,,,,,,,,,,,,,,,,34.15278,9.203629,-0.008251782,34.15278,9.203629,0.04351855,,,,,,,,,,,,,,,,,,,,,,,,,,,,,34.15278,9.203629,1.0000001e-07,34.15278,9.203629,7.0,,,,,,,
34.15278,9.14367,0.39967275,34.15278,9.14367,0.4067232,,,,,,,,,,,,,,,,,,,,,,,,,,,,,,,,,,,,,,,,,,,,,,,,,,,,,,,,,,,,,34.15278,9.14367,0.43044156,34.15278,9.14367,-0.22791094,,,,,,,,,,,,,,,,,34.15278,9.233608,0.004523856,34.15278,9.233608,-0.05618569,,,,,,,,,,,,,,,,,,,,,,,,,,,,,34.15278,9.233608,1.0000001e-07,34.15278,9.233608,7.0,,,,,,,
34.15278,9.173649,0.39641535,34.15278,9.173649,0.40923694,,,,,,,,,,,,,,,,,,,,,,,,,,,,,,,,,,,,,,,,,,,,,,,,,,,,,,,,,,,,,34.15278,9.173649,-0.009982622,34.15278,9.173649,0.09632799,,,,,,,,,,,,,,,,,34.15278,9.263587,-0.0208345,34.15278,9.263587,0.028666265,,,,,,,,,,,,,,,,,,,,,,,,,,,,,34.15278,9.263587,1.0000001e-07,34.15278,9.263587,7.0,,,,,,,
34.15278,9.203629,0.39641526,34.15278,9.203629,0.41088802,,,,,,,,,,,,,,,,,,,,,,,,,,,,,,,,,,,,,,,,,,,,,,,,,,,,,,,,,,,,,34.15278,9.203629,-0.053799562,34.15278,9.203629,0.33482197,,,,,,,,,,,,,,,,,34.15278,9.293567,-0.08317349,34.15278,9.293567,-0.015784007,,,,,,,,,,,,,,,,,,,,,,,,,,,,,34.15278,9.293567,1.0000001e-07,34.15278,9.293567,7.0,,,,,,,
34.15278,9.233607,0.39701027,34.15278,9.233607,0.40584558,,,,,,,,,,,,,,,,,,,,,,,,,,,,,,,,,,,,,,,,,,,,,,,,,,,,,,,,,,,,,34.15278,9.233607,0.07665624,34.15278,9.233607,-0.35823095,,,,,,,,,,,,,,,,,34.15278,9.323545,0.0014777282,34.15278,9.323545,0.008286478,,,,,,,,,,,,,,,,,,,,,,,,,,,,,34.15278,9.323545,1.0000001e-07,34.15278,9.323545,7.0,,,,,,,
34.15278,9.263587,0.3957906,34.15278,9.263587,0.41014427,,,,,,,,,,,,,,,,,,,,,,,,,,,,,,,,,,,,,,,,,,,,,,,,,,,,,,,,,,,,,34.15278,9.263587,-0.09666441,34.15278,9.263587,0.25158557,,,,,,,,,,,,,,,,,34.15278,9.353525,0.041977353,34.15278,9.353525,-0.019913193,,,,,,,,,,,,,,,,,,,,,,,,,,,,,34.15278,9.353525,1.0000001e-07,34.15278,9.353525,7.0,,,,,,,
34.15278,9.293566,0.3926521,34.15278,9.293566,0.40783876,,,,,,,,,,,,,,,,,,,,,,,,,,,,,,,,,,,,,,,,,,,,,,,,,,,,,,,,,,,,,34.15278,9.293566,-0.56492347,34.15278,9.293566,-0.06488952,,,,,,,,,,,,,,,,,34.15278,9.383504,0.09059231,34.15278,9.383504,-0.0118201375,,,,,,,,,,,,,,,,,,,,,,,,,,,,,34.15278,9.383504,1.0000001e-07,34.15278,9.383504,7.0,,,,,,,
34.15278,9.323545,0.39683178,34.15278,9.323545,0.40901387,,,,,,,,,,,,,,,,,,,,,,,,,,,,,,,,,,,,,,,,,,,,,,,,,,,,,,,,,,,,,34.15278,9.323545,0.070981026,34.15278,9.323545,0.055770703,,,,,,,,,,,,,,,,,34.15278,9.413484,-0.022262024,34.15278,9.413484,-0.017973032,,,,,,,,,,,,,,,,,,,,,,,,,,,,,34.15278,9.413484,1.0000001e-07,34.15278,9.413484,7.0,,,,,,,
34.15278,9.353524,0.3988249,34.15278,9.353524,0.4076454,,,,,,,,,,,,,,,,,,,,,,,,,,,,,,,,,,,,,,,,,,,,,,,,,,,,,,,,,,,,,34.15278,9.353524,0.34878147,34.15278,9.353524,-0.137262,,,,,,,,,,,,,,,,,34.15278,9.443462,0.10749121,34.15278,9.443462,0.03290641,,,,,,,,,,,,,,,,,,,,,,,,,,,,,34.15278,9.443462,1.0000001e-07,34.15278,9.443462,7.0,,,,,,,
34.15278,9.383504,0.40117508,34.15278,9.383504,0.40801728,,,,,,,,,,,,,,,,,,,,,,,,,,,,,,,,,,,,,,,,,,,,,,,,,,,,,,,,,,,,,34.15278,9.383504,0.6890506,34.15278,9.383504,-0.085488044,,,,,,,,,,,,,,,,,34.15278,9.473442,0.035907116,34.15278,9.473442,0.017370777,,,,,,,,,,,,,,,,,,,,,,,,,,,,,34.15278,9.473442,1.0000001e-07,34.15278,9.473442,7.0,,,,,,,
34.15278,9.413484,0.39568648,34.15278,9.413484,0.40774953,,,,,,,,,,,,,,,,,,,,,,,,,,,,,,,,,,,,,,,,,,,,,,,,,,,,,,,,,,,,,34.15278,9.413484,-0.1176377,34.15278,9.413484,-0.088571325,,,,,,,,,,,,,,,,,34.15278,9.503421,-0.031865608,34.15278,9.503421,-0.027569273,,,,,,,,,,,,,,,,,,,,,,,,,,,,,34.15278,9.503421,1.0000001e-07,34.15278,9.503421,7.0,,,,,,,
34.15278,9.443462,0.40178493,34.15278,9.443462,0.41023353,,,,,,,,,,,,,,,,,,,,,,,,,,,,,,,,,,,,,,,,,,,,,,,,,,,,,,,,,,,,,34.15278,9.443462,0.7225759,34.15278,9.443462,0.2599078,,,,,,,,,,,,,,,,,34.15278,9.533401,-0.0063854656,34.15278,9.533401,-0.02482304,,,,,,,,,,,,,,,,,,,,,,,,,,,,,34.15278,9.533401,1.0000001e-07,34.15278,9.533401,7.0,,,,,,,
34.15278,9.473442,0.39839357,34.15278,9.473442,0.40941542,,,,,,,,,,,,,,,,,,,,,,,,,,,,,,,,,,,,,,,,,,,,,,,,,,,,,,,,,,,,,34.15278,9.473442,0.24204288,34.15278,9.473442,0.14708525,,,,,,,,,,,,,,,,,34.15278,9.563379,0.0072119012,34.15278,9.563379,0.03659324,,,,,,,,,,,,,,,,,,,,,,,,,,,,,34.15278,9.563379,1.0000001e-07,34.15278,9.563379,7.0,,,,,,,
34.15278,9.503421,0.39525512,34.15278,9.503421,0.4074074,,,,,,,,,,,,,,,,,,,,,,,,,,,,,,,,,,,,,,,,,,,,,,,,,,,,,,,,,,,,,34.15278,9.503421,-0.19783887,34.15278,9.503421,-0.14869903,,,,,,,,,,,,,,,,,34.15278,9.593359,0.045987997,34.15278,9.593359,-0.105011225,,,,,,,,,,,,,,,,,,,,,,,,,,,,,34.15278,9.593359,1.0000001e-07,34.15278,9.593359,7.0,,,,,,,
34.15278,9.533401,0.39656407,34.15278,9.533401,0.40745205,,,,,,,,,,,,,,,,,,,,,,,,,,,,,,,,,,,,,,,,,,,,,,,,,,,,,,,,,,,,,34.15278,9.533401,0.022493707,34.15278,9.533401,-0.1515421,,,,,,,,,,,,,,,,,34.15278,9.623338,0.022862254,34.15278,9.623338,-0.01186878,,,,,,,,,,,,,,,,,,,,,,,,,,,,,34.15278,9.623338,1.0000001e-07,34.15278,9.623338,7.0,,,,,,,
34.15278,9.563379,0.3971144,34.15278,9.563379,0.41038227,,,,,,,,,,,,,,,,,,,,,,,,,,,,,,,,,,,,,,,,,,,,,,,,,,,,,,,,,,,,,34.15278,9.563379,0.022347411,34.15278,9.563379,0.32812703,,,,,,,,,,,,,,,,,34.15278,9.653317,0.09636769,34.15278,9.653317,-0.013476785,,,,,,,,,,,,,,,,,,,,,,,,,,,,,34.15278,9.653317,1.0000001e-07,34.15278,9.653317,7.0,,,,,,,
34.15278,9.593359,0.39889932,34.15278,9.593359,0.40385246,,,,,,,,,,,,,,,,,,,,,,,,,,,,,,,,,,,,,,,,,,,,,,,,,,,,,,,,,,,,,34.15278,9.593359,0.34979767,34.15278,9.593359,-0.64926606,,,,,,,,,,,,,,,,,34.15278,9.683296,0.019533858,34.15278,9.683296,-0.003248466,,,,,,,,,,,,,,,,,,,,,,,,,,,,,34.15278,9.683296,1.0000001e-07,34.15278,9.683296,7.0,,,,,,,
34.15278,9.623338,0.39779863,34.15278,9.623338,0.40800238,,,,,,,,,,,,,,,,,,,,,,,,,,,,,,,,,,,,,,,,,,,,,,,,,,,,,,,,,,,,,34.15278,9.623338,0.12496936,34.15278,9.623338,-0.09125318,,,,,,,,,,,,,,,,,34.15278,9.713276,0.024826534,34.15278,9.713276,0.02416764,,,,,,,,,,,,,,,,,,,,,,,,,,,,,34.15278,9.713276,1.0000001e-07,34.15278,9.713276,7.0,,,,,,,
34.15278,9.653317,0.40116018,34.15278,9.653317,0.4080321,,,,,,,,,,,,,,,,,,,,,,,,,,,,,,,,,,,,,,,,,,,,,,,,,,,,,,,,,,,,,34.15278,9.653317,0.61992824,34.15278,9.653317,-0.08618528,,,,,,,,,,,,,,,,,34.15278,9.743255,-0.00676114,34.15278,9.743255,-0.025674535,,,,,,,,,,,,,,,,,,,,,,,,,,,,,34.15278,9.743255,1.0000001e-07,34.15278,9.743255,7.0,,,,,,,
34.15278,9.683296,0.39766473,34.15278,9.683296,0.40859735,,,,,,,,,,,,,,,,,,,,,,,,,,,,,,,,,,,,,,,,,,,,,,,,,,,,,,,,,,,,,34.15278,9.683296,0.112471975,34.15278,9.683296,0.015946643,,,,,,,,,,,,,,,,,34.15278,9.773234,0.12809472,34.15278,9.773234,0.00089798786,,,,,,,,,,,,,,,,,,,,,,,,,,,,,34.15278,9.773234,1.0000001e-07,34.15278,9.773234,7.0,,,,,,,
34.15278,9.713276,0.39802173,34.15278,9.713276,0.4097724,,,,,,,,,,,,,,,,,,,,,,,,,,,,,,,,,,,,,,,,,,,,,,,,,,,,,,,,,,,,,34.15278,9.713276,0.19025591,34.15278,9.713276,0.21556164,,,,,,,,,,,,,,,,,34.15278,9.803213,0.10112198,34.15278,9.803213,-0.08122571,,,,,,,,,,,,,,,,,,,,,,,,,,,,,34.15278,9.803213,1.0000001e-07,34.15278,9.803213,7.0,,,,,,,
34.15278,9.743255,0.39648968,34.15278,9.743255,0.40751153,,,,,,,,,,,,,,,,,,,,,,,,,,,,,,,,,,,,,,,,,,,,,,,,,,,,,,,,,,,,,34.15278,9.743255,-0.011005653,34.15278,9.743255,-0.12601222,,,,,,,,,,,,,,,,,34.15278,9.833193,0.0065815053,34.15278,9.833193,0.027659899,,,,,,,,,,,,,,,,,,,,,,,,,,,,,34.15278,9.833193,1.0000001e-07,34.15278,9.833193,7.0,,,,,,,
34.15278,9.773234,0.40239474,34.15278,9.773234,0.4086271,,,,,,,,,,,,,,,,,,,,,,,,,,,,,,,,,,,,,,,,,,,,,,,,,,,,,,,,,,,,,34.15278,9.773234,0.8324856,34.15278,9.773234,0.06460461,,,,,,,,,,,,,,,,,34.15278,9.863172,0.019215504,34.15278,9.863172,0.058201365,,,,,,,,,,,,,,,,,,,,,,,,,,,,,34.15278,9.863172,1.0000001e-07,34.15278,9.863172,7.0,,,,,,,
34.15278,9.803213,0.4012643,34.15278,9.803213,0.40502754,,,,,,,,,,,,,,,,,,,,,,,,,,,,,,,,,,,,,,,,,,,,,,,,,,,,,,,,,,,,,34.15278,9.803213,0.66042084,34.15278,9.803213,-0.44408667,,,,,,,,,,,,,,,,,34.15278,9.893151,0.008268099,34.15278,9.893151,0.09588854,,,,,,,,,,,,,,,,,,,,,,,,,,,,,34.15278,9.893151,1.0000001e-07,34.15278,9.893151,7.0,,,,,,,
34.15278,9.833193,0.3970846,34.15278,9.833193,0.40977243,,,,,,,,,,,,,,,,,,,,,,,,,,,,,,,,,,,,,,,,,,,,,,,,,,,,,,,,,,,,,34.15278,9.833193,0.04532744,34.15278,9.833193,0.21183212,,,,,,,,,,,,,,,,,34.15278,9.92313,-0.01938828,34.15278,9.92313,-0.031458363,,,,,,,,,,,,,,,,,,,,,,,,,,,,,34.15278,9.92313,1.0000001e-07,34.15278,9.92313,7.0,,,,,,,
34.15278,9.863172,0.39764988,34.15278,9.863172,0.41118547,,,,,,,,,,,,,,,,,,,,,,,,,,,,,,,,,,,,,,,,,,,,,,,,,,,,,,,,,,,,,34.15278,9.863172,0.123548985,34.15278,9.863172,0.39110094,,,,,,,,,,,,,,,,,34.15278,9.95311,0.0149708195,34.15278,9.95311,-0.10206868,,,,,,,,,,,,,,,,,,,,,,,,,,,,,34.15278,9.95311,1.0000001e-07,34.15278,9.95311,7.0,,,,,,,
34.15278,9.893151,0.39715898,34.15278,9.893151,0.41274726,,,,,,,,,,,,,,,,,,,,,,,,,,,,,,,,,,,,,,,,,,,,,,,,,,,,,,,,,,,,,34.15278,9.893151,0.0736787,34.15278,9.893151,0.6106889,,,,,,,,,,,,,,,,,34.15278,9.9830885,0.052659027,34.15278,9.9830885,-0.017159734,,,,,,,,,,,,,,,,,,,,,,,,,,,,,34.15278,9.9830885,1.0000001e-07,34.15278,9.9830885,7.0,,,,,,,
34.15278,9.92313,0.39599884,34.15278,9.92313,0.40730324,,,,,,,,,,,,,,,,,,,,,,,,,,,,,,,,,,,,,,,,,,,,,,,,,,,,,,,,,,,,,34.15278,9.92313,-0.06987233,34.15278,9.92313,-0.16882585,,,,,,,,,,,,,,,,,34.15278,10.013068,0.04398863,34.15278,10.013068,0.083786,,,,,,,,,,,,,,,,,,,,,,,,,,,,,34.15278,10.013068,1.0000001e-07,34.15278,10.013068,7.0,,,,,,,
34.15278,9.95311,0.39742672,34.15278,9.95311,0.40425405,,,,,,,,,,,,,,,,,,,,,,,,,,,,,,,,,,,,,,,,,,,,,,,,,,,,,,,,,,,,,34.15278,9.95311,0.10945096,34.15278,9.95311,-0.5720452,,,,,,,,,,,,,,,,,34.15278,10.043048,-0.008483226,34.15278,10.043048,0.043204665,,,,,,,,,,,,,,,,,,,,,,,,,,,,,34.15278,10.043048,1.0000001e-07,34.15278,10.043048,7.0,,,,,,,
34.15278,9.9830885,0.39907777,34.15278,9.9830885,0.4078536,,,,,,,,,,,,,,,,,,,,,,,,,,,,,,,,,,,,,,,,,,,,,,,,,,,,,,,,,,,,,34.15278,9.9830885,0.323877,34.15278,9.9830885,-0.09076986,,,,,,,,,,,,,,,,,34.15278,10.073027,-0.052783433,34.15278,10.073027,-0.07925136,,,,,,,,,,,,,,,,,,,,,,,,,,,,,34.15278,10.073027,1.0000001e-07,34.15278,10.073027,7.0,,,,,,,
34.15278,10.013068,0.39858693,34.15278,10.013068,0.4121672,,,,,,,,,,,,,,,,,,,,,,,,,,,,,,,,,,,,,,,,,,,,,,,,,,,,,,,,,,,,,34.15278,10.013068,0.33176804,34.15278,10.013068,0.5333838,,,,,,,,,,,,,,,,,34.15278,10.103006,-0.07409504,34.15278,10.103006,0.12494491,,,,,,,,,,,,,,,,,,,,,,,,,,,,,34.15278,10.103006,1.0000001e-07,34.15278,10.103006,7.0,,,,,,,
34.15278,10.043047,0.3964748,34.15278,10.043047,0.41041204,,,,,,,,,,,,,,,,,,,,,,,,,,,,,,,,,,,,,,,,,,,,,,,,,,,,,,,,,,,,,34.15278,10.043047,-0.0059843925,34.15278,10.043047,0.30074602,,,,,,,,,,,,,,,,,34.15278,10.132985,0.057438716,34.15278,10.132985,-0.014064525,,,,,,,,,,,,,,,,,,,,,,,,,,,,,34.15278,10.132985,1.0000001e-07,34.15278,10.132985,7.0,,,,,,,
34.15278,10.073027,0.3945114,34.15278,10.073027,0.40529525,,,,,,,,,,,,,,,,,,,,,,,,,,,,,,,,,,,,,,,,,,,,,,,,,,,,,,,,,,,,,34.15278,10.073027,-0.31630805,34.15278,10.073027,-0.44597298,,,,,,,,,,,,,,,,,34.15278,10.162965,0.050323017,34.15278,10.162965,-0.059088137,,,,,,,,,,,,,,,,,,,,,,,,,,,,,34.15278,10.162965,1.0000001e-07,34.15278,10.162965,7.0,,,,,,,
34.15278,10.103005,0.39370817,34.15278,10.103005,0.41380337,,,,,,,,,,,,,,,,,,,,,,,,,,,,,,,,,,,,,,,,,,,,,,,,,,,,,,,,,,,,,34.15278,10.103005,-0.39550102,34.15278,10.103005,0.7622449,,,,,,,,,,,,,,,,,34.15278,10.192944,0.014630409,34.15278,10.192944,-0.02719,,,,,,,,,,,,,,,,,,,,,,,,,,,,,34.15278,10.192944,1.0000001e-07,34.15278,10.192944,7.0,,,,,,,
34.15278,10.132985,0.39913726,34.15278,10.132985,0.40801728,,,,,,,,,,,,,,,,,,,,,,,,,,,,,,,,,,,,,,,,,,,,,,,,,,,,,,,,,,,,,34.15278,10.132985,0.3613317,34.15278,10.132985,-0.07826427,,,,,,,,,,,,,,,,,34.15278,10.222923,0.065184996,34.15278,10.222923,-0.0018463996,,,,,,,,,,,,,,,,,,,,,,,,,,,,,34.15278,10.222923,1.0000001e-07,34.15278,10.222923,7.0,,,,,,,
34.15278,10.162964,0.39885467,34.15278,10.162964,0.40620258,,,,,,,,,,,,,,,,,,,,,,,,,,,,,,,,,,,,,,,,,,,,,,,,,,,,,,,,,,,,,34.15278,10.162964,0.32468742,34.15278,10.162964,-0.27089104,,,,,,,,,,,,,,,,,34.15278,10.252902,0.052041635,34.15278,10.252902,-0.013682263,,,,,,,,,,,,,,,,,,,,,,,,,,,,,34.15278,10.252902,1.0000001e-07,34.15278,10.252902,7.0,,,,,,,
34.15278,10.192944,0.39730775,34.15278,10.192944,0.40757105,,,,,,,,,,,,,,,,,,,,,,,,,,,,,,,,,,,,,,,,,,,,,,,,,,,,,,,,,,,,,34.15278,10.192944,0.08195916,34.15278,10.192944,-0.11267911,,,,,,,,,,,,,,,,,34.15278,10.282882,0.080946594,34.15278,10.282882,0.050187595,,,,,,,,,,,,,,,,,,,,,,,,,,,,,34.15278,10.282882,1.0000001e-07,34.15278,10.282882,7.0,,,,,,,
34.15278,10.222922,0.39940506,34.15278,10.222922,0.40847838,,,,,,,,,,,,,,,,,,,,,,,,,,,,,,,,,,,,,,,,,,,,,,,,,,,,,,,,,,,,,34.15278,10.222922,0.37511384,34.15278,10.222922,-0.027428832,,,,,,,,,,,,,,,,,34.15278,10.3128605,-0.02966352,34.15278,10.3128605,0.04396965,,,,,,,,,,,,,,,,,,,,,,,,,,,,,34.15278,10.3128605,1.0000001e-07,34.15278,10.3128605,7.0,,,,,,,
34.15278,10.252902,0.39886954,34.15278,10.252902,0.4079875,,,,,,,,,,,,,,,,,,,,,,,,,,,,,,,,,,,,,,,,,,,,,,,,,,,,,,,,,,,,,34.15278,10.252902,0.2836477,34.15278,10.252902,-0.08326911,,,,,,,,,,,,,,,,,34.15278,10.34284,-0.022867732,34.15278,10.34284,-0.013185588,,,,,,,,,,,,,,,,,,,,,,,,,,,,,34.15278,10.34284,1.0000001e-07,34.15278,10.34284,7.0,,,,,,,
34.15278,10.282882,0.40001488,34.15278,10.282882,0.41054592,,,,,,,,,,,,,,,,,,,,,,,,,,,,,,,,,,,,,,,,,,,,,,,,,,,,,,,,,,,,,34.15278,10.282882,0.5138663,34.15278,10.282882,0.31435397,,,,,,,,,,,,,,,,,34.15278,10.372819,0.0024068952,34.15278,10.372819,0.08384098,,,,,,,,,,,,,,,,,,,,,,,,,,,,,34.15278,10.372819,1.0000001e-07,34.15278,10.372819,7.0,,,,,,,
34.15278,10.3128605,0.39556748,34.15278,10.3128605,0.4103971,,,,,,,,,,,,,,,,,,,,,,,,,,,,,,,,,,,,,,,,,,,,,,,,,,,,,,,,,,,,,34.15278,10.3128605,-0.13893382,34.15278,10.3128605,0.3469362,,,,,,,,,,,,,,,,,34.15278,10.402799,-0.094303615,34.15278,10.402799,-0.084052816,,,,,,,,,,,,,,,,,,,,,,,,,,,,,34.15278,10.402799,1.0000001e-07,34.15278,10.402799,7.0,,,,,,,
34.15278,10.34284,0.39586493,34.15278,10.34284,0.40801725,,,,,,,,,,,,,,,,,,,,,,,,,,,,,,,,,,,,,,,,,,,,,,,,,,,,,,,,,,,,,34.15278,10.34284,-0.09006079,34.15278,10.34284,-0.0321345,,,,,,,,,,,,,,,,,34.15278,10.432777,0.06207288,34.15278,10.432777,0.049473807,,,,,,,,,,,,,,,,,,,,,,,,,,,,,34.15278,10.432777,1.0000001e-07,34.15278,10.432777,7.0,,,,,,,
34.15278,10.372819,0.3968615,34.15278,10.372819,0.41191432,,,,,,,,,,,,,,,,,,,,,,,,,,,,,,,,,,,,,,,,,,,,,,,,,,,,,,,,,,,,,34.15278,10.372819,0.10054122,34.15278,10.372819,0.54200476,,,,,,,,,,,,,,,,,34.15278,10.462757,0.063691765,34.15278,10.462757,0.03553388,,,,,,,,,,,,,,,,,,,,,,,,,,,,,34.15278,10.462757,1.0000001e-07,34.15278,10.462757,7.0,,,,,,,
34.15278,10.402799,0.39309832,34.15278,10.402799,0.40536964,,,,,,,,,,,,,,,,,,,,,,,,,,,,,,,,,,,,,,,,,,,,,,,,,,,,,,,,,,,,,34.15278,10.402799,-0.47122824,34.15278,10.402799,-0.41788924,,,,,,,,,,,,,,,,,34.15278,10.492736,0.007873487,34.15278,10.492736,-0.13727146,,,,,,,,,,,,,,,,,,,,,,,,,,,,,34.15278,10.492736,1.0000001e-07,34.15278,10.492736,7.0,,,,,,,
34.15278,10.432777,0.39919677,34.15278,10.432777,0.410531,,,,,,,,,,,,,,,,,,,,,,,,,,,,,,,,,,,,,,,,,,,,,,,,,,,,,,,,,,,,,34.15278,10.432777,0.37655434,34.15278,10.432777,0.33122343,,,,,,,,,,,,,,,,,34.15278,10.522716,0.07027205,34.15278,10.522716,-0.000113243674,,,,,,,,,,,,,,,,,,,,,,,,,,,,,34.15278,10.522716,1.0000001e-07,34.15278,10.522716,7.0,,,,,,,
34.15278,10.462757,0.3992414,34.15278,10.462757,0.4100402,,,,,,,,,,,,,,,,,,,,,,,,,,,,,,,,,,,,,,,,,,,,,,,,,,,,,,,,,,,,,34.15278,10.462757,0.42497802,34.15278,10.462757,0.18192561,,,,,,,,,,,,,,,,,34.15278,10.552694,0.04651204,34.15278,10.552694,-0.025317537,,,,,,,,,,,,,,,,,,,,,,,,,,,,,34.15278,10.552694,1.0000001e-07,34.15278,10.552694,7.0,,,,,,,
34.15278,10.492736,0.39708462,34.15278,10.492736,0.40337646,,,,,,,,,,,,,,,,,,,,,,,,,,,,,,,,,,,,,,,,,,,,,,,,,,,,,,,,,,,,,34.15278,10.492736,0.07560168,34.15278,10.492736,-0.70134807,,,,,,,,,,,,,,,,,34.15278,10.582674,-0.10746553,34.15278,10.582674,0.00072208524,,,,,,,,,,,,,,,,,,,,,,,,,,,,,34.15278,10.582674,1.0000001e-07,34.15278,10.582674,7.0,,,,,,,
34.15278,10.522716,0.3993753,34.15278,10.522716,0.40853783,,,,,,,,,,,,,,,,,,,,,,,,,,,,,,,,,,,,,,,,,,,,,,,,,,,,,,,,,,,,,34.15278,10.522716,0.4085414,34.15278,10.522716,-0.016454147,,,,,,,,,,,,,,,,,34.15278,10.612653,0.073379226,34.15278,10.612653,0.034995034,,,,,,,,,,,,,,,,,,,,,,,,,,,,,34.15278,10.612653,1.0000001e-07,34.15278,10.612653,7.0,,,,,,,
34.15278,10.552694,0.3985423,34.15278,10.552694,0.40766028,,,,,,,,,,,,,,,,,,,,,,,,,,,,,,,,,,,,,,,,,,,,,,,,,,,,,,,,,,,,,34.15278,10.552694,0.25515854,34.15278,10.552694,-0.09588519,,,,,,,,,,,,,,,,,34.15278,10.6426325,0.028936684,34.15278,10.6426325,-0.036859844,,,,,,,,,,,,,,,,,,,,,,,,,,,,,34.15278,10.6426325,1.0000001e-07,34.15278,10.6426325,7.0,,,,,,,
34.15278,10.582674,0.3927116,34.15278,10.582674,0.408523,,,,,,,,,,,,,,,,,,,,,,,,,,,,,,,,,,,,,,,,,,,,,,,,,,,,,,,,,,,,,34.15278,10.582674,-0.57840085,34.15278,10.582674,-0.035947688,,,,,,,,,,,,,,,,,34.15278,10.672611,0.17267463,34.15278,10.672611,0.105645806,,,,,,,,,,,,,,,,,,,,,,,,,,,,,34.15278,10.672611,1.0000001e-07,34.15278,10.672611,7.0,,,,,,,
34.15278,10.612653,0.39950913,34.15278,10.612653,0.40990633,,,,,,,,,,,,,,,,,,,,,,,,,,,,,,,,,,,,,,,,,,,,,,,,,,,,,,,,,,,,,34.15278,10.612653,0.430889,34.15278,10.612653,0.20850521,,,,,,,,,,,,,,,,,34.15278,10.702591,0.03657956,34.15278,10.702591,-0.068335265,,,,,,,,,,,,,,,,,,,,,,,,,,,,,34.15278,10.702591,1.0000001e-07,34.15278,10.702591,7.0,,,,,,,
34.15278,10.6426325,0.397754,34.15278,10.6426325,0.4072289,,,,,,,,,,,,,,,,,,,,,,,,,,,,,,,,,,,,,,,,,,,,,,,,,,,,,,,,,,,,,34.15278,10.6426325,0.16265304,34.15278,10.6426325,-0.17930461,,,,,,,,,,,,,,,,,34.15278,10.73257,-0.031544704,34.15278,10.73257,-0.047877163,,,,,,,,,,,,,,,,,,,,,,,,,,,,,34.15278,10.73257,1.0000001e-07,34.15278,10.73257,7.0,,,,,,,
34.15278,10.672611,0.40319797,34.15278,10.672611,0.4125539,,,,,,,,,,,,,,,,,,,,,,,,,,,,,,,,,,,,,,,,,,,,,,,,,,,,,,,,,,,,,34.15278,10.672611,0.95339704,34.15278,10.672611,0.5937823,,,,,,,,,,,,,,,,,34.15278,10.762549,0.10609988,34.15278,10.762549,-0.02588895,,,,,,,,,,,,,,,,,,,,,,,,,,,,,34.15278,10.762549,1.0000001e-07,34.15278,10.762549,7.0,,,,,,,
34.15278,10.702591,0.398111,34.15278,10.702591,0.40609843,,,,,,,,,,,,,,,,,,,,,,,,,,,,,,,,,,,,,,,,,,,,,,,,,,,,,,,,,,,,,34.15278,10.702591,0.20562929,34.15278,10.702591,-0.30708572,,,,,,,,,,,,,,,,,34.15278,10.792528,0.07379472,34.15278,10.792528,0.03389742,,,,,,,,,,,,,,,,,,,,,,,,,,,,,34.15278,10.792528,1.0000001e-07,34.15278,10.792528,7.0,,,,,,,
34.15278,10.73257,0.39555258,34.15278,10.73257,0.40682733,,,,,,,,,,,,,,,,,,,,,,,,,,,,,,,,,,,,,,,,,,,,,,,,,,,,,,,,,,,,,34.15278,10.73257,-0.1538358,34.15278,10.73257,-0.22149438,,,,,,,,,,,,,,,,,34.15278,10.822508,0.06696126,34.15278,10.822508,0.04683347,,,,,,,,,,,,,,,,,,,,,,,,,,,,,34.15278,10.822508,1.0000001e-07,34.15278,10.822508,7.0,,,,,,,
34.15278,10.762549,0.40047598,34.15278,10.762549,0.40767515,,,,,,,,,,,,,,,,,,,,,,,,,,,,,,,,,,,,,,,,,,,,,,,,,,,,,,,,,,,,,34.15278,10.762549,0.53902507,34.15278,10.762549,-0.09821992,,,,,,,,,,,,,,,,,34.15278,10.852488,0.02509761,34.15278,10.852488,0.05158941,,,,,,,,,,,,,,,,,,,,,,,,,,,,,34.15278,10.852488,1.0000001e-07,34.15278,10.852488,7.0,,,,,,,
34.15278,10.792528,0.39933068,34.15278,10.792528,0.40980217,,,,,,,,,,,,,,,,,,,,,,,,,,,,,,,,,,,,,,,,,,,,,,,,,,,,,,,,,,,,,34.15278,10.792528,0.3967159,34.15278,10.792528,0.19289389,,,,,,,,,,,,,,,,,34.15278,10.882466,0.06977354,34.15278,10.882466,0.047853574,,,,,,,,,,,,,,,,,,,,,,,,,,,,,34.15278,10.882466,1.0000001e-07,34.15278,10.882466,7.0,,,,,,,
34.15278,10.822508,0.39916703,34.15278,10.822508,0.41020378,,,,,,,,,,,,,,,,,,,,,,,,,,,,,,,,,,,,,,,,,,,,,,,,,,,,,,,,,,,,,34.15278,10.822508,0.39579794,34.15278,10.822508,0.26415336,,,,,,,,,,,,,,,,,34.15278,10.912446,-0.049179196,34.15278,10.912446,0.15942949,,,,,,,,,,,,,,,,,,,,,,,,,,,,,34.15278,10.912446,1.0000001e-07,34.15278,10.912446,7.0,,,,,,,
34.15278,10.852487,0.3976201,34.15278,10.852487,0.41039717,,,,,,,,,,,,,,,,,,,,,,,,,,,,,,,,,,,,,,,,,,,,,,,,,,,,,,,,,,,,,34.15278,10.852487,0.14397657,34.15278,10.852487,0.31524825,,,,,,,,,,,,,,,,,34.15278,10.942425,-0.1782206,34.15278,10.942425,0.073979594,,,,,,,,,,,,,,,,,,,,,,,,,,,,,34.15278,10.942425,1.0000001e-07,34.15278,10.942425,7.0,,,,,,,
34.15278,10.882466,0.39921165,34.15278,10.882466,0.41029304,,,,,,,,,,,,,,,,,,,,,,,,,,,,,,,,,,,,,,,,,,,,,,,,,,,,,,,,,,,,,34.15278,10.882466,0.42394826,34.15278,10.882466,0.27479276,,,,,,,,,,,,,,,,,34.15278,10.9724045,0.009814946,34.15278,10.9724045,0.057111993,,,,,,,,,,,,,,,,,,,,,,,,,,,,,34.15278,10.9724045,1.0000001e-07,34.15278,10.9724045,7.0,,,,,,,
34.15278,10.912445,0.39504686,34.15278,10.912445,0.4142347,,,,,,,,,,,,,,,,,,,,,,,,,,,,,,,,,,,,,,,,,,,,,,,,,,,,,,,,,,,,,34.15278,10.912445,-0.20482671,34.15278,10.912445,0.82467926,,,,,,,,,,,,,,,,,34.15278,11.002383,-0.03674303,34.15278,11.002383,0.0057284962,,,,,,,,,,,,,,,,,,,,,,,,,,,,,34.15278,11.002383,1.0000001e-07,34.15278,11.002383,7.0,,,,,,,
34.15278,10.942425,0.39048043,34.15278,10.942425,0.41120034,,,,,,,,,,,,,,,,,,,,,,,,,,,,,,,,,,,,,,,,,,,,,,,,,,,,,,,,,,,,,34.15278,10.942425,-0.88688564,34.15278,10.942425,0.39471442,,,,,,,,,,,,,,,,,34.15278,11.032363,-0.02787247,34.15278,11.032363,-0.09604815,,,,,,,,,,,,,,,,,,,,,,,,,,,,,34.15278,11.032363,1.0000001e-07,34.15278,11.032363,7.0,,,,,,,
34.15278,10.972404,0.39701024,34.15278,10.972404,0.41065,,,,,,,,,,,,,,,,,,,,,,,,,,,,,,,,,,,,,,,,,,,,,,,,,,,,,,,,,,,,,34.15278,10.972404,0.06315137,34.15278,10.972404,0.2855766,,,,,,,,,,,,,,,,,34.15278,11.062342,0.014515274,34.15278,11.062342,-0.009002258,,,,,,,,,,,,,,,,,,,,,,,,,,,,,34.15278,11.062342,1.0000001e-07,34.15278,11.062342,7.0,,,,,,,
34.15278,11.002383,0.39543357,34.15278,11.002383,0.40879074,,,,,,,,,,,,,,,,,,,,,,,,,,,,,,,,,,,,,,,,,,,,,,,,,,,,,,,,,,,,,34.15278,11.002383,-0.15713626,34.15278,11.002383,0.05165777,,,,,,,,,,,,,,,,,34.15278,11.092321,-0.07506005,34.15278,11.092321,-0.06889712,,,,,,,,,,,,,,,,,,,,,,,,,,,,,34.15278,11.092321,1.0000001e-07,34.15278,11.092321,7.0,,,,,,,
34.15278,11.032362,0.3958203,34.15278,11.032362,0.40520602,,,,,,,,,,,,,,,,,,,,,,,,,,,,,,,,,,,,,,,,,,,,,,,,,,,,,,,,,,,,,34.15278,11.032362,-0.079458624,34.15278,11.032362,-0.43385395,,,,,,,,,,,,,,,,,34.15278,11.1223,0.040353246,34.15278,11.1223,-0.0058376393,,,,,,,,,,,,,,,,,,,,,,,,,,,,,34.15278,11.1223,1.0000001e-07,34.15278,11.1223,7.0,,,,,,,
34.15278,11.062342,0.39729282,34.15278,11.062342,0.40829986,,,,,,,,,,,,,,,,,,,,,,,,,,,,,,,,,,,,,,,,,,,,,,,,,,,,,,,,,,,,,34.15278,11.062342,0.042541213,34.15278,11.062342,-0.019914933,,,,,,,,,,,,,,,,,34.15278,11.15228,-0.1756747,34.15278,11.15228,-0.05037375,,,,,,,,,,,,,,,,,,,,,,,,,,,,,34.15278,11.15228,1.0000001e-07,34.15278,11.15228,7.0,,,,,,,
34.15278,11.092321,0.3942734,34.15278,11.092321,0.40624723,,,,,,,,,,,,,,,,,,,,,,,,,,,,,,,,,,,,,,,,,,,,,,,,,,,,,,,,,,,,,34.15278,11.092321,-0.30243304,34.15278,11.092321,-0.31366795,,,,,,,,,,,,,,,,,34.15278,11.182259,0.21037969,34.15278,11.182259,0.07351586,,,,,,,,,,,,,,,,,,,,,,,,,,,,,34.15278,11.182259,1.0000001e-07,34.15278,11.182259,7.0,,,,,,,
34.15278,11.1223,0.39820024,34.15278,11.1223,0.4083296,,,,,,,,,,,,,,,,,,,,,,,,,,,,,,,,,,,,,,,,,,,,,,,,,,,,,,,,,,,,,34.15278,11.1223,0.29429662,34.15278,11.1223,0.012225098,,,,,,,,,,,,,,,,,34.15278,11.212238,0.068600364,34.15278,11.212238,0.008747127,,,,,,,,,,,,,,,,,,,,,,,,,,,,,34.15278,11.212238,1.0000001e-07,34.15278,11.212238,7.0,,,,,,,
34.15278,11.15228,0.39080763,34.15278,11.15228,0.40691653,,,,,,,,,,,,,,,,,,,,,,,,,,,,,,,,,,,,,,,,,,,,,,,,,,,,,,,,,,,,,34.15278,11.15228,-0.8087561,34.15278,11.15228,-0.22143522,,,,,,,,,,,,,,,,,34.15278,11.242217,-0.076281026,34.15278,11.242217,0.14911444,,,,,,,,,,,,,,,,,,,,,,,,,,,,,34.15278,11.242217,1.0000001e-07,34.15278,11.242217,7.0,,,,,,,
34.15278,11.182259,0.40389705,34.15278,11.182259,0.41099212,,,,,,,,,,,,,,,,,,,,,,,,,,,,,,,,,,,,,,,,,,,,,,,,,,,,,,,,,,,,,34.15278,11.182259,1.0469515,34.15278,11.182259,0.3761957,,,,,,,,,,,,,,,,,34.15278,11.272197,-0.022959622,34.15278,11.272197,-0.11277664,,,,,,,,,,,,,,,,,,,,,,,,,,,,,34.15278,11.272197,1.0000001e-07,34.15278,11.272197,7.0,,,,,,,
34.15278,11.212238,0.3990332,34.15278,11.212238,0.40889484,,,,,,,,,,,,,,,,,,,,,,,,,,,,,,,,,,,,,,,,,,,,,,,,,,,,,,,,,,,,,34.15278,11.212238,0.36583492,34.15278,11.212238,0.0463768,,,,,,,,,,,,,,,,,34.15278,11.3021755,0.03490057,34.15278,11.3021755,-0.06539666,,,,,,,,,,,,,,,,,,,,,,,,,,,,,34.15278,11.3021755,1.0000001e-07,34.15278,11.3021755,7.0,,,,,,,
34.15278,11.242217,0.39413956,34.15278,11.242217,0.41363972,,,,,,,,,,,,,,,,,,,,,,,,,,,,,,,,,,,,,,,,,,,,,,,,,,,,,,,,,,,,,34.15278,11.242217,-0.34357354,34.15278,11.242217,0.7452334,,,,,,,,,,,,,,,,,34.15278,11.332155,0.028257668,34.15278,11.332155,-0.02491959,,,,,,,,,,,,,,,,,,,,,,,,,,,,,34.15278,11.332155,1.0000001e-07,34.15278,11.332155,7.0,,,,,,,
34.15278,11.272197,0.3959393,34.15278,11.272197,0.40490854,,,,,,,,,,,,,,,,,,,,,,,,,,,,,,,,,,,,,,,,,,,,,,,,,,,,,,,,,,,,,34.15278,11.272197,-0.08399303,34.15278,11.272197,-0.4993077,,,,,,,,,,,,,,,,,34.15278,11.362134,-0.029178517,34.15278,11.362134,-0.0594577,,,,,,,,,,,,,,,,,,,,,,,,,,,,,34.15278,11.362134,1.0000001e-07,34.15278,11.362134,7.0,,,,,,,
34.15278,11.3021755,0.39787295,34.15278,11.3021755,0.4064406,,,,,,,,,,,,,,,,,,,,,,,,,,,,,,,,,,,,,,,,,,,,,,,,,,,,,,,,,,,,,34.15278,11.3021755,0.15436949,34.15278,11.3021755,-0.2652069,,,,,,,,,,,,,,,,,34.15278,11.392114,-0.06782835,34.15278,11.392114,0.033784077,,,,,,,,,,,,,,,,,,,,,,,,,,,,,34.15278,11.392114,1.0000001e-07,34.15278,11.392114,7.0,,,,,,,
34.15278,11.332155,0.39759034,34.15278,11.332155,0.4077198,,,,,,,,,,,,,,,,,,,,,,,,,,,,,,,,,,,,,,,,,,,,,,,,,,,,,,,,,,,,,34.15278,11.332155,0.17352803,34.15278,11.332155,-0.086878195,,,,,,,,,,,,,,,,,34.15278,11.422092,0.019649372,34.15278,11.422092,-0.035652827,,,,,,,,,,,,,,,,,,,,,,,,,,,,,34.15278,11.422092,1.0000001e-07,34.15278,11.422092,7.0,,,,,,,
34.15278,11.362134,0.39583522,34.15278,11.362134,0.40663397,,,,,,,,,,,,,,,,,,,,,,,,,,,,,,,,,,,,,,,,,,,,,,,,,,,,,,,,,,,,,34.15278,11.362134,-0.12714131,34.15278,11.362134,-0.2976442,,,,,,,,,,,,,,,,,34.15278,11.452072,-0.0488995,34.15278,11.452072,0.02693751,,,,,,,,,,,,,,,,,,,,,,,,,,,,,34.15278,11.452072,1.0000001e-07,34.15278,11.452072,7.0,,,,,,,
34.15278,11.392114,0.39454114,34.15278,11.392114,0.40968314,,,,,,,,,,,,,,,,,,,,,,,,,,,,,,,,,,,,,,,,,,,,,,,,,,,,,,,,,,,,,34.15278,11.392114,-0.2892937,34.15278,11.392114,0.15635954,,,,,,,,,,,,,,,,,34.15278,11.482051,0.06230224,34.15278,11.482051,-0.012596239,,,,,,,,,,,,,,,,,,,,,,,,,,,,,34.15278,11.482051,1.0000001e-07,34.15278,11.482051,7.0,,,,,,,
34.15278,11.422092,0.3972185,34.15278,11.422092,0.4074669,,,,,,,,,,,,,,,,,,,,,,,,,,,,,,,,,,,,,,,,,,,,,,,,,,,,,,,,,,,,,34.15278,11.422092,0.113029055,34.15278,11.422092,-0.10819152,,,,,,,,,,,,,,,,,34.15278,11.512031,-0.02545259,34.15278,11.512031,-0.032752853,,,,,,,,,,,,,,,,,,,,,,,,,,,,,34.15278,11.512031,1.0000001e-07,34.15278,11.512031,7.0,,,,,,,
34.15278,11.452072,0.3951956,34.15278,11.452072,0.40946007,,,,,,,,,,,,,,,,,,,,,,,,,,,,,,,,,,,,,,,,,,,,,,,,,,,,,,,,,,,,,34.15278,11.452072,-0.1584005,34.15278,11.452072,0.1637061,,,,,,,,,,,,,,,,,34.15278,11.542009,-0.041566506,34.15278,11.542009,0.01607254,,,,,,,,,,,,,,,,,,,,,,,,,,,,,34.15278,11.542009,1.0000001e-07,34.15278,11.542009,7.0,,,,,,,
34.15278,11.482051,0.3987803,34.15278,11.482051,0.408166,,,,,,,,,,,,,,,,,,,,,,,,,,,,,,,,,,,,,,,,,,,,,,,,,,,,,,,,,,,,,34.15278,11.482051,0.32553682,34.15278,11.482051,-0.021567391,,,,,,,,,,,,,,,,,34.15278,11.571989,0.05449069,34.15278,11.571989,-0.018142482,,,,,,,,,,,,,,,,,,,,,,,,,,,,,34.15278,11.571989,1.0000001e-07,34.15278,11.571989,7.0,,,,,,,
34.15278,11.512031,0.39602855,34.15278,11.512031,0.4075413,,,,,,,,,,,,,,,,,,,,,,,,,,,,,,,,,,,,,,,,,,,,,,,,,,,,,,,,,,,,,34.15278,11.512031,-0.056129046,34.15278,11.512031,-0.12833774,,,,,,,,,,,,,,,,,34.15278,11.601968,-0.031408112,34.15278,11.601968,-0.040316943,,,,,,,,,,,,,,,,,,,,,,,,,,,,,34.15278,11.601968,1.0000001e-07,34.15278,11.601968,7.0,,,,,,,
34.15278,11.542009,0.39532948,34.15278,11.542009,0.40919232,,,,,,,,,,,,,,,,,,,,,,,,,,,,,,,,,,,,,,,,,,,,,,,,,,,,,,,,,,,,,34.15278,11.542009,-0.18748567,34.15278,11.542009,0.12873286,,,,,,,,,,,,,,,,,34.15278,11.6319475,-0.005800005,34.15278,11.6319475,0.045045182,,,,,,,,,,,,,,,,,,,,,,,,,,,,,34.15278,11.6319475,1.0000001e-07,34.15278,11.6319475,7.0,,,,,,,
34.15278,11.571989,0.39846793,34.15278,11.571989,0.4079429,,,,,,,,,,,,,,,,,,,,,,,,,,,,,,,,,,,,,,,,,,,,,,,,,,,,,,,,,,,,,34.15278,11.571989,0.2515887,34.15278,11.571989,-0.07280204,,,,,,,,,,,,,,,,,34.15278,11.661927,-0.01813086,34.15278,11.661927,-0.049289748,,,,,,,,,,,,,,,,,,,,,,,,,,,,,34.15278,11.661927,1.0000001e-07,34.15278,11.661927,7.0,,,,,,,
34.15278,11.601968,0.39582035,34.15278,11.601968,0.40736276,,,,,,,,,,,,,,,,,,,,,,,,,,,,,,,,,,,,,,,,,,,,,,,,,,,,,,,,,,,,,34.15278,11.601968,-0.11133567,34.15278,11.601968,-0.15495889,,,,,,,,,,,,,,,,,34.15278,11.691906,0.06219771,34.15278,11.691906,0.08760548,,,,,,,,,,,,,,,,,,,,,,,,,,,,,34.15278,11.691906,1.0000001e-07,34.15278,11.691906,7.0,,,,,,,
34.15278,11.6319475,0.39662352,34.15278,11.6319475,0.41004014,,,,,,,,,,,,,,,,,,,,,,,,,,,,,,,,,,,,,,,,,,,,,,,,,,,,,,,,,,,,,34.15278,11.6319475,0.0139741795,34.15278,11.6319475,0.2538793,,,,,,,,,,,,,,,,,34.15278,11.721886,-0.047466204,34.15278,11.721886,-0.019484678,,,,,,,,,,,,,,,,,,,,,,,,,,,,,34.15278,11.721886,1.0000001e-07,34.15278,11.721886,7.0,,,,,,,
34.15278,11.661926,0.39616242,34.15278,11.661926,0.4070355,,,,,,,,,,,,,,,,,,,,,,,,,,,,,,,,,,,,,,,,,,,,,,,,,,,,,,,,,,,,,34.15278,11.661926,-0.08546574,34.15278,11.661926,-0.20432603,,,,,,,,,,,,,,,,,34.15278,11.751864,-0.029610842,34.15278,11.751864,0.043358207,,,,,,,,,,,,,,,,,,,,,,,,,,,,,34.15278,11.751864,1.0000001e-07,34.15278,11.751864,7.0,,,,,,,
34.15278,11.691906,0.3986316,34.15278,11.691906,0.41128957,,,,,,,,,,,,,,,,,,,,,,,,,,,,,,,,,,,,,,,,,,,,,,,,,,,,,,,,,,,,,34.15278,11.691906,0.26568022,34.15278,11.691906,0.4657479,,,,,,,,,,,,,,,,,34.15278,11.781844,-0.067368075,34.15278,11.781844,-0.048244737,,,,,,,,,,,,,,,,,,,,,,,,,,,,,34.15278,11.781844,1.0000001e-07,34.15278,11.781844,7.0,,,,,,,
34.15278,11.721885,0.39526996,34.15278,11.721885,0.40783873,,,,,,,,,,,,,,,,,,,,,,,,,,,,,,,,,,,,,,,,,,,,,,,,,,,,,,,,,,,,,34.15278,11.721885,-0.16165026,34.15278,11.721885,-0.10236524,,,,,,,,,,,,,,,,,34.15278,11.811823,0.07387643,34.15278,11.811823,0.041186515,,,,,,,,,,,,,,,,,,,,,,,,,,,,,34.15278,11.811823,1.0000001e-07,34.15278,11.811823,7.0,,,,,,,
34.15278,11.751864,0.39580545,34.15278,11.751864,0.409936,,,,,,,,,,,,,,,,,,,,,,,,,,,,,,,,,,,,,,,,,,,,,,,,,,,,,,,,,,,,,34.15278,11.751864,-0.13642019,34.15278,11.751864,0.2503361,,,,,,,,,,,,,,,,,34.15278,11.841803,0.08906277,34.15278,11.841803,-0.07140139,,,,,,,,,,,,,,,,,,,,,,,,,,,,,34.15278,11.841803,1.0000001e-07,34.15278,11.841803,7.0,,,,,,,
34.15278,11.781843,0.3946155,34.15278,11.781843,0.40709507,,,,,,,,,,,,,,,,,,,,,,,,,,,,,,,,,,,,,,,,,,,,,,,,,,,,,,,,,,,,,34.15278,11.781843,-0.26634368,34.15278,11.781843,-0.2023223,,,,,,,,,,,,,,,,,34.15278,11.871781,0.028654002,34.15278,11.871781,-0.07755054,,,,,,,,,,,,,,,,,,,,,,,,,,,,,34.15278,11.871781,1.0000001e-07,34.15278,11.871781,7.0,,,,,,,
34.15278,11.811823,0.3989588,34.15278,11.811823,0.40975755,,,,,,,,,,,,,,,,,,,,,,,,,,,,,,,,,,,,,,,,,,,,,,,,,,,,,,,,,,,,,34.15278,11.811823,0.36340842,34.15278,11.811823,0.2109428,,,,,,,,,,,,,,,,,34.15278,11.901761,-0.09785951,34.15278,11.901761,-0.09830527,,,,,,,,,,,,,,,,,,,,,,,,,,,,,34.15278,11.901761,1.0000001e-07,34.15278,11.901761,7.0,,,,,,,
34.15278,11.841802,0.39931577,34.15278,11.841802,0.40650007,,,,,,,,,,,,,,,,,,,,,,,,,,,,,,,,,,,,,,,,,,,,,,,,,,,,,,,,,,,,,34.15278,11.841802,0.37397444,34.15278,11.841802,-0.26545444,,,,,,,,,,,,,,,,,34.15278,11.93174,0.13785616,34.15278,11.93174,-0.054836668,,,,,,,,,,,,,,,,,,,,,,,,,,,,,34.15278,11.93174,1.0000001e-07,34.15278,11.93174,7.0,,,,,,,
34.15278,11.871781,0.39764988,34.15278,11.871781,0.4062026,,,,,,,,,,,,,,,,,,,,,,,,,,,,,,,,,,,,,,,,,,,,,,,,,,,,,,,,,,,,,34.15278,11.871781,0.14644928,34.15278,11.871781,-0.3250185,,,,,,,,,,,,,,,,,34.15278,11.9617195,0.0025776261,34.15278,11.9617195,0.044102143,,,,,,,,,,,,,,,,,,,,,,,,,,,,,34.15278,11.9617195,1.0000001e-07,34.15278,11.9617195,7.0,,,,,,,
34.15278,11.90176,0.39375278,34.15278,11.90176,0.40559277,,,,,,,,,,,,,,,,,,,,,,,,,,,,,,,,,,,,,,,,,,,,,,,,,,,,,,,,,,,,,34.15278,11.90176,-0.36668023,34.15278,11.90176,-0.42131248,,,,,,,,,,,,,,,,,34.15278,11.991698,-0.07842979,34.15278,11.991698,-0.049474645,,,,,,,,,,,,,,,,,,,,,,,,,,,,,34.15278,11.991698,1.0000001e-07,34.15278,11.991698,7.0,,,,,,,
34.15278,11.93174,0.40081808,34.15278,11.93174,0.4070207,,,,,,,,,,,,,,,,,,,,,,,,,,,,,,,,,,,,,,,,,,,,,,,,,,,,,,,,,,,,,34.15278,11.93174,0.57938063,34.15278,11.93174,-0.2035907,,,,,,,,,,,,,,,,,34.15278,12.021678,-0.019830126,34.15278,12.021678,0.072078615,,,,,,,,,,,,,,,,,,,,,,,,,,,,,34.15278,12.021678,1.0000001e-07,34.15278,12.021678,7.0,,,,,,,
34.15278,11.9617195,0.39675736,34.15278,11.9617195,0.40995094,,,,,,,,,,,,,,,,,,,,,,,,,,,,,,,,,,,,,,,,,,,,,,,,,,,,,,,,,,,,,34.15278,11.9617195,0.061445653,34.15278,11.9617195,0.21468168,,,,,,,,,,,,,,,,,34.15278,12.051657,0.098909184,34.15278,12.051657,-0.07149027,,,,,,,,,,,,,,,,,,,,,,,,,,,,,34.15278,12.051657,1.0000001e-07,34.15278,12.051657,7.0,,,,,,,
34.15278,11.991698,0.39448166,34.15278,11.991698,0.40721405,,,,,,,,,,,,,,,,,,,,,,,,,,,,,,,,,,,,,,,,,,,,,,,,,,,,,,,,,,,,,34.15278,11.991698,-0.29706514,34.15278,11.991698,-0.17936632,,,,,,,,,,,,,,,,,34.15278,12.081636,0.08962021,34.15278,12.081636,0.006197277,,,,,,,,,,,,,,,,,,,,,,,,,,,,,34.15278,12.081636,1.0000001e-07,34.15278,12.081636,7.0,,,,,,,
34.15278,12.021678,0.3961773,34.15278,12.021678,0.41063514,,,,,,,,,,,,,,,,,,,,,,,,,,,,,,,,,,,,,,,,,,,,,,,,,,,,,,,,,,,,,34.15278,12.021678,0.0075348746,34.15278,12.021678,0.316993,,,,,,,,,,,,,,,,,34.15278,12.111615,0.09654323,34.15278,12.111615,0.030129386,,,,,,,,,,,,,,,,,,,,,,,,,,,,,34.15278,12.111615,1.0000001e-07,34.15278,12.111615,7.0,,,,,,,
34.15278,12.051657,0.39961326,34.15278,12.051657,0.40651494,,,,,,,,,,,,,,,,,,,,,,,,,,,,,,,,,,,,,,,,,,,,,,,,,,,,,,,,,,,,,34.15278,12.051657,0.42943117,34.15278,12.051657,-0.25655168,,,,,,,,,,,,,,,,,34.15278,12.141595,0.043087702,34.15278,12.141595,0.011394053,,,,,,,,,,,,,,,,,,,,,,,,,,,,,34.15278,12.141595,1.0000001e-07,34.15278,12.141595,7.0,,,,,,,
34.15278,12.081636,0.39933068,34.15278,12.081636,0.40865687,,,,,,,,,,,,,,,,,,,,,,,,,,,,,,,,,,,,,,,,,,,,,,,,,,,,,,,,,,,,,34.15278,12.081636,0.43800962,34.15278,12.081636,0.004889978,,,,,,,,,,,,,,,,,34.15278,12.171574,0.036630433,34.15278,12.171574,0.095815495,,,,,,,,,,,,,,,,,,,,,,,,,,,,,34.15278,12.171574,1.0000001e-07,34.15278,12.171574,7.0,,,,,,,
34.15278,12.111615,0.3994199,34.15278,12.111615,0.40940058,,,,,,,,,,,,,,,,,,,,,,,,,,,,,,,,,,,,,,,,,,,,,,,,,,,,,,,,,,,,,34.15278,12.111615,0.4027285,34.15278,12.111615,0.15773828,,,,,,,,,,,,,,,,,34.15278,12.201553,-0.0048868656,34.15278,12.201553,-0.023589216,,,,,,,,,,,,,,,,,,,,,,,,,,,,,34.15278,12.201553,1.0000001e-07,34.15278,12.201553,7.0,,,,,,,
34.15278,12.141595,0.39781344,34.15278,12.141595,0.40889487,,,,,,,,,,,,,,,,,,,,,,,,,,,,,,,,,,,,,,,,,,,,,,,,,,,,,,,,,,,,,34.15278,12.141595,0.1724984,34.15278,12.141595,0.055492826,,,,,,,,,,,,,,,,,34.15278,12.231532,-0.060142875,34.15278,12.231532,-0.002437724,,,,,,,,,,,,,,,,,,,,,,,,,,,,,34.15278,12.231532,1.0000001e-07,34.15278,12.231532,7.0,,,,,,,
34.15278,12.171574,0.39772427,34.15278,12.171574,0.4113045,,,,,,,,,,,,,,,,,,,,,,,,,,,,,,,,,,,,,,,,,,,,,,,,,,,,,,,,,,,,,34.15278,12.171574,0.13160805,34.15278,12.171574,0.44618872,,,,,,,,,,,,,,,,,34.15278,12.261512,0.06756748,34.15278,12.261512,0.082406715,,,,,,,,,,,,,,,,,,,,,,,,,,,,,34.15278,12.261512,1.0000001e-07,34.15278,12.261512,7.0,,,,,,,
34.15278,12.201553,0.39660865,34.15278,12.201553,0.40791312,,,,,,,,,,,,,,,,,,,,,,,,,,,,,,,,,,,,,,,,,,,,,,,,,,,,,,,,,,,,,34.15278,12.201553,0.024253713,34.15278,12.201553,-0.056956634,,,,,,,,,,,,,,,,,34.15278,12.291491,0.007874029,34.15278,12.291491,0.21027616,,,,,,,,,,,,,,,,,,,,,,,,,,,,,34.15278,12.291491,1.0000001e-07,34.15278,12.291491,7.0,,,,,,,
34.15278,12.231532,0.395032,34.15278,12.231532,0.40852296,,,,,,,,,,,,,,,,,,,,,,,,,,,,,,,,,,,,,,,,,,,,,,,,,,,,,,,,,,,,,34.15278,12.231532,-0.21771294,34.15278,12.231532,0.03936067,,,,,,,,,,,,,,,,,34.15278,12.32147,-0.019658795,34.15278,12.32147,-0.1173869,,,,,,,,,,,,,,,,,,,,,,,,,,,,,34.15278,12.32147,1.0000001e-07,34.15278,12.32147,7.0,,,,,,,
34.15278,12.261512,0.39864647,34.15278,12.261512,0.410888,,,,,,,,,,,,,,,,,,,,,,,,,,,,,,,,,,,,,,,,,,,,,,,,,,,,,,,,,,,,,34.15278,12.261512,0.28634182,34.15278,12.261512,0.3829121,,,,,,,,,,,,,,,,,34.15278,12.351449,0.13692862,34.15278,12.351449,-0.04141226,,,,,,,,,,,,,,,,,,,,,,,,,,,,,34.15278,12.351449,1.0000001e-07,34.15278,12.351449,7.0,,,,,,,
34.15278,12.291491,0.39696565,34.15278,12.291491,0.41441318,,,,,,,,,,,,,,,,,,,,,,,,,,,,,,,,,,,,,,,,,,,,,,,,,,,,,,,,,,,,,34.15278,12.291491,0.09586101,34.15278,12.291491,0.85454524,,,,,,,,,,,,,,,,,34.15278,12.381429,-0.07969305,34.15278,12.381429,0.121711224,,,,,,,,,,,,,,,,,,,,,,,,,,,,,34.15278,12.381429,1.0000001e-07,34.15278,12.381429,7.0,,,,,,,
34.15278,12.32147,0.39622197,34.15278,12.32147,0.40529525,,,,,,,,,,,,,,,,,,,,,,,,,,,,,,,,,,,,,,,,,,,,,,,,,,,,,,,,,,,,,34.15278,12.32147,-0.022578312,34.15278,12.32147,-0.43342054,,,,,,,,,,,,,,,,,34.15278,12.411407,-0.039017055,34.15278,12.411407,-0.12329461,,,,,,,,,,,,,,,,,,,,,,,,,,,,,34.15278,12.411407,1.0000001e-07,34.15278,12.411407,7.0,,,,,,,
34.15278,12.351449,0.4005206,34.15278,12.351449,0.40734792,,,,,,,,,,,,,,,,,,,,,,,,,,,,,,,,,,,,,,,,,,,,,,,,,,,,,,,,,,,,,34.15278,12.351449,0.55677384,34.15278,12.351449,-0.152624,,,,,,,,,,,,,,,,,34.15278,12.441387,0.03624373,34.15278,12.441387,0.016455842,,,,,,,,,,,,,,,,,,,,,,,,,,,,,34.15278,12.441387,1.0000001e-07,34.15278,12.441387,7.0,,,,,,,
34.15278,12.381429,0.3944519,34.15278,12.381429,0.4119441,,,,,,,,,,,,,,,,,,,,,,,,,,,,,,,,,,,,,,,,,,,,,,,,,,,,,,,,,,,,,34.15278,12.381429,-0.2638635,34.15278,12.381429,0.5088098,,,,,,,,,,,,,,,,,34.15278,12.471366,-0.13037722,34.15278,12.471366,0.04712443,,,,,,,,,,,,,,,,,,,,,,,,,,,,,34.15278,12.471366,1.0000001e-07,34.15278,12.471366,7.0,,,,,,,
34.15278,12.411407,0.3956121,34.15278,12.411407,0.40522087,,,,,,,,,,,,,,,,,,,,,,,,,,,,,,,,,,,,,,,,,,,,,,,,,,,,,,,,,,,,,34.15278,12.411407,-0.13699733,34.15278,12.411407,-0.45481798,,,,,,,,,,,,,,,,,34.15278,12.501346,0.07150995,34.15278,12.501346,0.0067329747,,,,,,,,,,,,,,,,,,,,,,,,,,,,,34.15278,12.501346,1.0000001e-07,34.15278,12.501346,7.0,,,,,,,
34.15278,12.441387,0.39769447,34.15278,12.441387,0.40901384,,,,,,,,,,,,,,,,,,,,,,,,,,,,,,,,,,,,,,,,,,,,,,,,,,,,,,,,,,,,,34.15278,12.441387,0.15056626,34.15278,12.441387,0.09474447,,,,,,,,,,,,,,,,,34.15278,12.531325,0.017560273,34.15278,12.531325,0.00892908,,,,,,,,,,,,,,,,,,,,,,,,,,,,,34.15278,12.531325,1.0000001e-07,34.15278,12.531325,7.0,,,,,,,
34.15278,12.471366,0.39324707,34.15278,12.471366,0.40983194,,,,,,,,,,,,,,,,,,,,,,,,,,,,,,,,,,,,,,,,,,,,,,,,,,,,,,,,,,,,,34.15278,12.471366,-0.48330668,34.15278,12.471366,0.21611774,,,,,,,,,,,,,,,,,34.15278,12.561304,0.08622196,34.15278,12.561304,-0.027741848,,,,,,,,,,,,,,,,,,,,,,,,,,,,,34.15278,12.561304,1.0000001e-07,34.15278,12.561304,7.0,,,,,,,
34.15278,12.501346,0.39861667,34.15278,12.501346,0.40867174,,,,,,,,,,,,,,,,,,,,,,,,,,,,,,,,,,,,,,,,,,,,,,,,,,,,,,,,,,,,,34.15278,12.501346,0.2893444,34.15278,12.501346,0.05168669,,,,,,,,,,,,,,,,,34.15278,12.591284,-0.09569435,34.15278,12.591284,0.13419373,,,,,,,,,,,,,,,,,,,,,,,,,,,,,34.15278,12.591284,1.0000001e-07,34.15278,12.591284,7.0,,,,,,,
34.15278,12.531324,0.39715898,34.15278,12.531324,0.40880558,,,,,,,,,,,,,,,,,,,,,,,,,,,,,,,,,,,,,,,,,,,,,,,,,,,,,,,,,,,,,34.15278,12.531324,0.12600794,34.15278,12.531324,0.060219806,,,,,,,,,,,,,,,,,34.15278,12.621263,0.035990912,34.15278,12.621263,-0.046697974,,,,,,,,,,,,,,,,,,,,,,,,,,,,,34.15278,12.621263,1.0000001e-07,34.15278,12.621263,7.0,,,,,,,
34.15278,12.561304,0.3990332,34.15278,12.561304,0.40773463,,,,,,,,,,,,,,,,,,,,,,,,,,,,,,,,,,,,,,,,,,,,,,,,,,,,,,,,,,,,,34.15278,12.561304,0.3603005,34.15278,12.561304,-0.07149947,,,,,,,,,,,,,,,,,34.15278,12.651242,-0.051273838,34.15278,12.651242,0.107161015,,,,,,,,,,,,,,,,,,,,,,,,,,,,,34.15278,12.651242,1.0000001e-07,34.15278,12.651242,7.0,,,,,,,
34.15278,12.591283,0.3941841,34.15278,12.591283,0.41210768,,,,,,,,,,,,,,,,,,,,,,,,,,,,,,,,,,,,,,,,,,,,,,,,,,,,,,,,,,,,,34.15278,12.591283,-0.3431217,34.15278,12.591283,0.54244107,,,,,,,,,,,,,,,,,34.15278,12.681221,0.06672188,34.15278,12.681221,0.030267682,,,,,,,,,,,,,,,,,,,,,,,,,,,,,34.15278,12.681221,1.0000001e-07,34.15278,12.681221,7.0,,,,,,,
34.15278,12.621263,0.3975606,34.15278,12.621263,0.40737766,,,,,,,,,,,,,,,,,,,,,,,,,,,,,,,,,,,,,,,,,,,,,,,,,,,,,,,,,,,,,34.15278,12.621263,0.11291643,34.15278,12.621263,-0.12743188,,,,,,,,,,,,,,,,,34.15278,12.711201,-0.012637828,34.15278,12.711201,-0.22981031,,,,,,,,,,,,,,,,,,,,,,,,,,,,,34.15278,12.711201,1.0000001e-07,34.15278,12.711201,7.0,,,,,,,
34.15278,12.651241,0.39531457,34.15278,12.651241,0.41137886,,,,,,,,,,,,,,,,,,,,,,,,,,,,,,,,,,,,,,,,,,,,,,,,,,,,,,,,,,,,,34.15278,12.651241,-0.18984343,34.15278,12.651241,0.4449448,,,,,,,,,,,,,,,,,34.15278,12.741179,0.025996348,34.15278,12.741179,-0.012133388,,,,,,,,,,,,,,,,,,,,,,,,,,,,,34.15278,12.741179,1.0000001e-07,34.15278,12.741179,7.0,,,,,,,
34.15278,12.681221,0.39839357,34.15278,12.681221,0.4093262,,,,,,,,,,,,,,,,,,,,,,,,,,,,,,,,,,,,,,,,,,,,,,,,,,,,,,,,,,,,,34.15278,12.681221,0.25360733,34.15278,12.681221,0.12868376,,,,,,,,,,,,,,,,,34.15278,12.771159,-0.032950893,34.15278,12.771159,-0.12807333,,,,,,,,,,,,,,,,,,,,,,,,,,,,,34.15278,12.771159,1.0000001e-07,34.15278,12.771159,7.0,,,,,,,
34.15278,12.7112,0.39645994,34.15278,12.7112,0.4025138,,,,,,,,,,,,,,,,,,,,,,,,,,,,,,,,,,,,,,,,,,,,,,,,,,,,,,,,,,,,,34.15278,12.7112,0.020828418,34.15278,12.7112,-0.8344806,,,,,,,,,,,,,,,,,34.15278,12.801138,0.09210464,34.15278,12.801138,0.05037376,,,,,,,,,,,,,,,,,,,,,,,,,,,,,34.15278,12.801138,1.0000001e-07,34.15278,12.801138,7.0,,,,,,,
34.15278,12.741179,0.39736724,34.15278,12.741179,0.40827012,,,,,,,,,,,,,,,,,,,,,,,,,,,,,,,,,,,,,,,,,,,,,,,,,,,,,,,,,,,,,34.15278,12.741179,0.13100995,34.15278,12.741179,-0.024084156,,,,,,,,,,,,,,,,,34.15278,12.831118,-0.1008777,34.15278,12.831118,0.13728659,,,,,,,,,,,,,,,,,,,,,,,,,,,,,34.15278,12.831118,1.0000001e-07,34.15278,12.831118,7.0,,,,,,,
34.15278,12.771158,0.3958352,34.15278,12.771158,0.40520602,,,,,,,,,,,,,,,,,,,,,,,,,,,,,,,,,,,,,,,,,,,,,,,,,,,,,,,,,,,,,34.15278,12.771158,-0.12062332,34.15278,12.771158,-0.42632642,,,,,,,,,,,,,,,,,34.15278,12.861096,0.074947625,34.15278,12.861096,-0.031312544,,,,,,,,,,,,,,,,,,,,,,,,,,,,,34.15278,12.861096,1.0000001e-07,34.15278,12.861096,7.0,,,,,,,
34.15278,12.801138,0.3990629,34.15278,12.801138,0.40981704,,,,,,,,,,,,,,,,,,,,,,,,,,,,,,,,,,,,,,,,,,,,,,,,,,,,,,,,,,,,,34.15278,12.801138,0.3515036,34.15278,12.801138,0.19241649,,,,,,,,,,,,,,,,,34.15278,12.891076,0.13303858,34.15278,12.891076,0.05849558,,,,,,,,,,,,,,,,,,,,,,,,,,,,,34.15278,12.891076,1.0000001e-07,34.15278,12.891076,7.0,,,,,,,
34.15278,12.831118,0.3940949,34.15278,12.831118,0.4121077,,,,,,,,,,,,,,,,,,,,,,,,,,,,,,,,,,,,,,,,,,,,,,,,,,,,,,,,,,,,,34.15278,12.831118,-0.34752387,34.15278,12.831118,0.5560224,,,,,,,,,,,,,,,,,34.15278,12.921055,0.014223582,34.15278,12.921055,-0.07028988,,,,,,,,,,,,,,,,,,,,,,,,,,,,,34.15278,12.921055,1.0000001e-07,34.15278,12.921055,7.0,,,,,,,
34.15278,12.861096,0.39861667,34.15278,12.861096,0.40776438,,,,,,,,,,,,,,,,,,,,,,,,,,,,,,,,,,,,,,,,,,,,,,,,,,,,,,,,,,,,,34.15278,12.861096,0.30696046,34.15278,12.861096,-0.08608499,,,,,,,,,,,,,,,,,34.15278,12.951035,-0.015456293,34.15278,12.951035,-0.039806146,,,,,,,,,,,,,,,,,,,,,,,,,,,,,34.15278,12.951035,1.0000001e-07,34.15278,12.951035,7.0,,,,,,,
34.15278,12.891076,0.39997023,34.15278,12.891076,0.41008478,,,,,,,,,,,,,,,,,,,,,,,,,,,,,,,,,,,,,,,,,,,,,,,,,,,,,,,,,,,,,34.15278,12.891076,0.48298147,34.15278,12.891076,0.23597033,,,,,,,,,,,,,,,,,34.15278,12.981013,-0.048320033,34.15278,12.981013,0.049128115,,,,,,,,,,,,,,,,,,,,,,,,,,,,,34.15278,12.981013,1.0000001e-07,34.15278,12.981013,7.0,,,,,,,
34.15278,12.921055,0.3970549,34.15278,12.921055,0.40673807,,,,,,,,,,,,,,,,,,,,,,,,,,,,,,,,,,,,,,,,,,,,,,,,,,,,,,,,,,,,,34.15278,12.921055,0.086584814,34.15278,12.921055,-0.27198482,,,,,,,,,,,,,,,,,34.15278,13.010993,-0.058974463,34.15278,13.010993,-0.14450066,,,,,,,,,,,,,,,,,,,,,,,,,,,,,34.15278,13.010993,1.0000001e-07,34.15278,13.010993,7.0,,,,,,,
34.15278,12.951035,0.3963558,34.15278,12.951035,0.40751153,,,,,,,,,,,,,,,,,,,,,,,,,,,,,,,,,,,,,,,,,,,,,,,,,,,,,,,,,,,,,34.15278,12.951035,-0.05711835,34.15278,12.951035,-0.1282136,,,,,,,,,,,,,,,,,34.15278,13.040972,-0.08814639,34.15278,13.040972,-0.02644309,,,,,,,,,,,,,,,,,,,,,,,,,,,,,34.15278,13.040972,1.0000001e-07,34.15278,13.040972,7.0,,,,,,,
34.15278,12.981013,0.39543355,34.15278,12.981013,0.40968317,,,,,,,,,,,,,,,,,,,,,,,,,,,,,,,,,,,,,,,,,,,,,,,,,,,,,,,,,,,,,34.15278,12.981013,-0.15898526,34.15278,12.981013,0.18205185,,,,,,,,,,,,,,,,,34.15278,13.070951,0.10844438,34.15278,13.070951,0.035213564,,,,,,,,,,,,,,,,,,,,,,,,,,,,,34.15278,13.070951,1.0000001e-07,34.15278,13.070951,7.0,,,,,,,
34.15278,13.010993,0.3951956,34.15278,13.010993,0.40487877,,,,,,,,,,,,,,,,,,,,,,,,,,,,,,,,,,,,,,,,,,,,,,,,,,,,,,,,,,,,,34.15278,13.010993,-0.19521795,34.15278,13.010993,-0.5160448,,,,,,,,,,,,,,,,,34.15278,13.10093,0.01195095,34.15278,13.10093,0.24976315,,,,,,,,,,,,,,,,,,,,,,,,,,,,,34.15278,13.10093,1.0000001e-07,34.15278,13.10093,7.0,,,,,,,
34.15278,13.040972,0.39448163,34.15278,13.040972,0.40785363,,,,,,,,,,,,,,,,,,,,,,,,,,,,,,,,,,,,,,,,,,,,,,,,,,,,,,,,,,,,,34.15278,13.040972,-0.29629982,34.15278,13.040972,-0.05213817,,,,,,,,,,,,,,,,,34.15278,13.13091,-0.051505387,34.15278,13.13091,0.07918227,,,,,,,,,,,,,,,,,,,,,,,,,,,,,34.15278,13.13091,1.0000001e-07,34.15278,13.13091,7.0,,,,,,,
34.15278,13.070951,0.3994794,34.15278,13.070951,0.40946007,,,,,,,,,,,,,,,,,,,,,,,,,,,,,,,,,,,,,,,,,,,,,,,,,,,,,,,,,,,,,34.15278,13.070951,0.44536024,34.15278,13.070951,0.13346174,,,,,,,,,,,,,,,,,34.15278,13.160889,-0.025703473,34.15278,13.160889,0.038952723,,,,,,,,,,,,,,,,,,,,,,,,,,,,,34.15278,13.160889,1.0000001e-07,34.15278,13.160889,7.0,,,,,,,
34.15278,13.10093,0.39702517,34.15278,13.10093,0.41472554,,,,,,,,,,,,,,,,,,,,,,,,,,,,,,,,,,,,,,,,,,,,,,,,,,,,,,,,,,,,,34.15278,13.10093,0.094831444,34.15278,13.10093,0.8459886,,,,,,,,,,,,,,,,,34.15278,13.190868,-0.034737088,34.15278,13.190868,0.027645953,,,,,,,,,,,,,,,,,,,,,,,,,,,,,34.15278,13.190868,1.0000001e-07,34.15278,13.190868,7.0,,,,,,,
34.15278,13.13091,0.39532942,34.15278,13.13091,0.41047153,,,,,,,,,,,,,,,,,,,,,,,,,,,,,,,,,,,,,,,,,,,,,,,,,,,,,,,,,,,,,34.15278,13.13091,-0.15428065,34.15278,13.13091,0.30966434,,,,,,,,,,,,,,,,,34.15278,13.220847,-0.037750646,34.15278,13.220847,-0.082034975,,,,,,,,,,,,,,,,,,,,,,,,,,,,,34.15278,13.220847,1.0000001e-07,34.15278,13.220847,7.0,,,,,,,
34.15278,13.160889,0.39602858,34.15278,13.160889,0.40941542,,,,,,,,,,,,,,,,,,,,,,,,,,,,,,,,,,,,,,,,,,,,,,,,,,,,,,,,,,,,,34.15278,13.160889,-0.059796758,34.15278,13.160889,0.15990598,,,,,,,,,,,,,,,,,34.15278,13.250827,-0.05132427,34.15278,13.250827,0.124975175,,,,,,,,,,,,,,,,,,,,,,,,,,,,,34.15278,13.250827,1.0000001e-07,34.15278,13.250827,7.0,,,,,,,
34.15278,13.190868,0.39589468,34.15278,13.190868,0.4092072,,,,,,,,,,,,,,,,,,,,,,,,,,,,,,,,,,,,,,,,,,,,,,,,,,,,,,,,,,,,,34.15278,13.190868,-0.08946506,34.15278,13.190868,0.10106786,,,,,,,,,,,,,,,,,34.15278,13.280806,-0.06354057,34.15278,13.280806,-0.10896385,,,,,,,,,,,,,,,,,,,,,,,,,,,,,34.15278,13.280806,1.0000001e-07,34.15278,13.280806,7.0,,,,,,,
34.15278,13.220847,0.39577568,34.15278,13.220847,0.40660417,,,,,,,,,,,,,,,,,,,,,,,,,,,,,,,,,,,,,,,,,,,,,,,,,,,,,,,,,,,,,34.15278,13.220847,-0.10929594,34.15278,13.220847,-0.24563514,,,,,,,,,,,,,,,,,34.15278,13.310785,0.03838499,34.15278,13.310785,0.054803047,,,,,,,,,,,,,,,,,,,,,,,,,,,,,34.15278,13.310785,1.0000001e-07,34.15278,13.310785,7.0,,,,,,,
34.15278,13.250827,0.39546335,34.15278,13.250827,0.41164657,,,,,,,,,,,,,,,,,,,,,,,,,,,,,,,,,,,,,,,,,,,,,,,,,,,,,,,,,,,,,34.15278,13.250827,-0.160581,34.15278,13.250827,0.4413476,,,,,,,,,,,,,,,,,34.15278,13.340765,-0.11694463,34.15278,13.340765,-0.001404254,,,,,,,,,,,,,,,,,,,,,,,,,,,,,34.15278,13.340765,1.0000001e-07,34.15278,13.340765,7.0,,,,,,,
34.15278,13.280806,0.39512122,34.15278,13.280806,0.40593487,,,,,,,,,,,,,,,,,,,,,,,,,,,,,,,,,,,,,,,,,,,,,,,,,,,,,,,,,,,,,34.15278,13.280806,-0.22186397,34.15278,13.280806,-0.3796843,,,,,,,,,,,,,,,,,34.15278,13.370744,0.23651232,34.15278,13.370744,-0.023058895,,,,,,,,,,,,,,,,,,,,,,,,,,,,,34.15278,13.370744,1.0000001e-07,34.15278,13.370744,7.0,,,,,,,
34.15278,13.310785,0.39763495,34.15278,13.310785,0.40980217,,,,,,,,,,,,,,,,,,,,,,,,,,,,,,,,,,,,,,,,,,,,,,,,,,,,,,,,,,,,,34.15278,13.310785,0.1491986,34.15278,13.310785,0.1779499,,,,,,,,,,,,,,,,,34.15278,13.400723,-0.024016805,34.15278,13.400723,0.00033318996,,,,,,,,,,,,,,,,,,,,,,,,,,,,,34.15278,13.400723,1.0000001e-07,34.15278,13.400723,7.0,,,,,,,
34.15278,13.340764,0.39390153,34.15278,13.340764,0.40852296,,,,,,,,,,,,,,,,,,,,,,,,,,,,,,,,,,,,,,,,,,,,,,,,,,,,,,,,,,,,,34.15278,13.340764,-0.39775056,34.15278,13.340764,0.0045702327,,,,,,,,,,,,,,,,,34.15278,13.430702,-0.12755628,34.15278,13.430702,0.06054279,,,,,,,,,,,,,,,,,,,,,,,,,,,,,34.15278,13.430702,1.0000001e-07,34.15278,13.430702,7.0,,,,,,,
34.15278,13.370744,0.4022609,34.15278,13.370744,0.40792802,,,,,,,,,,,,,,,,,,,,,,,,,,,,,,,,,,,,,,,,,,,,,,,,,,,,,,,,,,,,,34.15278,13.370744,0.8145161,34.15278,13.370744,-0.0930271,,,,,,,,,,,,,,,,,34.15278,13.460682,0.1573661,34.15278,13.460682,-0.119474,,,,,,,,,,,,,,,,,,,,,,,,,,,,,34.15278,13.460682,1.0000001e-07,34.15278,13.460682,7.0,,,,,,,
34.15278,13.4007225,0.39613265,34.15278,13.4007225,0.40856758,,,,,,,,,,,,,,,,,,,,,,,,,,,,,,,,,,,,,,,,,,,,,,,,,,,,,,,,,,,,,34.15278,13.4007225,-0.046391897,34.15278,13.4007225,0.07357045,,,,,,,,,,,,,,,,,34.15278,13.490661,-0.06998067,34.15278,13.490661,0.044028334,,,,,,,,,,,,,,,,,,,,,,,,,,,,,34.15278,13.490661,1.0000001e-07,34.15278,13.490661,7.0,,,,,,,
34.15278,13.430702,0.3937825,34.15278,13.430702,0.4099509,,,,,,,,,,,,,,,,,,,,,,,,,,,,,,,,,,,,,,,,,,,,,,,,,,,,,,,,,,,,,34.15278,13.430702,-0.42296875,34.15278,13.430702,0.21558581,,,,,,,,,,,,,,,,,34.15278,13.52064,-0.11307788,34.15278,13.52064,0.07780551,,,,,,,,,,,,,,,,,,,,,,,,,,,,,34.15278,13.52064,1.0000001e-07,34.15278,13.52064,7.0,,,,,,,
34.15278,13.460681,0.4003421,34.15278,13.460681,0.40575635,,,,,,,,,,,,,,,,,,,,,,,,,,,,,,,,,,,,,,,,,,,,,,,,,,,,,,,,,,,,,34.15278,13.460681,0.5523098,34.15278,13.460681,-0.35616052,,,,,,,,,,,,,,,,,34.15278,13.550619,-0.006967572,34.15278,13.550619,-0.24511014,,,,,,,,,,,,,,,,,,,,,,,,,,,,,34.15278,13.550619,1.0000001e-07,34.15278,13.550619,7.0,,,,,,,
34.15278,13.490661,0.39504686,34.15278,13.490661,0.40957907,,,,,,,,,,,,,,,,,,,,,,,,,,,,,,,,,,,,,,,,,,,,,,,,,,,,,,,,,,,,,34.15278,13.490661,-0.18813545,34.15278,13.490661,0.18713088,,,,,,,,,,,,,,,,,34.15278,13.580599,0.042812653,34.15278,13.580599,0.1787132,,,,,,,,,,,,,,,,,,,,,,,,,,,,,34.15278,13.580599,1.0000001e-07,34.15278,13.580599,7.0,,,,,,,
34.15278,13.520639,0.39408,34.15278,13.520639,0.41030788,,,,,,,,,,,,,,,,,,,,,,,,,,,,,,,,,,,,,,,,,,,,,,,,,,,,,,,,,,,,,34.15278,13.520639,-0.35475668,34.15278,13.520639,0.2708301,,,,,,,,,,,,,,,,,34.15278,13.610578,-0.13698381,34.15278,13.610578,-0.00980099,,,,,,,,,,,,,,,,,,,,,,,,,,,,,34.15278,13.610578,1.0000001e-07,34.15278,13.610578,7.0,,,,,,,
34.15278,13.550619,0.39645994,34.15278,13.550619,0.40293023,,,,,,,,,,,,,,,,,,,,,,,,,,,,,,,,,,,,,,,,,,,,,,,,,,,,,,,,,,,,,34.15278,13.550619,-0.0076940274,34.15278,13.550619,-0.78164554,,,,,,,,,,,,,,,,,34.15278,13.640557,0.03308022,34.15278,13.640557,-0.11012307,,,,,,,,,,,,,,,,,,,,,,,,,,,,,34.15278,13.640557,1.0000001e-07,34.15278,13.640557,7.0,,,,,,,
34.15278,13.580598,0.39763498,34.15278,13.580598,0.4125837,,,,,,,,,,,,,,,,,,,,,,,,,,,,,,,,,,,,,,,,,,,,,,,,,,,,,,,,,,,,,34.15278,13.580598,0.1431607,34.15278,13.580598,0.58100677,,,,,,,,,,,,,,,,,34.15278,13.670536,-0.08391698,34.15278,13.670536,0.057261474,,,,,,,,,,,,,,,,,,,,,,,,,,,,,34.15278,13.670536,1.0000001e-07,34.15278,13.670536,7.0,,,,,,,
34.15278,13.610578,0.39357433,34.15278,13.610578,0.40829983,,,,,,,,,,,,,,,,,,,,,,,,,,,,,,,,,,,,,,,,,,,,,,,,,,,,,,,,,,,,,34.15278,13.610578,-0.4014953,34.15278,13.610578,0.026228705,,,,,,,,,,,,,,,,,34.15278,13.700516,-0.029488482,34.15278,13.700516,-0.13907401,,,,,,,,,,,,,,,,,,,,,,,,,,,,,34.15278,13.700516,1.0000001e-07,34.15278,13.700516,7.0,,,,,,,
34.15278,13.640556,0.3974565,34.15278,13.640556,0.4060241,,,,,,,,,,,,,,,,,,,,,,,,,,,,,,,,,,,,,,,,,,,,,,,,,,,,,,,,,,,,,34.15278,13.640556,0.17531395,34.15278,13.640556,-0.3305931,,,,,,,,,,,,,,,,,34.15278,13.7304945,0.0036032398,34.15278,13.7304945,-0.025219185,,,,,,,,,,,,,,,,,,,,,,,,,,,,,34.15278,13.7304945,1.0000001e-07,34.15278,13.7304945,7.0,,,,,,,
34.15278,13.670536,0.3948237,34.15278,13.670536,0.40987653,,,,,,,,,,,,,,,,,,,,,,,,,,,,,,,,,,,,,,,,,,,,,,,,,,,,,,,,,,,,,34.15278,13.670536,-0.24949773,34.15278,13.670536,0.23127037,,,,,,,,,,,,,,,,,34.15278,13.760474,0.047737878,34.15278,13.760474,0.09657255,,,,,,,,,,,,,,,,,,,,,,,,,,,,,34.15278,13.760474,1.0000001e-07,34.15278,13.760474,7.0,,,,,,,
34.15278,13.700516,0.39598393,34.15278,13.700516,0.40541422,,,,,,,,,,,,,,,,,,,,,,,,,,,,,,,,,,,,,,,,,,,,,,,,,,,,,,,,,,,,,34.15278,13.700516,-0.07278674,34.15278,13.700516,-0.4050824,,,,,,,,,,,,,,,,,34.15278,13.790453,-0.116539955,34.15278,13.790453,-0.005796618,,,,,,,,,,,,,,,,,,,,,,,,,,,,,34.15278,13.790453,1.0000001e-07,34.15278,13.790453,7.0,,,,,,,
34.15278,13.7304945,0.39683178,34.15278,13.7304945,0.4079429,,,,,,,,,,,,,,,,,,,,,,,,,,,,,,,,,,,,,,,,,,,,,,,,,,,,,,,,,,,,,34.15278,13.7304945,0.038563482,34.15278,13.7304945,-0.06888953,,,,,,,,,,,,,,,,,34.15278,13.820433,-0.04849784,34.15278,13.820433,-0.12288769,,,,,,,,,,,,,,,,,,,,,,,,,,,,,34.15278,13.820433,1.0000001e-07,34.15278,13.820433,7.0,,,,,,,
34.15278,13.760474,0.39767963,34.15278,13.760474,0.41057563,,,,,,,,,,,,,,,,,,,,,,,,,,,,,,,,,,,,,,,,,,,,,,,,,,,,,,,,,,,,,34.15278,13.760474,0.19097829,34.15278,13.760474,0.29719535,,,,,,,,,,,,,,,,,34.15278,13.850411,0.19784299,34.15278,13.850411,-0.07351255,,,,,,,,,,,,,,,,,,,,,,,,,,,,,34.15278,13.850411,1.0000001e-07,34.15278,13.850411,7.0,,,,,,,
34.15278,13.790453,0.39403543,34.15278,13.790453,0.40841886,,,,,,,,,,,,,,,,,,,,,,,,,,,,,,,,,,,,,,,,,,,,,,,,,,,,,,,,,,,,,34.15278,13.790453,-0.35943523,34.15278,13.790453,0.0068558995,,,,,,,,,,,,,,,,,34.15278,13.880391,-0.07895512,34.15278,13.880391,-0.07735316,,,,,,,,,,,,,,,,,,,,,,,,,,,,,34.15278,13.880391,1.0000001e-07,34.15278,13.880391,7.0,,,,,,,
34.15278,13.820433,0.39567155,34.15278,13.820433,0.40581587,,,,,,,,,,,,,,,,,,,,,,,,,,,,,,,,,,,,,,,,,,,,,,,,,,,,,,,,,,,,,34.15278,13.820433,-0.07056429,34.15278,13.820433,-0.380627,,,,,,,,,,,,,,,,,34.15278,13.91037,0.07279558,34.15278,13.91037,-0.031694226,,,,,,,,,,,,,,,,,,,,,,,,,,,,,34.15278,13.91037,1.0000001e-07,34.15278,13.91037,7.0,,,,,,,
34.15278,13.850411,0.40099657,34.15278,13.850411,0.40693143,,,,,,,,,,,,,,,,,,,,,,,,,,,,,,,,,,,,,,,,,,,,,,,,,,,,,,,,,,,,,34.15278,13.850411,0.6250482,34.15278,13.850411,-0.18759653,,,,,,,,,,,,,,,,,34.15278,13.94035,-0.03931209,34.15278,13.94035,-0.16694075,,,,,,,,,,,,,,,,,,,,,,,,,,,,,34.15278,13.94035,1.0000001e-07,34.15278,13.94035,7.0,,,,,,,
34.15278,13.880391,0.39494276,34.15278,13.880391,0.40685704,,,,,,,,,,,,,,,,,,,,,,,,,,,,,,,,,,,,,,,,,,,,,,,,,,,,,,,,,,,,,34.15278,13.880391,-0.24406904,34.15278,13.880391,-0.20386212,,,,,,,,,,,,,,,,,34.15278,13.970328,-0.17793019,34.15278,13.970328,0.07063102,,,,,,,,,,,,,,,,,,,,,,,,,,,,,34.15278,13.970328,1.0000001e-07,34.15278,13.970328,7.0,,,,,,,
34.15278,13.91037,0.39828947,34.15278,13.91037,0.4078685,,,,,,,,,,,,,,,,,,,,,,,,,,,,,,,,,,,,,,,,,,,,,,,,,,,,,,,,,,,,,34.15278,13.91037,0.22916317,34.15278,13.91037,-0.07672173,,,,,,,,,,,,,,,,,34.15278,14.000308,0.096568614,34.15278,14.000308,-0.06371457,,,,,,,,,,,,,,,,,,,,,,,,,,,,,34.15278,14.000308,1.0000001e-07,34.15278,14.000308,7.0,,,,,,,
34.15278,13.94035,0.39586496,34.15278,13.94035,0.40501264,,,,,,,,,,,,,,,,,,,,,,,,,,,,,,,,,,,,,,,,,,,,,,,,,,,,,,,,,,,,,34.15278,13.94035,-0.09627257,34.15278,13.94035,-0.48212188,,,,,,,,,,,,,,,,,34.15278,14.030287,0.14453773,34.15278,14.030287,-0.14310995,,,,,,,,,,,,,,,,,,,,,,,,,,,,,34.15278,14.030287,1.0000001e-07,34.15278,14.030287,7.0,,,,,,,
34.15278,13.970328,0.39272648,34.15278,13.970328,0.41009963,,,,,,,,,,,,,,,,,,,,,,,,,,,,,,,,,,,,,,,,,,,,,,,,,,,,,,,,,,,,,34.15278,13.970328,-0.4872442,34.15278,13.970328,0.20597267,,,,,,,,,,,,,,,,,34.15278,14.0602665,-0.13599451,34.15278,14.0602665,0.06884416,,,,,,,,,,,,,,,,,,,,,,,,,,,,,34.15278,14.0602665,1.0000001e-07,34.15278,14.0602665,7.0,,,,,,,
34.15278,14.000308,0.39875057,34.15278,14.000308,0.40718427,,,,,,,,,,,,,,,,,,,,,,,,,,,,,,,,,,,,,,,,,,,,,,,,,,,,,,,,,,,,,34.15278,14.000308,0.3214462,34.15278,14.000308,-0.14876688,,,,,,,,,,,,,,,,,34.15278,14.090245,-0.124284595,34.15278,14.090245,0.22882175,,,,,,,,,,,,,,,,,,,,,,,,,,,,,34.15278,14.090245,1.0000001e-07,34.15278,14.090245,7.0,,,,,,,
34.15278,14.030287,0.3998215,34.15278,14.030287,0.40545884,,,,,,,,,,,,,,,,,,,,,,,,,,,,,,,,,,,,,,,,,,,,,,,,,,,,,,,,,,,,,34.15278,14.030287,0.49279484,34.15278,14.030287,-0.41836977,,,,,,,,,,,,,,,,,34.15278,14.120225,0.06799103,34.15278,14.120225,-0.06048016,,,,,,,,,,,,,,,,,,,,,,,,,,,,,34.15278,14.120225,1.0000001e-07,34.15278,14.120225,7.0,,,,,,,
34.15278,14.0602665,0.39378256,34.15278,14.0602665,0.41004014,,,,,,,,,,,,,,,,,,,,,,,,,,,,,,,,,,,,,,,,,,,,,,,,,,,,,,,,,,,,,34.15278,14.0602665,-0.38882744,34.15278,14.0602665,0.22153097,,,,,,,,,,,,,,,,,34.15278,14.150205,-0.046516743,34.15278,14.150205,-0.011177982,,,,,,,,,,,,,,,,,,,,,,,,,,,,,34.15278,14.150205,1.0000001e-07,34.15278,14.150205,7.0,,,,,,,
34.15278,14.090245,0.393961,34.15278,14.090245,0.41346124,,,,,,,,,,,,,,,,,,,,,,,,,,,,,,,,,,,,,,,,,,,,,,,,,,,,,,,,,,,,,34.15278,14.090245,-0.37383372,34.15278,14.090245,0.6990866,,,,,,,,,,,,,,,,,34.15278,14.180183,-0.29599184,34.15278,14.180183,-0.00595758,,,,,,,,,,,,,,,,,,,,,,,,,,,,,34.15278,14.180183,1.0000001e-07,34.15278,14.180183,7.0,,,,,,,
34.15278,14.120225,0.3980366,34.15278,14.120225,0.40721405,,,,,,,,,,,,,,,,,,,,,,,,,,,,,,,,,,,,,,,,,,,,,,,,,,,,,,,,,,,,,34.15278,14.120225,0.2044788,34.15278,14.120225,-0.15742323,,,,,,,,,,,,,,,,,34.15278,14.210163,-0.07568044,34.15278,14.210163,-0.053853214,,,,,,,,,,,,,,,,,,,,,,,,,,,,,34.15278,14.210163,1.0000001e-07,34.15278,14.210163,7.0,,,,,,,
34.15278,14.150204,0.39574593,34.15278,14.150204,0.4083296,,,,,,,,,,,,,,,,,,,,,,,,,,,,,,,,,,,,,,,,,,,,,,,,,,,,,,,,,,,,,34.15278,14.150204,-0.073418655,34.15278,14.150204,-0.040250488,,,,,,,,,,,,,,,,,34.15278,14.240142,-0.24831302,34.15278,14.240142,-0.052029874,,,,,,,,,,,,,,,,,,,,,,,,,,,,,34.15278,14.240142,1.0000001e-07,34.15278,14.240142,7.0,,,,,,,
34.15278,14.180183,0.3903317,34.15278,14.180183,0.40838912,,,,,,,,,,,,,,,,,,,,,,,,,,,,,,,,,,,,,,,,,,,,,,,,,,,,,,,,,,,,,34.15278,14.180183,-0.875585,34.15278,14.180183,-0.033105355,,,,,,,,,,,,,,,,,34.15278,14.270122,0.1324905,34.15278,14.270122,0.00803065,,,,,,,,,,,,,,,,,,,,,,,,,,,,,34.15278,14.270122,1.0000001e-07,34.15278,14.270122,7.0,,,,,,,
34.15278,14.210162,0.39501715,34.15278,14.210162,0.40742227,,,,,,,,,,,,,,,,,,,,,,,,,,,,,,,,,,,,,,,,,,,,,,,,,,,,,,,,,,,,,34.15278,14.210162,-0.2547957,34.15278,14.210162,-0.12058417,,,,,,,,,,,,,,,,,34.15278,14.3001,-0.12453665,34.15278,14.3001,0.1531536,,,,,,,,,,,,,,,,,,,,,,,,,,,,,34.15278,14.3001,1.0000001e-07,34.15278,14.3001,7.0,,,,,,,
34.15278,14.240142,0.39153653,34.15278,14.240142,0.40742227,,,,,,,,,,,,,,,,,,,,,,,,,,,,,,,,,,,,,,,,,,,,,,,,,,,,,,,,,,,,,34.15278,14.240142,-0.71543384,34.15278,14.240142,-0.14077272,,,,,,,,,,,,,,,,,34.15278,14.33008,0.01816294,34.15278,14.33008,-0.06044058,,,,,,,,,,,,,,,,,,,,,,,,,,,,,34.15278,14.33008,1.0000001e-07,34.15278,14.33008,7.0,,,,,,,
34.15278,14.270121,0.3993604,34.15278,14.270121,0.40864193,,,,,,,,,,,,,,,,,,,,,,,,,,,,,,,,,,,,,,,,,,,,,,,,,,,,,,,,,,,,,34.15278,14.270121,0.3866777,34.15278,14.270121,0.035029892,,,,,,,,,,,,,,,,,34.15278,14.360059,0.17853437,34.15278,14.360059,0.03522415,,,,,,,,,,,,,,,,,,,,,,,,,,,,,34.15278,14.360059,1.0000001e-07,34.15278,14.360059,7.0,,,,,,,
34.15278,14.3001,0.39405027,34.15278,14.3001,0.41173583,,,,,,,,,,,,,,,,,,,,,,,,,,,,,,,,,,,,,,,,,,,,,,,,,,,,,,,,,,,,,34.15278,14.3001,-0.3175812,34.15278,14.3001,0.5129368,,,,,,,,,,,,,,,,,34.15278,14.3900385,-0.11639912,34.15278,14.3900385,-0.03160883,,,,,,,,,,,,,,,,,,,,,,,,,,,,,34.15278,14.3900385,1.0000001e-07,34.15278,14.3900385,7.0,,,,,,,
34.15278,14.330079,0.39711437,34.15278,14.330079,0.40722892,,,,,,,,,,,,,,,,,,,,,,,,,,,,,,,,,,,,,,,,,,,,,,,,,,,,,,,,,,,,,34.15278,14.330079,0.11224658,34.15278,14.330079,-0.17069982,,,,,,,,,,,,,,,,,34.15278,14.420017,-0.20135526,34.15278,14.420017,-0.13189273,,,,,,,,,,,,,,,,,,,,,,,,,,,,,34.15278,14.420017,1.0000001e-07,34.15278,14.420017,7.0,,,,,,,
34.15278,14.360059,0.40035698,34.15278,14.360059,0.4093262,,,,,,,,,,,,,,,,,,,,,,,,,,,,,,,,,,,,,,,,,,,,,,,,,,,,,,,,,,,,,34.15278,14.360059,0.56480247,34.15278,14.360059,0.15087356,,,,,,,,,,,,,,,,,34.15278,14.449997,0.17734632,34.15278,14.449997,-0.06312997,,,,,,,,,,,,,,,,,,,,,,,,,,,,,34.15278,14.449997,1.0000001e-07,34.15278,14.449997,7.0,,,,,,,
34.15278,14.390038,0.3943478,34.15278,14.390038,0.40789828,,,,,,,,,,,,,,,,,,,,,,,,,,,,,,,,,,,,,,,,,,,,,,,,,,,,,,,,,,,,,34.15278,14.390038,-0.31799856,34.15278,14.390038,-0.07756383,,,,,,,,,,,,,,,,,34.15278,14.479976,0.111757465,34.15278,14.479976,0.29940584,,,,,,,,,,,,,,,,,,,,,,,,,,,,,34.15278,14.479976,1.0000001e-07,34.15278,14.479976,7.0,,,,,,,
34.15278,14.420017,0.3925331,34.15278,14.420017,0.4059051,,,,,,,,,,,,,,,,,,,,,,,,,,,,,,,,,,,,,,,,,,,,,,,,,,,,,,,,,,,,,34.15278,14.420017,-0.5594046,34.15278,14.420017,-0.36094797,,,,,,,,,,,,,,,,,34.15278,14.509955,0.021730969,34.15278,14.509955,-0.13838993,,,,,,,,,,,,,,,,,,,,,,,,,,,,,34.15278,14.509955,1.0000001e-07,34.15278,14.509955,7.0,,,,,,,
34.15278,14.449996,0.40020826,34.15278,14.449996,0.40727353,,,,,,,,,,,,,,,,,,,,,,,,,,,,,,,,,,,,,,,,,,,,,,,,,,,,,,,,,,,,,34.15278,14.449996,0.5505633,34.15278,14.449996,-0.16443093,,,,,,,,,,,,,,,,,34.15278,14.539934,-0.027354253,34.15278,14.539934,-0.2101392,,,,,,,,,,,,,,,,,,,,,,,,,,,,,34.15278,14.539934,1.0000001e-07,34.15278,14.539934,7.0,,,,,,,
34.15278,14.479976,0.39888442,34.15278,14.479976,0.41447273,,,,,,,,,,,,,,,,,,,,,,,,,,,,,,,,,,,,,,,,,,,,,,,,,,,,,,,,,,,,,34.15278,14.479976,0.30269182,34.15278,14.479976,0.8980886,,,,,,,,,,,,,,,,,34.15278,14.569914,0.05899634,34.15278,14.569914,0.2202723,,,,,,,,,,,,,,,,,,,,,,,,,,,,,34.15278,14.569914,1.0000001e-07,34.15278,14.569914,7.0,,,,,,,
34.15278,14.509955,0.39723337,34.15278,14.509955,0.4057415,,,,,,,,,,,,,,,,,,,,,,,,,,,,,,,,,,,,,,,,,,,,,,,,,,,,,,,,,,,,,34.15278,14.509955,0.091367275,34.15278,14.509955,-0.36474454,,,,,,,,,,,,,,,,,34.15278,14.599893,-0.31761914,34.15278,14.599893,-0.15134032,,,,,,,,,,,,,,,,,,,,,,,,,,,,,34.15278,14.599893,1.0000001e-07,34.15278,14.599893,7.0,,,,,,,
34.15278,14.539934,0.39598393,34.15278,14.539934,0.40425408,,,,,,,,,,,,,,,,,,,,,,,,,,,,,,,,,,,,,,,,,,,,,,,,,,,,,,,,,,,,,34.15278,14.539934,-0.11665127,34.15278,14.539934,-0.5909716,,,,,,,,,,,,,,,,,34.15278,14.629872,0.08558153,34.15278,14.629872,-0.20002788,,,,,,,,,,,,,,,,,,,,,,,,,,,,,34.15278,14.629872,1.0000001e-07,34.15278,14.629872,7.0,,,,,,,
34.15278,14.569914,0.3978581,34.15278,14.569914,0.4129704,,,,,,,,,,,,,,,,,,,,,,,,,,,,,,,,,,,,,,,,,,,,,,,,,,,,,,,,,,,,,34.15278,14.569914,0.20408693,34.15278,14.569914,0.64226854,,,,,,,,,,,,,,,,,34.15278,14.659851,0.033752296,34.15278,14.659851,0.031295914,,,,,,,,,,,,,,,,,,,,,,,,,,,,,34.15278,14.659851,1.0000001e-07,34.15278,14.659851,7.0,,,,,,,
34.15278,14.599893,0.39036143,34.15278,14.599893,0.40544403,,,,,,,,,,,,,,,,,,,,,,,,,,,,,,,,,,,,,,,,,,,,,,,,,,,,,,,,,,,,,34.15278,14.599893,-0.8441886,34.15278,14.599893,-0.3960436,,,,,,,,,,,,,,,,,34.15278,14.689831,-0.036719125,34.15278,14.689831,0.07431474,,,,,,,,,,,,,,,,,,,,,,,,,,,,,34.15278,14.689831,1.0000001e-07,34.15278,14.689831,7.0,,,,,,,
34.15278,14.629872,0.3982597,34.15278,14.629872,0.40459618,,,,,,,,,,,,,,,,,,,,,,,,,,,,,,,,,,,,,,,,,,,,,,,,,,,,,,,,,,,,,34.15278,14.629872,0.23885618,34.15278,14.629872,-0.5439536,,,,,,,,,,,,,,,,,34.15278,14.71981,0.0033192402,34.15278,14.71981,0.1358176,,,,,,,,,,,,,,,,,,,,,,,,,,,,,34.15278,14.71981,1.0000001e-07,34.15278,14.71981,7.0,,,,,,,
34.15278,14.659851,0.3973821,34.15278,14.659851,0.40919232,,,,,,,,,,,,,,,,,,,,,,,,,,,,,,,,,,,,,,,,,,,,,,,,,,,,,,,,,,,,,34.15278,14.659851,0.13889045,34.15278,14.659851,0.1206369,,,,,,,,,,,,,,,,,34.15278,14.749789,0.11085223,34.15278,14.749789,0.038278215,,,,,,,,,,,,,,,,,,,,,,,,,,,,,34.15278,14.749789,1.0000001e-07,34.15278,14.749789,7.0,,,,,,,
34.15278,14.689831,0.39590958,34.15278,14.689831,0.4100104,,,,,,,,,,,,,,,,,,,,,,,,,,,,,,,,,,,,,,,,,,,,,,,,,,,,,,,,,,,,,34.15278,14.689831,-0.071617424,34.15278,14.689831,0.23778735,,,,,,,,,,,,,,,,,34.15278,14.779768,0.018470434,34.15278,14.779768,0.14123064,,,,,,,,,,,,,,,,,,,,,,,,,,,,,34.15278,14.779768,1.0000001e-07,34.15278,14.779768,7.0,,,,,,,
34.15278,14.71981,0.39680204,34.15278,14.71981,0.41121522,,,,,,,,,,,,,,,,,,,,,,,,,,,,,,,,,,,,,,,,,,,,,,,,,,,,,,,,,,,,,34.15278,14.71981,0.035829168,34.15278,14.71981,0.4045419,,,,,,,,,,,,,,,,,34.15278,14.809748,0.03956635,34.15278,14.809748,-0.20340167,,,,,,,,,,,,,,,,,,,,,,,,,,,,,34.15278,14.809748,1.0000001e-07,34.15278,14.809748,7.0,,,,,,,
34.15278,14.749789,0.39881006,34.15278,14.749789,0.40938568,,,,,,,,,,,,,,,,,,,,,,,,,,,,,,,,,,,,,,,,,,,,,,,,,,,,,,,,,,,,,34.15278,14.749789,0.3279238,34.15278,14.749789,0.1760979,,,,,,,,,,,,,,,,,34.15278,14.839726,0.18615203,34.15278,14.839726,-0.19214272,,,,,,,,,,,,,,,,,,,,,,,,,,,,,34.15278,14.839726,1.0000001e-07,34.15278,14.839726,7.0,,,,,,,
34.15278,14.779768,0.39704,34.15278,14.779768,0.41121522,,,,,,,,,,,,,,,,,,,,,,,,,,,,,,,,,,,,,,,,,,,,,,,,,,,,,,,,,,,,,34.15278,14.779768,0.057934776,34.15278,14.779768,0.38704538,,,,,,,,,,,,,,,,,34.15278,14.869706,-0.03149195,34.15278,14.869706,-0.26947424,,,,,,,,,,,,,,,,,,,,,,,,,,,,,34.15278,14.869706,1.0000001e-07,34.15278,14.869706,7.0,,,,,,,
34.15278,14.809748,0.39745647,34.15278,14.809748,0.4045664,,,,,,,,,,,,,,,,,,,,,,,,,,,,,,,,,,,,,,,,,,,,,,,,,,,,,,,,,,,,,34.15278,14.809748,0.12762839,34.15278,14.809748,-0.5528476,,,,,,,,,,,,,,,,,34.15278,14.899685,-0.053021193,34.15278,14.899685,0.082753904,,,,,,,,,,,,,,,,,,,,,,,,,,,,,34.15278,14.899685,1.0000001e-07,34.15278,14.899685,7.0,,,,,,,
34.15278,14.839726,0.400238,34.15278,14.839726,0.40483415,,,,,,,,,,,,,,,,,,,,,,,,,,,,,,,,,,,,,,,,,,,,,,,,,,,,,,,,,,,,,34.15278,14.839726,0.4946581,34.15278,14.839726,-0.48721367,,,,,,,,,,,,,,,,,34.15278,14.929665,0.011879671,34.15278,14.929665,-0.06226851,,,,,,,,,,,,,,,,,,,,,,,,,,,,,34.15278,14.929665,1.0000001e-07,34.15278,14.929665,7.0,,,,,,,
34.15278,14.869706,0.3960583,34.15278,14.869706,0.40333182,,,,,,,,,,,,,,,,,,,,,,,,,,,,,,,,,,,,,,,,,,,,,,,,,,,,,,,,,,,,,34.15278,14.869706,-0.04805771,34.15278,14.869706,-0.7399647,,,,,,,,,,,,,,,,,34.15278,14.959643,-0.22644956,34.15278,14.959643,-0.18287283,,,,,,,,,,,,,,,,,,,,,,,,,,,,,34.15278,14.959643,1.0000001e-07,34.15278,14.959643,7.0,,,,,,,
34.15278,14.899685,0.3956269,34.15278,14.899685,0.41009963,,,,,,,,,,,,,,,,,,,,,,,,,,,,,,,,,,,,,,,,,,,,,,,,,,,,,,,,,,,,,34.15278,14.899685,-0.089035496,34.15278,14.899685,0.24577755,,,,,,,,,,,,,,,,,34.15278,14.989623,-0.03675703,34.15278,14.989623,-0.18192947,,,,,,,,,,,,,,,,,,,,,,,,,,,,,34.15278,14.989623,1.0000001e-07,34.15278,14.989623,7.0,,,,,,,
34.15278,14.929665,0.39687642,34.15278,14.929665,0.4073182,,,,,,,,,,,,,,,,,,,,,,,,,,,,,,,,,,,,,,,,,,,,,,,,,,,,,,,,,,,,,34.15278,14.929665,0.08388429,34.15278,14.929665,-0.124242574,,,,,,,,,,,,,,,,,34.15278,15.019603,-0.21395737,34.15278,15.019603,-0.146645,,,,,,,,,,,,,,,,,,,,,,,,,,,,,34.15278,15.019603,1.0000001e-07,34.15278,15.019603,7.0,,,,,,,
34.15278,14.959643,0.39242896,34.15278,14.959643,0.40514654,,,,,,,,,,,,,,,,,,,,,,,,,,,,,,,,,,,,,,,,,,,,,,,,,,,,,,,,,,,,,34.15278,14.959643,-0.6047919,34.15278,14.959643,-0.4970887,,,,,,,,,,,,,,,,,34.15278,15.049582,0.044792134,34.15278,15.049582,-0.03476239,,,,,,,,,,,,,,,,,,,,,,,,,,,,,34.15278,15.049582,1.0000001e-07,34.15278,15.049582,7.0,,,,,,,
34.15278,14.989623,0.39599884,34.15278,14.989623,0.4051019,,,,,,,,,,,,,,,,,,,,,,,,,,,,,,,,,,,,,,,,,,,,,,,,,,,,,,,,,,,,,34.15278,14.989623,-0.08799962,34.15278,14.989623,-0.4421867,,,,,,,,,,,,,,,,,34.15278,15.079561,0.09737759,34.15278,15.079561,0.039602976,,,,,,,,,,,,,,,,,,,,,,,,,,,,,34.15278,15.079561,1.0000001e-07,34.15278,15.079561,7.0,,,,,,,
34.15278,15.019602,0.3927711,34.15278,15.019602,0.40571174,,,,,,,,,,,,,,,,,,,,,,,,,,,,,,,,,,,,,,,,,,,,,,,,,,,,,,,,,,,,,34.15278,15.019602,-0.5138145,34.15278,15.019602,-0.36492717,,,,,,,,,,,,,,,,,34.15278,15.10954,0.04160909,34.15278,15.10954,0.008282082,,,,,,,,,,,,,,,,,,,,,,,,,,,,,34.15278,15.10954,1.0000001e-07,34.15278,15.10954,7.0,,,,,,,
34.15278,15.049582,0.39762008,34.15278,15.049582,0.40774953,,,,,,,,,,,,,,,,,,,,,,,,,,,,,,,,,,,,,,,,,,,,,,,,,,,,,,,,,,,,,34.15278,15.049582,0.182077,34.15278,15.049582,-0.13067937,,,,,,,,,,,,,,,,,34.15278,15.13952,-0.13451989,34.15278,15.13952,0.09535079,,,,,,,,,,,,,,,,,,,,,,,,,,,,,34.15278,15.13952,1.0000001e-07,34.15278,15.13952,7.0,,,,,,,
34.15278,15.07956,0.39843822,34.15278,15.07956,0.40923697,,,,,,,,,,,,,,,,,,,,,,,,,,,,,,,,,,,,,,,,,,,,,,,,,,,,,,,,,,,,,34.15278,15.07956,0.27987668,34.15278,15.07956,0.098579355,,,,,,,,,,,,,,,,,34.15278,15.169498,0.15888768,34.15278,15.169498,-0.1627236,,,,,,,,,,,,,,,,,,,,,,,,,,,,,34.15278,15.169498,1.0000001e-07,34.15278,15.169498,7.0,,,,,,,
34.15278,15.10954,0.3973375,34.15278,15.10954,0.40870145,,,,,,,,,,,,,,,,,,,,,,,,,,,,,,,,,,,,,,,,,,,,,,,,,,,,,,,,,,,,,34.15278,15.10954,0.12376825,34.15278,15.10954,0.05651543,,,,,,,,,,,,,,,,,34.15278,15.199478,-0.17745869,34.15278,15.199478,-0.17896488,,,,,,,,,,,,,,,,,,,,,,,,,,,,,34.15278,15.199478,1.0000001e-07,34.15278,15.199478,7.0,,,,,,,
34.15278,15.139519,0.39412463,34.15278,15.139519,0.41023353,,,,,,,,,,,,,,,,,,,,,,,,,,,,,,,,,,,,,,,,,,,,,,,,,,,,,,,,,,,,,34.15278,15.139519,-0.34211138,34.15278,15.139519,0.26333925,,,,,,,,,,,,,,,,,34.15278,15.229457,-0.29192436,34.15278,15.229457,0.06985096,,,,,,,,,,,,,,,,,,,,,,,,,,,,,34.15278,15.229457,1.0000001e-07,34.15278,15.229457,7.0,,,,,,,
34.15278,15.169498,0.39961323,34.15278,15.169498,0.4055035,,,,,,,,,,,,,,,,,,,,,,,,,,,,,,,,,,,,,,,,,,,,,,,,,,,,,,,,,,,,,34.15278,15.169498,0.40006003,34.15278,15.169498,-0.43564123,,,,,,,,,,,,,,,,,34.15278,15.259437,0.01141062,34.15278,15.259437,-0.0063011083,,,,,,,,,,,,,,,,,,,,,,,,,,,,,34.15278,15.259437,1.0000001e-07,34.15278,15.259437,7.0,,,,,,,
34.15278,15.199477,0.39338094,34.15278,15.199477,0.40539938,,,,,,,,,,,,,,,,,,,,,,,,,,,,,,,,,,,,,,,,,,,,,,,,,,,,,,,,,,,,,34.15278,15.199477,-0.4550449,34.15278,15.199477,-0.40726843,,,,,,,,,,,,,,,,,34.15278,15.289415,-0.11524468,34.15278,15.289415,-0.065376796,,,,,,,,,,,,,,,,,,,,,,,,,,,,,34.15278,15.289415,1.0000001e-07,34.15278,15.289415,7.0,,,,,,,
34.15278,15.229457,0.3914175,34.15278,15.229457,0.4097427,,,,,,,,,,,,,,,,,,,,,,,,,,,,,,,,,,,,,,,,,,,,,,,,,,,,,,,,,,,,,34.15278,15.229457,-0.6999767,34.15278,15.229457,0.18219641,,,,,,,,,,,,,,,,,34.15278,15.319395,-0.0097295,34.15278,15.319395,-0.14452802,,,,,,,,,,,,,,,,,,,,,,,,,,,,,34.15278,15.319395,1.0000001e-07,34.15278,15.319395,7.0,,,,,,,
34.15278,15.259436,0.39681688,34.15278,15.259436,0.4083296,,,,,,,,,,,,,,,,,,,,,,,,,,,,,,,,,,,,,,,,,,,,,,,,,,,,,,,,,,,,,34.15278,15.259436,0.06802331,34.15278,15.259436,0.0038338634,,,,,,,,,,,,,,,,,34.15278,15.349374,0.040328417,34.15278,15.349374,-0.03420216,,,,,,,,,,,,,,,,,,,,,,,,,,,,,34.15278,15.349374,1.0000001e-07,34.15278,15.349374,7.0,,,,,,,
34.15278,15.289415,0.39455596,34.15278,15.289415,0.40731815,,,,,,,,,,,,,,,,,,,,,,,,,,,,,,,,,,,,,,,,,,,,,,,,,,,,,,,,,,,,,34.15278,15.289415,-0.28115487,34.15278,15.289415,-0.17492506,,,,,,,,,,,,,,,,,34.15278,15.379354,-0.12968636,34.15278,15.379354,0.070563614,,,,,,,,,,,,,,,,,,,,,,,,,,,,,34.15278,15.379354,1.0000001e-07,34.15278,15.379354,7.0,,,,,,,
34.15278,15.319394,0.39643013,34.15278,15.319394,0.40586045,,,,,,,,,,,,,,,,,,,,,,,,,,,,,,,,,,,,,,,,,,,,,,,,,,,,,,,,,,,,,34.15278,15.319394,-0.04210225,34.15278,15.319394,-0.37854093,,,,,,,,,,,,,,,,,34.15278,15.409332,-0.14825723,34.15278,15.409332,0.10905053,,,,,,,,,,,,,,,,,,,,,,,,,,,,,34.15278,15.409332,1.0000001e-07,34.15278,15.409332,7.0,,,,,,,
34.15278,15.349374,0.3973821,34.15278,15.349374,0.40789828,,,,,,,,,,,,,,,,,,,,,,,,,,,,,,,,,,,,,,,,,,,,,,,,,,,,,,,,,,,,,34.15278,15.349374,0.091844305,34.15278,15.349374,-0.07220231,,,,,,,,,,,,,,,,,34.15278,15.439312,0.10899091,34.15278,15.439312,0.26868102,,,,,,,,,,,,,,,,,,,,,,,,,,,,,34.15278,15.439312,1.0000001e-07,34.15278,15.439312,7.0,,,,,,,
34.15278,15.379354,0.394318,34.15278,15.379354,0.4097873,,,,,,,,,,,,,,,,,,,,,,,,,,,,,,,,,,,,,,,,,,,,,,,,,,,,,,,,,,,,,34.15278,15.379354,-0.28970328,34.15278,15.379354,0.16453229,,,,,,,,,,,,,,,,,34.15278,15.469291,0.021005942,34.15278,15.469291,-0.13173862,,,,,,,,,,,,,,,,,,,,,,,,,,,,,34.15278,15.469291,1.0000001e-07,34.15278,15.469291,7.0,,,,,,,
34.15278,15.409332,0.39408004,34.15278,15.409332,0.41036737,,,,,,,,,,,,,,,,,,,,,,,,,,,,,,,,,,,,,,,,,,,,,,,,,,,,,,,,,,,,,34.15278,15.409332,-0.31597552,34.15278,15.409332,0.24511825,,,,,,,,,,,,,,,,,34.15278,15.49927,0.040470887,34.15278,15.49927,-0.18793161,,,,,,,,,,,,,,,,,,,,,,,,,,,,,34.15278,15.49927,1.0000001e-07,34.15278,15.49927,7.0,,,,,,,
34.15278,15.439312,0.3985721,34.15278,15.439312,0.413253,,,,,,,,,,,,,,,,,,,,,,,,,,,,,,,,,,,,,,,,,,,,,,,,,,,,,,,,,,,,,34.15278,15.439312,0.3128797,34.15278,15.439312,0.7303054,,,,,,,,,,,,,,,,,34.15278,15.529249,0.07296756,34.15278,15.529249,0.10339563,,,,,,,,,,,,,,,,,,,,,,,,,,,,,34.15278,15.529249,1.0000001e-07,34.15278,15.529249,7.0,,,,,,,
34.15278,15.469291,0.39701027,34.15278,15.469291,0.40614307,,,,,,,,,,,,,,,,,,,,,,,,,,,,,,,,,,,,,,,,,,,,,,,,,,,,,,,,,,,,,34.15278,15.469291,0.06376273,34.15278,15.469291,-0.34009615,,,,,,,,,,,,,,,,,34.15278,15.559229,-0.03481063,34.15278,15.559229,0.024173005,,,,,,,,,,,,,,,,,,,,,,,,,,,,,34.15278,15.559229,1.0000001e-07,34.15278,15.559229,7.0,,,,,,,
34.15278,15.49927,0.39738214,34.15278,15.49927,0.40522087,,,,,,,,,,,,,,,,,,,,,,,,,,,,,,,,,,,,,,,,,,,,,,,,,,,,,,,,,,,,,34.15278,15.49927,0.12488825,34.15278,15.49927,-0.3985376,,,,,,,,,,,,,,,,,34.15278,15.589208,-0.12312964,34.15278,15.589208,0.028376512,,,,,,,,,,,,,,,,,,,,,,,,,,,,,34.15278,15.589208,1.0000001e-07,34.15278,15.589208,7.0,,,,,,,
34.15278,15.529249,0.39790273,34.15278,15.529249,0.41023353,,,,,,,,,,,,,,,,,,,,,,,,,,,,,,,,,,,,,,,,,,,,,,,,,,,,,,,,,,,,,34.15278,15.529249,0.19677612,34.15278,15.529249,0.26646668,,,,,,,,,,,,,,,,,34.15278,15.619187,-0.074739665,34.15278,15.619187,0.16825989,,,,,,,,,,,,,,,,,,,,,,,,,,,,,34.15278,15.619187,1.0000001e-07,34.15278,15.619187,7.0,,,,,,,
34.15278,15.559229,0.39613265,34.15278,15.559229,0.40890974,,,,,,,,,,,,,,,,,,,,,,,,,,,,,,,,,,,,,,,,,,,,,,,,,,,,,,,,,,,,,34.15278,15.559229,-0.07134754,34.15278,15.559229,0.055132814,,,,,,,,,,,,,,,,,34.15278,15.649166,-0.23046939,34.15278,15.649166,-0.048852917,,,,,,,,,,,,,,,,,,,,,,,,,,,,,34.15278,15.649166,1.0000001e-07,34.15278,15.649166,7.0,,,,,,,
34.15278,15.589208,0.3944519,34.15278,15.589208,0.4090287,,,,,,,,,,,,,,,,,,,,,,,,,,,,,,,,,,,,,,,,,,,,,,,,,,,,,,,,,,,,,34.15278,15.589208,-0.27248073,34.15278,15.589208,0.09259275,,,,,,,,,,,,,,,,,34.15278,15.679146,-0.18395339,34.15278,15.679146,0.2452271,,,,,,,,,,,,,,,,,,,,,,,,,,,,,34.15278,15.679146,1.0000001e-07,34.15278,15.679146,7.0,,,,,,,
34.15278,15.619187,0.39528483,34.15278,15.619187,0.41146812,,,,,,,,,,,,,,,,,,,,,,,,,,,,,,,,,,,,,,,,,,,,,,,,,,,,,,,,,,,,,34.15278,15.619187,-0.20444149,34.15278,15.619187,0.4495415,,,,,,,,,,,,,,,,,34.15278,15.709125,-0.021571396,34.15278,15.709125,0.010663224,,,,,,,,,,,,,,,,,,,,,,,,,,,,,34.15278,15.709125,1.0000001e-07,34.15278,15.709125,7.0,,,,,,,
34.15278,15.649166,0.39275622,34.15278,15.649166,0.40766025,,,,,,,,,,,,,,,,,,,,,,,,,,,,,,,,,,,,,,,,,,,,,,,,,,,,,,,,,,,,,34.15278,15.649166,-0.49722522,34.15278,15.649166,-0.06885185,,,,,,,,,,,,,,,,,34.15278,15.739104,0.1712783,34.15278,15.739104,0.14517276,,,,,,,,,,,,,,,,,,,,,,,,,,,,,34.15278,15.739104,1.0000001e-07,34.15278,15.739104,7.0,,,,,,,
34.15278,15.679146,0.39354455,34.15278,15.679146,0.41273242,,,,,,,,,,,,,,,,,,,,,,,,,,,,,,,,,,,,,,,,,,,,,,,,,,,,,,,,,,,,,34.15278,15.679146,-0.45810896,34.15278,15.679146,0.62669027,,,,,,,,,,,,,,,,,34.15278,15.769083,-0.08079505,34.15278,15.769083,0.21387659,,,,,,,,,,,,,,,,,,,,,,,,,,,,,34.15278,15.769083,1.0000001e-07,34.15278,15.769083,7.0,,,,,,,
34.15278,15.709125,0.39622194,34.15278,15.709125,0.4086717,,,,,,,,,,,,,,,,,,,,,,,,,,,,,,,,,,,,,,,,,,,,,,,,,,,,,,,,,,,,,34.15278,15.709125,-0.04323937,34.15278,15.709125,0.017049776,,,,,,,,,,,,,,,,,34.15278,15.799063,0.115241766,34.15278,15.799063,-0.008049529,,,,,,,,,,,,,,,,,,,,,,,,,,,,,34.15278,15.799063,1.0000001e-07,34.15278,15.799063,7.0,,,,,,,
34.15278,15.739104,0.39952406,34.15278,15.739104,0.41103676,,,,,,,,,,,,,,,,,,,,,,,,,,,,,,,,,,,,,,,,,,,,,,,,,,,,,,,,,,,,,34.15278,15.739104,0.40941972,34.15278,15.739104,0.35568476,,,,,,,,,,,,,,,,,34.15278,15.829042,-0.18735178,34.15278,15.829042,-0.0023081452,,,,,,,,,,,,,,,,,,,,,,,,,,,,,34.15278,15.829042,1.0000001e-07,34.15278,15.829042,7.0,,,,,,,
34.15278,15.769083,0.39527,34.15278,15.769083,0.41207796,,,,,,,,,,,,,,,,,,,,,,,,,,,,,,,,,,,,,,,,,,,,,,,,,,,,,,,,,,,,,34.15278,15.769083,-0.18292268,34.15278,15.769083,0.5336385,,,,,,,,,,,,,,,,,34.15278,15.859021,0.09460514,34.15278,15.859021,0.1457175,,,,,,,,,,,,,,,,,,,,,,,,,,,,,34.15278,15.859021,1.0000001e-07,34.15278,15.859021,7.0,,,,,,,
34.15278,15.799063,0.39852744,34.15278,15.799063,0.40840402,,,,,,,,,,,,,,,,,,,,,,,,,,,,,,,,,,,,,,,,,,,,,,,,,,,,,,,,,,,,,34.15278,15.799063,0.2846085,34.15278,15.799063,0.019473791,,,,,,,,,,,,,,,,,34.15278,15.889001,0.1569993,34.15278,15.889001,-0.118264996,,,,,,,,,,,,,,,,,,,,,,,,,,,,,34.15278,15.889001,1.0000001e-07,34.15278,15.889001,7.0,,,,,,,
34.15278,15.8290415,0.39345533,34.15278,15.8290415,0.40847838,,,,,,,,,,,,,,,,,,,,,,,,,,,,,,,,,,,,,,,,,,,,,,,,,,,,,,,,,,,,,34.15278,15.8290415,-0.42007074,34.15278,15.8290415,0.035000943,,,,,,,,,,,,,,,,,34.15278,15.91898,-0.0895873,34.15278,15.91898,-0.057128865,,,,,,,,,,,,,,,,,,,,,,,,,,,,,34.15278,15.91898,1.0000001e-07,34.15278,15.91898,7.0,,,,,,,
34.15278,15.859021,0.39815557,34.15278,15.859021,0.41100702,,,,,,,,,,,,,,,,,,,,,,,,,,,,,,,,,,,,,,,,,,,,,,,,,,,,,,,,,,,,,34.15278,15.859021,0.25863066,34.15278,15.859021,0.37026793,,,,,,,,,,,,,,,,,34.15278,15.948959,0.14099248,34.15278,15.948959,0.053285923,,,,,,,,,,,,,,,,,,,,,,,,,,,,,34.15278,15.948959,1.0000001e-07,34.15278,15.948959,7.0,,,,,,,
34.15278,15.889,0.39922655,34.15278,15.889,0.4064554,,,,,,,,,,,,,,,,,,,,,,,,,,,,,,,,,,,,,,,,,,,,,,,,,,,,,,,,,,,,,34.15278,15.889,0.37740186,34.15278,15.889,-0.27108803,,,,,,,,,,,,,,,,,34.15278,15.978938,0.02157772,34.15278,15.978938,0.1073335,,,,,,,,,,,,,,,,,,,,,,,,,,,,,34.15278,15.978938,1.0000001e-07,34.15278,15.978938,7.0,,,,,,,
34.15278,15.91898,0.3951956,34.15278,15.91898,0.4075413,,,,,,,,,,,,,,,,,,,,,,,,,,,,,,,,,,,,,,,,,,,,,,,,,,,,,,,,,,,,,34.15278,15.91898,-0.16009,34.15278,15.91898,-0.121994525,,,,,,,,,,,,,,,,,34.15278,16.008917,-0.25504816,34.15278,16.008917,0.16649501,,,,,,,,,,,,,,,,,,,,,,,,,,,,,34.15278,16.008917,1.0000001e-07,34.15278,16.008917,7.0,,,,,,,
34.15278,15.948958,0.39903316,34.15278,15.948958,0.40937078,,,,,,,,,,,,,,,,,,,,,,,,,,,,,,,,,,,,,,,,,,,,,,,,,,,,,,,,,,,,,34.15278,15.948958,0.37827998,34.15278,15.948958,0.14968318,,,,,,,,,,,,,,,,,34.15278,16.038897,-0.14466058,34.15278,16.038897,-0.16070536,,,,,,,,,,,,,,,,,,,,,,,,,,,,,34.15278,16.038897,1.0000001e-07,34.15278,16.038897,7.0,,,,,,,
34.15278,15.978938,0.3969805,34.15278,15.978938,0.410293,,,,,,,,,,,,,,,,,,,,,,,,,,,,,,,,,,,,,,,,,,,,,,,,,,,,,,,,,,,,,34.15278,15.978938,0.068147816,34.15278,15.978938,0.25177515,,,,,,,,,,,,,,,,,34.15278,16.068876,0.2612208,34.15278,16.068876,-0.12038297,,,,,,,,,,,,,,,,,,,,,,,,,,,,,34.15278,16.068876,1.0000001e-07,34.15278,16.068876,7.0,,,,,,,
34.15278,16.008917,0.39244387,34.15278,16.008917,0.41131938,,,,,,,,,,,,,,,,,,,,,,,,,,,,,,,,,,,,,,,,,,,,,,,,,,,,,,,,,,,,,34.15278,16.008917,-0.6030031,34.15278,16.008917,0.42409533,,,,,,,,,,,,,,,,,34.15278,16.098856,0.019537475,34.15278,16.098856,-0.085669905,,,,,,,,,,,,,,,,,,,,,,,,,,,,,34.15278,16.098856,1.0000001e-07,34.15278,16.098856,7.0,,,,,,,
34.15278,16.038897,0.3942734,34.15278,16.038897,0.40587533,,,,,,,,,,,,,,,,,,,,,,,,,,,,,,,,,,,,,,,,,,,,,,,,,,,,,,,,,,,,,34.15278,16.038897,-0.3370981,34.15278,16.038897,-0.37217283,,,,,,,,,,,,,,,,,34.15278,16.128834,0.1308718,34.15278,16.128834,-0.083862916,,,,,,,,,,,,,,,,,,,,,,,,,,,,,34.15278,16.128834,1.0000001e-07,34.15278,16.128834,7.0,,,,,,,
34.15278,16.068876,0.40090734,34.15278,16.068876,0.40654472,,,,,,,,,,,,,,,,,,,,,,,,,,,,,,,,,,,,,,,,,,,,,,,,,,,,,,,,,,,,,34.15278,16.068876,0.59890866,34.15278,16.068876,-0.2470617,,,,,,,,,,,,,,,,,34.15278,16.158813,0.07574669,34.15278,16.158813,0.090568684,,,,,,,,,,,,,,,,,,,,,,,,,,,,,34.15278,16.158813,1.0000001e-07,34.15278,16.158813,7.0,,,,,,,
34.15278,16.098854,0.39696565,34.15278,16.098854,0.40713966,,,,,,,,,,,,,,,,,,,,,,,,,,,,,,,,,,,,,,,,,,,,,,,,,,,,,,,,,,,,,34.15278,16.098854,0.031072378,34.15278,16.098854,-0.16581938,,,,,,,,,,,,,,,,,34.15278,16.188793,0.07129403,34.15278,16.188793,-0.027360791,,,,,,,,,,,,,,,,,,,,,,,,,,,,,34.15278,16.188793,1.0000001e-07,34.15278,16.188793,7.0,,,,,,,
34.15278,16.128834,0.3987208,34.15278,16.128834,0.4071397,,,,,,,,,,,,,,,,,,,,,,,,,,,,,,,,,,,,,,,,,,,,,,,,,,,,,,,,,,,,,34.15278,16.128834,0.35761365,34.15278,16.128834,-0.16372372,,,,,,,,,,,,,,,,,34.15278,16.218773,-0.1334563,34.15278,16.218773,-0.026241872,,,,,,,,,,,,,,,,,,,,,,,,,,,,,34.15278,16.218773,1.0000001e-07,34.15278,16.218773,7.0,,,,,,,
34.15278,16.158813,0.3977837,34.15278,16.158813,0.40990627,,,,,,,,,,,,,,,,,,,,,,,,,,,,,,,,,,,,,,,,,,,,,,,,,,,,,,,,,,,,,34.15278,16.158813,0.16976836,34.15278,16.158813,0.23111385,,,,,,,,,,,,,,,,,34.15278,16.24875,0.045733057,34.15278,16.24875,-0.19928618,,,,,,,,,,,,,,,,,,,,,,,,,,,,,34.15278,16.24875,1.0000001e-07,34.15278,16.24875,7.0,,,,,,,
34.15278,16.188793,0.3976796,34.15278,16.188793,0.4080916,,,,,,,,,,,,,,,,,,,,,,,,,,,,,,,,,,,,,,,,,,,,,,,,,,,,,,,,,,,,,34.15278,16.188793,0.14944993,34.15278,16.188793,-0.0112293465,,,,,,,,,,,,,,,,,34.15278,16.27873,0.2547789,34.15278,16.27873,0.4031308,,,,,,,,,,,,,,,,,,,,,,,,,,,,,34.15278,16.27873,1.0000001e-07,34.15278,16.27873,7.0,,,,,,,
34.15278,16.218773,0.39446676,34.15278,16.218773,0.40818083,,,,,,,,,,,,,,,,,,,,,,,,,,,,,,,,,,,,,,,,,,,,,,,,,,,,,,,,,,,,,34.15278,16.218773,-0.30164036,34.15278,16.218773,-0.022533903,,,,,,,,,,,,,,,,,34.15278,16.30871,-0.23512135,34.15278,16.30871,0.2128672,,,,,,,,,,,,,,,,,,,,,,,,,,,,,34.15278,16.30871,1.0000001e-07,34.15278,16.30871,7.0,,,,,,,
34.15278,16.24875,0.39744163,34.15278,16.24875,0.40528038,,,,,,,,,,,,,,,,,,,,,,,,,,,,,,,,,,,,,,,,,,,,,,,,,,,,,,,,,,,,,34.15278,16.24875,0.1376898,34.15278,16.24875,-0.43498826,,,,,,,,,,,,,,,,,34.15278,16.33869,-0.30573535,34.15278,16.33869,-0.22737402,,,,,,,,,,,,,,,,,,,,,,,,,,,,,34.15278,16.33869,1.0000001e-07,34.15278,16.33869,7.0,,,,,,,
34.15278,16.27873,0.40065446,34.15278,16.27873,0.4148594,,,,,,,,,,,,,,,,,,,,,,,,,,,,,,,,,,,,,,,,,,,,,,,,,,,,,,,,,,,,,34.15278,16.27873,0.6066961,34.15278,16.27873,0.9011989,,,,,,,,,,,,,,,,,34.15278,16.368668,0.17502205,34.15278,16.368668,0.24041496,,,,,,,,,,,,,,,,,,,,,,,,,,,,,34.15278,16.368668,1.0000001e-07,34.15278,16.368668,7.0,,,,,,,
34.15278,16.30871,0.39294958,34.15278,16.30871,0.41192922,,,,,,,,,,,,,,,,,,,,,,,,,,,,,,,,,,,,,,,,,,,,,,,,,,,,,,,,,,,,,34.15278,16.30871,-0.4712454,34.15278,16.30871,0.48123705,,,,,,,,,,,,,,,,,34.15278,16.398647,0.1945654,34.15278,16.398647,-0.014884863,,,,,,,,,,,,,,,,,,,,,,,,,,,,,34.15278,16.398647,1.0000001e-07,34.15278,16.398647,7.0,,,,,,,
34.15278,16.33869,0.3917745,34.15278,16.33869,0.4049234,,,,,,,,,,,,,,,,,,,,,,,,,,,,,,,,,,,,,,,,,,,,,,,,,,,,,,,,,,,,,34.15278,16.33869,-0.70145774,34.15278,16.33869,-0.5036118,,,,,,,,,,,,,,,,,34.15278,16.428627,-0.18458067,34.15278,16.428627,0.012721913,,,,,,,,,,,,,,,,,,,,,,,,,,,,,34.15278,16.428627,1.0000001e-07,34.15278,16.428627,7.0,,,,,,,
34.15278,16.368668,0.39936036,34.15278,16.368668,0.41225642,,,,,,,,,,,,,,,,,,,,,,,,,,,,,,,,,,,,,,,,,,,,,,,,,,,,,,,,,,,,,34.15278,16.368668,0.39800495,34.15278,16.368668,0.5601311,,,,,,,,,,,,,,,,,34.15278,16.458607,-0.020681845,34.15278,16.458607,0.061825387,,,,,,,,,,,,,,,,,,,,,,,,,,,,,34.15278,16.458607,1.0000001e-07,34.15278,16.458607,7.0,,,,,,,
34.15278,16.398647,0.39964306,34.15278,16.398647,0.40818086,,,,,,,,,,,,,,,,,,,,,,,,,,,,,,,,,,,,,,,,,,,,,,,,,,,,,,,,,,,,,34.15278,16.398647,0.44387928,34.15278,16.398647,-0.075831234,,,,,,,,,,,,,,,,,34.15278,16.488585,0.09559196,34.15278,16.488585,0.22576568,,,,,,,,,,,,,,,,,,,,,,,,,,,,,34.15278,16.488585,1.0000001e-07,34.15278,16.488585,7.0,,,,,,,
34.15278,16.428627,0.3936784,34.15278,16.428627,0.40874606,,,,,,,,,,,,,,,,,,,,,,,,,,,,,,,,,,,,,,,,,,,,,,,,,,,,,,,,,,,,,34.15278,16.428627,-0.40153113,34.15278,16.428627,0.04666439,,,,,,,,,,,,,,,,,34.15278,16.518564,-0.005692905,34.15278,16.518564,0.009646531,,,,,,,,,,,,,,,,,,,,,,,,,,,,,34.15278,16.518564,1.0000001e-07,34.15278,16.518564,7.0,,,,,,,
34.15278,16.458607,0.39638552,34.15278,16.458607,0.4094303,,,,,,,,,,,,,,,,,,,,,,,,,,,,,,,,,,,,,,,,,,,,,,,,,,,,,,,,,,,,,34.15278,16.458607,-0.05792669,34.15278,16.458607,0.121379524,,,,,,,,,,,,,,,,,34.15278,16.548544,-0.041559167,34.15278,16.548544,-0.063632764,,,,,,,,,,,,,,,,,,,,,,,,,,,,,34.15278,16.548544,1.0000001e-07,34.15278,16.548544,7.0,,,,,,,
34.15278,16.488585,0.39808118,34.15278,16.488585,0.4120631,,,,,,,,,,,,,,,,,,,,,,,,,,,,,,,,,,,,,,,,,,,,,,,,,,,,,,,,,,,,,34.15278,16.488585,0.19971865,34.15278,16.488585,0.5078206,,,,,,,,,,,,,,,,,34.15278,16.578524,-0.27910444,34.15278,16.578524,-0.11705163,,,,,,,,,,,,,,,,,,,,,,,,,,,,,34.15278,16.578524,1.0000001e-07,34.15278,16.578524,7.0,,,,,,,
34.15278,16.518564,0.39650455,34.15278,16.518564,0.40861225,,,,,,,,,,,,,,,,,,,,,,,,,,,,,,,,,,,,,,,,,,,,,,,,,,,,,,,,,,,,,34.15278,16.518564,-0.027563075,34.15278,16.518564,0.07416615,,,,,,,,,,,,,,,,,34.15278,16.608501,0.21462232,34.15278,16.608501,0.020944454,,,,,,,,,,,,,,,,,,,,,,,,,,,,,34.15278,16.608501,1.0000001e-07,34.15278,16.608501,7.0,,,,,,,
34.15278,16.548544,0.39599878,34.15278,16.548544,0.4074818,,,,,,,,,,,,,,,,,,,,,,,,,,,,,,,,,,,,,,,,,,,,,,,,,,,,,,,,,,,,,34.15278,16.548544,-0.08415671,34.15278,16.548544,-0.14497823,,,,,,,,,,,,,,,,,34.15278,16.638481,-0.027052918,34.15278,16.638481,0.35719442,,,,,,,,,,,,,,,,,,,,,,,,,,,,,34.15278,16.638481,1.0000001e-07,34.15278,16.638481,7.0,,,,,,,
34.15278,16.578524,0.39236948,34.15278,16.578524,0.40682733,,,,,,,,,,,,,,,,,,,,,,,,,,,,,,,,,,,,,,,,,,,,,,,,,,,,,,,,,,,,,34.15278,16.578524,-0.628731,34.15278,16.578524,-0.22594865,,,,,,,,,,,,,,,,,34.15278,16.66846,0.035913434,34.15278,16.66846,-0.04297881,,,,,,,,,,,,,,,,,,,,,,,,,,,,,34.15278,16.66846,1.0000001e-07,34.15278,16.66846,7.0,,,,,,,
34.15278,16.608501,0.39992565,34.15278,16.608501,0.4087461,,,,,,,,,,,,,,,,,,,,,,,,,,,,,,,,,,,,,,,,,,,,,,,,,,,,,,,,,,,,,34.15278,16.608501,0.50954366,34.15278,16.608501,0.050983354,,,,,,,,,,,,,,,,,34.15278,16.69844,-0.21987261,34.15278,16.69844,-0.18983632,,,,,,,,,,,,,,,,,,,,,,,,,,,,,34.15278,16.69844,1.0000001e-07,34.15278,16.69844,7.0,,,,,,,
34.15278,16.638481,0.39620706,34.15278,16.638481,0.41402647,,,,,,,,,,,,,,,,,,,,,,,,,,,,,,,,,,,,,,,,,,,,,,,,,,,,,,,,,,,,,34.15278,16.638481,-0.05995128,34.15278,16.638481,0.81761533,,,,,,,,,,,,,,,,,34.15278,16.72842,0.061139293,34.15278,16.72842,0.12527022,,,,,,,,,,,,,,,,,,,,,,,,,,,,,34.15278,16.72842,1.0000001e-07,34.15278,16.72842,7.0,,,,,,,
34.15278,16.66846,0.39723337,34.15278,16.66846,0.40774953,,,,,,,,,,,,,,,,,,,,,,,,,,,,,,,,,,,,,,,,,,,,,,,,,,,,,,,,,,,,,34.15278,16.66846,0.12645942,34.15278,16.66846,-0.060555484,,,,,,,,,,,,,,,,,34.15278,16.758398,0.18948014,34.15278,16.758398,-0.067869484,,,,,,,,,,,,,,,,,,,,,,,,,,,,,34.15278,16.758398,1.0000001e-07,34.15278,16.758398,7.0,,,,,,,
34.15278,16.69844,0.3932917,34.15278,16.69844,0.405563,,,,,,,,,,,,,,,,,,,,,,,,,,,,,,,,,,,,,,,,,,,,,,,,,,,,,,,,,,,,,34.15278,16.69844,-0.46756777,34.15278,16.69844,-0.3818704,,,,,,,,,,,,,,,,,34.15278,16.788378,0.085537605,34.15278,16.788378,0.32159212,,,,,,,,,,,,,,,,,,,,,,,,,,,,,34.15278,16.788378,1.0000001e-07,34.15278,16.788378,7.0,,,,,,,
34.15278,16.728418,0.39753085,34.15278,16.728418,0.41033766,,,,,,,,,,,,,,,,,,,,,,,,,,,,,,,,,,,,,,,,,,,,,,,,,,,,,,,,,,,,,34.15278,16.728418,0.1681198,34.15278,16.728418,0.2708491,,,,,,,,,,,,,,,,,34.15278,16.818357,-0.32904208,34.15278,16.818357,0.26997545,,,,,,,,,,,,,,,,,,,,,,,,,,,,,34.15278,16.818357,1.0000001e-07,34.15278,16.818357,7.0,,,,,,,
34.15278,16.758398,0.39944965,34.15278,16.758398,0.4074818,,,,,,,,,,,,,,,,,,,,,,,,,,,,,,,,,,,,,,,,,,,,,,,,,,,,,,,,,,,,,34.15278,16.758398,0.44466746,34.15278,16.758398,-0.101280496,,,,,,,,,,,,,,,,,34.15278,16.848337,0.08156851,34.15278,16.848337,-0.20231459,,,,,,,,,,,,,,,,,,,,,,,,,,,,,34.15278,16.848337,1.0000001e-07,34.15278,16.848337,7.0,,,,,,,
34.15278,16.788378,0.39799199,34.15278,16.788378,0.41329762,,,,,,,,,,,,,,,,,,,,,,,,,,,,,,,,,,,,,,,,,,,,,,,,,,,,,,,,,,,,,34.15278,16.788378,0.23211654,34.15278,16.788378,0.71837896,,,,,,,,,,,,,,,,,34.15278,16.878315,-0.32867596,34.15278,16.878315,0.1419666,,,,,,,,,,,,,,,,,,,,,,,,,,,,,34.15278,16.878315,1.0000001e-07,34.15278,16.878315,7.0,,,,,,,
34.15278,16.818357,0.3916555,34.15278,16.818357,0.41247952,,,,,,,,,,,,,,,,,,,,,,,,,,,,,,,,,,,,,,,,,,,,,,,,,,,,,,,,,,,,,34.15278,16.818357,-0.683054,34.15278,16.818357,0.5322406,,,,,,,,,,,,,,,,,34.15278,16.908295,0.021516705,34.15278,16.908295,-0.06860582,,,,,,,,,,,,,,,,,,,,,,,,,,,,,34.15278,16.908295,1.0000001e-07,34.15278,16.908295,7.0,,,,,,,
34.15278,16.848335,0.39785808,34.15278,16.848335,0.40545887,,,,,,,,,,,,,,,,,,,,,,,,,,,,,,,,,,,,,,,,,,,,,,,,,,,,,,,,,,,,,34.15278,16.848335,0.1891107,34.15278,16.848335,-0.442433,,,,,,,,,,,,,,,,,34.15278,16.938274,-0.05092242,34.15278,16.938274,0.30627796,,,,,,,,,,,,,,,,,,,,,,,,,,,,,34.15278,16.938274,1.0000001e-07,34.15278,16.938274,7.0,,,,,,,
34.15278,16.878315,0.39174473,34.15278,16.878315,0.41056073,,,,,,,,,,,,,,,,,,,,,,,,,,,,,,,,,,,,,,,,,,,,,,,,,,,,,,,,,,,,,34.15278,16.878315,-0.68710965,34.15278,16.878315,0.31085217,,,,,,,,,,,,,,,,,34.15278,16.968254,-0.09551895,34.15278,16.968254,-0.056938775,,,,,,,,,,,,,,,,,,,,,,,,,,,,,34.15278,16.968254,1.0000001e-07,34.15278,16.968254,7.0,,,,,,,
34.15278,16.908295,0.39704,34.15278,16.908295,0.4074818,,,,,,,,,,,,,,,,,,,,,,,,,,,,,,,,,,,,,,,,,,,,,,,,,,,,,,,,,,,,,34.15278,16.908295,0.08281945,34.15278,16.908295,-0.13698512,,,,,,,,,,,,,,,,,34.15278,16.998232,0.16002575,34.15278,16.998232,0.032478377,,,,,,,,,,,,,,,,,,,,,,,,,,,,,34.15278,16.998232,1.0000001e-07,34.15278,16.998232,7.0,,,,,,,
34.15278,16.938274,0.39587983,34.15278,16.938274,0.413015,,,,,,,,,,,,,,,,,,,,,,,,,,,,,,,,,,,,,,,,,,,,,,,,,,,,,,,,,,,,,34.15278,16.938274,-0.07298288,34.15278,16.938274,0.6175071,,,,,,,,,,,,,,,,,34.15278,17.028212,0.24645346,34.15278,17.028212,-0.11786894,,,,,,,,,,,,,,,,,,,,,,,,,,,,,34.15278,17.028212,1.0000001e-07,34.15278,17.028212,7.0,,,,,,,
34.15278,16.968252,0.3953146,34.15278,16.968252,0.40766025,,,,,,,,,,,,,,,,,,,,,,,,,,,,,,,,,,,,,,,,,,,,,,,,,,,,,,,,,,,,,34.15278,16.968252,-0.15339413,34.15278,16.968252,-0.120883,,,,,,,,,,,,,,,,,34.15278,17.058191,0.37871394,34.15278,17.058191,-0.01778514,,,,,,,,,,,,,,,,,,,,,,,,,,,,,34.15278,17.058191,1.0000001e-07,34.15278,17.058191,7.0,,,,,,,
34.15278,16.998232,0.39904806,34.15278,16.998232,0.40902874,,,,,,,,,,,,,,,,,,,,,,,,,,,,,,,,,,,,,,,,,,,,,,,,,,,,,,,,,,,,,34.15278,16.998232,0.32380053,34.15278,16.998232,0.11323897,,,,,,,,,,,,,,,,,34.15278,17.088171,0.1368402,34.15278,17.088171,0.08527268,,,,,,,,,,,,,,,,,,,,,,,,,,,,,34.15278,17.088171,1.0000001e-07,34.15278,17.088171,7.0,,,,,,,
34.15278,17.028212,0.4001785,34.15278,17.028212,0.40684217,,,,,,,,,,,,,,,,,,,,,,,,,,,,,,,,,,,,,,,,,,,,,,,,,,,,,,,,,,,,,34.15278,17.028212,0.467574,34.15278,17.028212,-0.23899457,,,,,,,,,,,,,,,,,34.15278,17.118149,-0.2643796,34.15278,17.118149,-0.0005040185,,,,,,,,,,,,,,,,,,,,,,,,,,,,,34.15278,17.118149,1.0000001e-07,34.15278,17.118149,7.0,,,,,,,
34.15278,17.058191,0.40212703,34.15278,17.058191,0.40819573,,,,,,,,,,,,,,,,,,,,,,,,,,,,,,,,,,,,,,,,,,,,,,,,,,,,,,,,,,,,,34.15278,17.058191,0.8220656,34.15278,17.058191,-0.041832075,,,,,,,,,,,,,,,,,34.15278,17.148129,-0.063944966,34.15278,17.148129,0.083153576,,,,,,,,,,,,,,,,,,,,,,,,,,,,,34.15278,17.148129,1.0000001e-07,34.15278,17.148129,7.0,,,,,,,
34.15278,17.088171,0.39860183,34.15278,17.088171,0.40975752,,,,,,,,,,,,,,,,,,,,,,,,,,,,,,,,,,,,,,,,,,,,,,,,,,,,,,,,,,,,,34.15278,17.088171,0.27487028,34.15278,17.088171,0.18726896,,,,,,,,,,,,,,,,,34.15278,17.178108,-0.034836683,34.15278,17.178108,0.0272307,,,,,,,,,,,,,,,,,,,,,,,,,,,,,34.15278,17.178108,1.0000001e-07,34.15278,17.178108,7.0,,,,,,,
34.15278,17.118149,0.39284548,34.15278,17.118149,0.40846348,,,,,,,,,,,,,,,,,,,,,,,,,,,,,,,,,,,,,,,,,,,,,,,,,,,,,,,,,,,,,34.15278,17.118149,-0.5297292,34.15278,17.118149,0.019877825,,,,,,,,,,,,,,,,,34.15278,17.208088,0.22580928,34.15278,17.208088,0.15759747,,,,,,,,,,,,,,,,,,,,,,,,,,,,,34.15278,17.208088,1.0000001e-07,34.15278,17.208088,7.0,,,,,,,
34.15278,17.148129,0.3956567,34.15278,17.148129,0.40959394,,,,,,,,,,,,,,,,,,,,,,,,,,,,,,,,,,,,,,,,,,,,,,,,,,,,,,,,,,,,,34.15278,17.148129,-0.17259961,34.15278,17.148129,0.109349824,,,,,,,,,,,,,,,,,34.15278,17.238066,-0.14011806,34.15278,17.238066,0.037768304,,,,,,,,,,,,,,,,,,,,,,,,,,,,,34.15278,17.238066,1.0000001e-07,34.15278,17.238066,7.0,,,,,,,
34.15278,17.178108,0.39623678,34.15278,17.178108,0.40889484,,,,,,,,,,,,,,,,,,,,,,,,,,,,,,,,,,,,,,,,,,,,,,,,,,,,,,,,,,,,,34.15278,17.178108,-0.01914133,34.15278,17.178108,0.055971093,,,,,,,,,,,,,,,,,34.15278,17.268045,-0.09332444,34.15278,17.268045,0.00796209,,,,,,,,,,,,,,,,,,,,,,,,,,,,,34.15278,17.268045,1.0000001e-07,34.15278,17.268045,7.0,,,,,,,
34.15278,17.208088,0.39985123,34.15278,17.208088,0.41081363,,,,,,,,,,,,,,,,,,,,,,,,,,,,,,,,,,,,,,,,,,,,,,,,,,,,,,,,,,,,,34.15278,17.208088,0.45830378,34.15278,17.208088,0.32140404,,,,,,,,,,,,,,,,,34.15278,17.298025,0.10369141,34.15278,17.298025,-0.15301895,,,,,,,,,,,,,,,,,,,,,,,,,,,,,34.15278,17.298025,1.0000001e-07,34.15278,17.298025,7.0,,,,,,,
34.15278,17.238066,0.39470473,34.15278,17.238066,0.40898407,,,,,,,,,,,,,,,,,,,,,,,,,,,,,,,,,,,,,,,,,,,,,,,,,,,,,,,,,,,,,34.15278,17.238066,-0.27864912,34.15278,17.238066,0.08141309,,,,,,,,,,,,,,,,,34.15278,17.328005,-0.075836934,34.15278,17.328005,0.055226393,,,,,,,,,,,,,,,,,,,,,,,,,,,,,34.15278,17.328005,1.0000001e-07,34.15278,17.328005,7.0,,,,,,,
34.15278,17.268045,0.39541876,34.15278,17.268045,0.40870148,,,,,,,,,,,,,,,,,,,,,,,,,,,,,,,,,,,,,,,,,,,,,,,,,,,,,,,,,,,,,34.15278,17.268045,-0.15069354,34.15278,17.268045,0.06257132,,,,,,,,,,,,,,,,,34.15278,17.357983,-0.08184449,34.15278,17.357983,-0.011651052,,,,,,,,,,,,,,,,,,,,,,,,,,,,,34.15278,17.357983,1.0000001e-07,34.15278,17.357983,7.0,,,,,,,
34.15278,17.298025,0.3981407,34.15278,17.298025,0.40638104,,,,,,,,,,,,,,,,,,,,,,,,,,,,,,,,,,,,,,,,,,,,,,,,,,,,,,,,,,,,,34.15278,17.298025,0.22934596,34.15278,17.298025,-0.26589668,,,,,,,,,,,,,,,,,34.15278,17.387962,0.17966573,34.15278,17.387962,0.15726747,,,,,,,,,,,,,,,,,,,,,,,,,,,,,34.15278,17.387962,1.0000001e-07,34.15278,17.387962,7.0,,,,,,,
34.15278,17.328005,0.39552283,34.15278,17.328005,0.409222,,,,,,,,,,,,,,,,,,,,,,,,,,,,,,,,,,,,,,,,,,,,,,,,,,,,,,,,,,,,,34.15278,17.328005,-0.11667237,34.15278,17.328005,0.1168289,,,,,,,,,,,,,,,,,34.15278,17.417942,0.24890389,34.15278,17.417942,0.09512046,,,,,,,,,,,,,,,,,,,,,,,,,,,,,34.15278,17.417942,1.0000001e-07,34.15278,17.417942,7.0,,,,,,,
34.15278,17.357983,0.39543357,34.15278,17.357983,0.4083296,,,,,,,,,,,,,,,,,,,,,,,,,,,,,,,,,,,,,,,,,,,,,,,,,,,,,,,,,,,,,34.15278,17.357983,-0.11036543,34.15278,17.357983,-0.03305258,,,,,,,,,,,,,,,,,34.15278,17.447922,0.13001856,34.15278,17.447922,0.14813069,,,,,,,,,,,,,,,,,,,,,,,,,,,,,34.15278,17.447922,1.0000001e-07,34.15278,17.447922,7.0,,,,,,,
34.15278,17.387962,0.39915216,34.15278,17.387962,0.41060537,,,,,,,,,,,,,,,,,,,,,,,,,,,,,,,,,,,,,,,,,,,,,,,,,,,,,,,,,,,,,34.15278,17.387962,0.3411659,34.15278,17.387962,0.28087363,,,,,,,,,,,,,,,,,34.15278,17.477901,0.27929297,34.15278,17.477901,0.367425,,,,,,,,,,,,,,,,,,,,,,,,,,,,,34.15278,17.477901,1.0000001e-07,34.15278,17.477901,7.0,,,,,,,
34.15278,17.417942,0.40019333,34.15278,17.417942,0.40992117,,,,,,,,,,,,,,,,,,,,,,,,,,,,,,,,,,,,,,,,,,,,,,,,,,,,,,,,,,,,,34.15278,17.417942,0.538845,34.15278,17.417942,0.23159398,,,,,,,,,,,,,,,,,34.15278,17.50788,0.48075834,34.15278,17.50788,0.12911057,,,,,,,,,,,,,,,,,,,,,,,,,,,,,34.15278,17.50788,1.0000001e-07,34.15278,17.50788,7.0,,,,,,,
34.15278,17.447922,0.3984233,34.15278,17.447922,0.41063514,,,,,,,,,,,,,,,,,,,,,,,,,,,,,,,,,,,,,,,,,,,,,,,,,,,,,,,,,,,,,34.15278,17.447922,0.21969615,34.15278,17.447922,0.3485731,,,,,,,,,,,,,,,,,34.15278,17.537859,0.06083491,34.15278,17.537859,0.18936999,,,,,,,,,,,,,,,,,,,,,,,,,,,,,34.15278,17.537859,1.0000001e-07,34.15278,17.537859,7.0,,,,,,,
34.15278,17.4779,0.40050572,34.15278,17.4779,0.4135951,,,,,,,,,,,,,,,,,,,,,,,,,,,,,,,,,,,,,,,,,,,,,,,,,,,,,,,,,,,,,34.15278,17.4779,0.61042446,34.15278,17.4779,0.732974,,,,,,,,,,,,,,,,,34.15278,17.567839,0.008044783,34.15278,17.567839,-0.2141308,,,,,,,,,,,,,,,,,,,,,,,,,,,,,34.15278,17.567839,1.0000001e-07,34.15278,17.567839,7.0,,,,,,,
34.15278,17.50788,0.40331697,34.15278,17.50788,0.41029304,,,,,,,,,,,,,,,,,,,,,,,,,,,,,,,,,,,,,,,,,,,,,,,,,,,,,,,,,,,,,34.15278,17.50788,0.96368575,34.15278,17.50788,0.25127083,,,,,,,,,,,,,,,,,34.15278,17.597818,-0.058036778,34.15278,17.597818,-0.29148358,,,,,,,,,,,,,,,,,,,,,,,,,,,,,34.15278,17.597818,1.0000001e-07,34.15278,17.597818,7.0,,,,,,,
34.15278,17.537859,0.39744166,34.15278,17.537859,0.41106647,,,,,,,,,,,,,,,,,,,,,,,,,,,,,,,,,,,,,,,,,,,,,,,,,,,,,,,,,,,,,34.15278,17.537859,0.14970984,34.15278,17.537859,0.38993183,,,,,,,,,,,,,,,,,34.15278,17.627796,-0.32768118,34.15278,17.627796,0.10102018,,,,,,,,,,,,,,,,,,,,,,,,,,,,,34.15278,17.627796,1.0000001e-07,34.15278,17.627796,7.0,,,,,,,
34.15278,17.567839,0.39686152,34.15278,17.567839,0.40560764,,,,,,,,,,,,,,,,,,,,,,,,,,,,,,,,,,,,,,,,,,,,,,,,,,,,,,,,,,,,,34.15278,17.567839,0.036342826,34.15278,17.567839,-0.39000842,,,,,,,,,,,,,,,,,34.15278,17.657776,0.082967274,34.15278,17.657776,-0.32583848,,,,,,,,,,,,,,,,,,,,,,,,,,,,,34.15278,17.657776,1.0000001e-07,34.15278,17.657776,7.0,,,,,,,
34.15278,17.597816,0.39582032,34.15278,17.597816,0.4045218,,,,,,,,,,,,,,,,,,,,,,,,,,,,,,,,,,,,,,,,,,,,,,,,,,,,,,,,,,,,,34.15278,17.597816,-0.105769366,34.15278,17.597816,-0.5327826,,,,,,,,,,,,,,,,,34.15278,17.687756,0.08562639,34.15278,17.687756,0.04988064,,,,,,,,,,,,,,,,,,,,,,,,,,,,,34.15278,17.687756,1.0000001e-07,34.15278,17.687756,7.0,,,,,,,
34.15278,17.627796,0.39213148,34.15278,17.627796,0.40977243,,,,,,,,,,,,,,,,,,,,,,,,,,,,,,,,,,,,,,,,,,,,,,,,,,,,,,,,,,,,,34.15278,17.627796,-0.61528754,34.15278,17.627796,0.18943338,,,,,,,,,,,,,,,,,34.15278,17.717735,-0.5323843,34.15278,17.717735,0.38661513,,,,,,,,,,,,,,,,,,,,,,,,,,,,,34.15278,17.717735,1.0000001e-07,34.15278,17.717735,7.0,,,,,,,
34.15278,17.657776,0.3978432,34.15278,17.657776,0.40404582,,,,,,,,,,,,,,,,,,,,,,,,,,,,,,,,,,,,,,,,,,,,,,,,,,,,,,,,,,,,,34.15278,17.657776,0.1651786,34.15278,17.657776,-0.6026202,,,,,,,,,,,,,,,,,34.15278,17.747713,0.13232023,34.15278,17.747713,-0.0382786,,,,,,,,,,,,,,,,,,,,,,,,,,,,,34.15278,17.747713,1.0000001e-07,34.15278,17.747713,7.0,,,,,,,
34.15278,17.687756,0.39779863,34.15278,17.687756,0.40905845,,,,,,,,,,,,,,,,,,,,,,,,,,,,,,,,,,,,,,,,,,,,,,,,,,,,,,,,,,,,,34.15278,17.687756,0.16136494,34.15278,17.687756,0.087632865,,,,,,,,,,,,,,,,,34.15278,17.777693,-0.08110234,34.15278,17.777693,-0.13323554,,,,,,,,,,,,,,,,,,,,,,,,,,,,,34.15278,17.777693,1.0000001e-07,34.15278,17.777693,7.0,,,,,,,
34.15278,17.717733,0.38940948,34.15278,17.717733,0.4136695,,,,,,,,,,,,,,,,,,,,,,,,,,,,,,,,,,,,,,,,,,,,,,,,,,,,,,,,,,,,,34.15278,17.717733,-0.9958992,34.15278,17.717733,0.78356653,,,,,,,,,,,,,,,,,34.15278,17.807673,0.2079826,34.15278,17.807673,-0.12807435,,,,,,,,,,,,,,,,,,,,,,,,,,,,,34.15278,17.807673,1.0000001e-07,34.15278,17.807673,7.0,,,,,,,
34.15278,17.747713,0.3983787,34.15278,17.747713,0.40800238,,,,,,,,,,,,,,,,,,,,,,,,,,,,,,,,,,,,,,,,,,,,,,,,,,,,,,,,,,,,,34.15278,17.747713,0.20688868,34.15278,17.747713,-0.070510186,,,,,,,,,,,,,,,,,34.15278,17.837652,0.1117497,34.15278,17.837652,-0.10983134,,,,,,,,,,,,,,,,,,,,,,,,,,,,,34.15278,17.837652,1.0000001e-07,34.15278,17.837652,7.0,,,,,,,
34.15278,17.777693,0.39546335,34.15278,17.777693,0.40667856,,,,,,,,,,,,,,,,,,,,,,,,,,,,,,,,,,,,,,,,,,,,,,,,,,,,,,,,,,,,,34.15278,17.777693,-0.14615633,34.15278,17.777693,-0.2564908,,,,,,,,,,,,,,,,,34.15278,17.86763,0.141906,34.15278,17.86763,0.04095559,,,,,,,,,,,,,,,,,,,,,,,,,,,,,34.15278,17.86763,1.0000001e-07,34.15278,17.86763,7.0,,,,,,,
34.15278,17.807673,0.3993753,34.15278,17.807673,0.40684217,,,,,,,,,,,,,,,,,,,,,,,,,,,,,,,,,,,,,,,,,,,,,,,,,,,,,,,,,,,,,34.15278,17.807673,0.372366,34.15278,17.807673,-0.21967736,,,,,,,,,,,,,,,,,34.15278,17.89761,-0.07841741,34.15278,17.89761,0.09661461,,,,,,,,,,,,,,,,,,,,,,,,,,,,,34.15278,17.89761,1.0000001e-07,34.15278,17.89761,7.0,,,,,,,
34.15278,17.83765,0.39809608,34.15278,17.83765,0.4069463,,,,,,,,,,,,,,,,,,,,,,,,,,,,,,,,,,,,,,,,,,,,,,,,,,,,,,,,,,,,,34.15278,17.83765,0.17135058,34.15278,17.83765,-0.16198081,,,,,,,,,,,,,,,,,34.15278,17.92759,-0.051668804,34.15278,17.92759,-0.21135464,,,,,,,,,,,,,,,,,,,,,,,,,,,,,34.15278,17.92759,1.0000001e-07,34.15278,17.92759,7.0,,,,,,,
34.15278,17.86763,0.39861667,34.15278,17.86763,0.40899894,,,,,,,,,,,,,,,,,,,,,,,,,,,,,,,,,,,,,,,,,,,,,,,,,,,,,,,,,,,,,34.15278,17.86763,0.35161737,34.15278,17.86763,0.09142002,,,,,,,,,,,,,,,,,34.15278,17.95757,0.3140651,34.15278,17.95757,-0.212799,,,,,,,,,,,,,,,,,,,,,,,,,,,,,34.15278,17.95757,1.0000001e-07,34.15278,17.95757,7.0,,,,,,,
34.15278,17.89761,0.39568648,34.15278,17.89761,0.40972778,,,,,,,,,,,,,,,,,,,,,,,,,,,,,,,,,,,,,,,,,,,,,,,,,,,,,,,,,,,,,34.15278,17.89761,-0.12766677,34.15278,17.89761,0.18900354,,,,,,,,,,,,,,,,,34.15278,17.987547,-0.34182966,34.15278,17.987547,0.18117611,,,,,,,,,,,,,,,,,,,,,,,,,,,,,34.15278,17.987547,1.0000001e-07,34.15278,17.987547,7.0,,,,,,,
34.15278,17.92759,0.39592445,34.15278,17.92759,0.40569684,,,,,,,,,,,,,,,,,,,,,,,,,,,,,,,,,,,,,,,,,,,,,,,,,,,,,,,,,,,,,34.15278,17.92759,-0.11920696,34.15278,17.92759,-0.38392153,,,,,,,,,,,,,,,,,34.15278,18.017527,0.18873638,34.15278,18.017527,0.10169255,,,,,,,,,,,,,,,,,,,,,,,,,,,,,34.15278,18.017527,1.0000001e-07,34.15278,18.017527,7.0,,,,,,,
34.15278,17.95757,0.40066937,34.15278,17.95757,0.40571174,,,,,,,,,,,,,,,,,,,,,,,,,,,,,,,,,,,,,,,,,,,,,,,,,,,,,,,,,,,,,34.15278,17.95757,0.57649183,34.15278,17.95757,-0.36977783,,,,,,,,,,,,,,,,,34.15278,18.047506,-0.13917927,34.15278,18.047506,0.2359351,,,,,,,,,,,,,,,,,,,,,,,,,,,,,34.15278,18.047506,1.0000001e-07,34.15278,18.047506,7.0,,,,,,,
34.15278,17.987547,0.392191,34.15278,17.987547,0.410888,,,,,,,,,,,,,,,,,,,,,,,,,,,,,,,,,,,,,,,,,,,,,,,,,,,,,,,,,,,,,34.15278,17.987547,-0.6008977,34.15278,17.987547,0.36451718,,,,,,,,,,,,,,,,,34.15278,18.077486,-0.14121151,34.15278,18.077486,0.044439655,,,,,,,,,,,,,,,,,,,,,,,,,,,,,34.15278,18.077486,1.0000001e-07,34.15278,18.077486,7.0,,,,,,,
34.15278,18.017527,0.399048,34.15278,18.017527,0.40983188,,,,,,,,,,,,,,,,,,,,,,,,,,,,,,,,,,,,,,,,,,,,,,,,,,,,,,,,,,,,,34.15278,18.017527,0.3359462,34.15278,18.017527,0.1700853,,,,,,,,,,,,,,,,,34.15278,18.107464,0.013147261,34.15278,18.107464,0.009191202,,,,,,,,,,,,,,,,,,,,,,,,,,,,,34.15278,18.107464,1.0000001e-07,34.15278,18.107464,7.0,,,,,,,
34.15278,18.047506,0.39479402,34.15278,18.047506,0.4115722,,,,,,,,,,,,,,,,,,,,,,,,,,,,,,,,,,,,,,,,,,,,,,,,,,,,,,,,,,,,,34.15278,18.047506,-0.22587466,34.15278,18.047506,0.37676418,,,,,,,,,,,,,,,,,34.15278,18.137444,-0.09800022,34.15278,18.137444,-0.16971767,,,,,,,,,,,,,,,,,,,,,,,,,,,,,34.15278,18.137444,1.0000001e-07,34.15278,18.137444,7.0,,,,,,,
34.15278,18.077486,0.3948089,34.15278,18.077486,0.40911797,,,,,,,,,,,,,,,,,,,,,,,,,,,,,,,,,,,,,,,,,,,,,,,,,,,,,,,,,,,,,34.15278,18.077486,-0.2775457,34.15278,18.077486,0.085908145,,,,,,,,,,,,,,,,,34.15278,18.167423,0.01916976,34.15278,18.167423,-0.028065562,,,,,,,,,,,,,,,,,,,,,,,,,,,,,34.15278,18.167423,1.0000001e-07,34.15278,18.167423,7.0,,,,,,,
34.15278,18.107464,0.39689124,34.15278,18.107464,0.40862712,,,,,,,,,,,,,,,,,,,,,,,,,,,,,,,,,,,,,,,,,,,,,,,,,,,,,,,,,,,,,34.15278,18.107464,0.04878852,34.15278,18.107464,0.039468765,,,,,,,,,,,,,,,,,34.15278,18.197403,-0.15140791,34.15278,18.197403,0.10113638,,,,,,,,,,,,,,,,,,,,,,,,,,,,,34.15278,18.197403,1.0000001e-07,34.15278,18.197403,7.0,,,,,,,
34.15278,18.137444,0.39532948,34.15278,18.137444,0.40633646,,,,,,,,,,,,,,,,,,,,,,,,,,,,,,,,,,,,,,,,,,,,,,,,,,,,,,,,,,,,,34.15278,18.137444,-0.19303425,34.15278,18.137444,-0.28849137,,,,,,,,,,,,,,,,,34.15278,18.22738,-0.34508651,34.15278,18.22738,-0.39527556,,,,,,,,,,,,,,,,,,,,,,,,,,,,,34.15278,18.22738,1.0000001e-07,34.15278,18.22738,7.0,,,,,,,
34.15278,18.167423,0.39693588,34.15278,18.167423,0.40813625,,,,,,,,,,,,,,,,,,,,,,,,,,,,,,,,,,,,,,,,,,,,,,,,,,,,,,,,,,,,,34.15278,18.167423,0.058411345,34.15278,18.167423,-0.024267726,,,,,,,,,,,,,,,,,34.15278,18.25736,0.015898695,34.15278,18.25736,0.05789905,,,,,,,,,,,,,,,,,,,,,,,,,,,,,34.15278,18.25736,1.0000001e-07,34.15278,18.25736,7.0,,,,,,,
34.15278,18.197403,0.39470473,34.15278,18.197403,0.40978733,,,,,,,,,,,,,,,,,,,,,,,,,,,,,,,,,,,,,,,,,,,,,,,,,,,,,,,,,,,,,34.15278,18.197403,-0.2671252,34.15278,18.197403,0.21473667,,,,,,,,,,,,,,,,,34.15278,18.28734,-0.36258167,34.15278,18.28734,0.41678154,,,,,,,,,,,,,,,,,,,,,,,,,,,,,34.15278,18.28734,1.0000001e-07,34.15278,18.28734,7.0,,,,,,,
34.15278,18.22738,0.39222074,34.15278,18.22738,0.4033616,,,,,,,,,,,,,,,,,,,,,,,,,,,,,,,,,,,,,,,,,,,,,,,,,,,,,,,,,,,,,34.15278,18.22738,-0.6463662,34.15278,18.22738,-0.70186985,,,,,,,,,,,,,,,,,34.15278,18.31732,-0.0031183725,34.15278,18.31732,-0.14255169,,,,,,,,,,,,,,,,,,,,,,,,,,,,,34.15278,18.31732,1.0000001e-07,34.15278,18.31732,7.0,,,,,,,
34.15278,18.25736,0.39674252,34.15278,18.25736,0.40920722,,,,,,,,,,,,,,,,,,,,,,,,,,,,,,,,,,,,,,,,,,,,,,,,,,,,,,,,,,,,,34.15278,18.25736,0.043796506,34.15278,18.25736,0.1437603,,,,,,,,,,,,,,,,,34.15278,18.3473,-0.3399007,34.15278,18.3473,-0.35229737,,,,,,,,,,,,,,,,,,,,,,,,,,,,,34.15278,18.3473,1.0000001e-07,34.15278,18.3473,7.0,,,,,,,
34.15278,18.28734,0.39208686,34.15278,18.28734,0.41374385,,,,,,,,,,,,,,,,,,,,,,,,,,,,,,,,,,,,,,,,,,,,,,,,,,,,,,,,,,,,,34.15278,18.28734,-0.62444264,34.15278,18.28734,0.7310212,,,,,,,,,,,,,,,,,34.15278,18.377277,-0.23068258,34.15278,18.377277,0.04331465,,,,,,,,,,,,,,,,,,,,,,,,,,,,,34.15278,18.377277,1.0000001e-07,34.15278,18.377277,7.0,,,,,,,
34.15278,18.31732,0.3966533,34.15278,18.31732,0.4066488,,,,,,,,,,,,,,,,,,,,,,,,,,,,,,,,,,,,,,,,,,,,,,,,,,,,,,,,,,,,,34.15278,18.31732,0.023821333,34.15278,18.31732,-0.28057197,,,,,,,,,,,,,,,,,34.15278,18.407257,0.37027726,34.15278,18.407257,0.21742144,,,,,,,,,,,,,,,,,,,,,,,,,,,,,34.15278,18.407257,1.0000001e-07,34.15278,18.407257,7.0,,,,,,,
34.15278,18.347298,0.3923248,34.15278,18.347298,0.40409046,,,,,,,,,,,,,,,,,,,,,,,,,,,,,,,,,,,,,,,,,,,,,,,,,,,,,,,,,,,,,34.15278,18.347298,-0.6096244,34.15278,18.347298,-0.5896651,,,,,,,,,,,,,,,,,34.15278,18.437237,-0.038805306,34.15278,18.437237,0.18263876,,,,,,,,,,,,,,,,,,,,,,,,,,,,,34.15278,18.437237,1.0000001e-07,34.15278,18.437237,7.0,,,,,,,
34.15278,18.377277,0.39369333,34.15278,18.377277,0.40898407,,,,,,,,,,,,,,,,,,,,,,,,,,,,,,,,,,,,,,,,,,,,,,,,,,,,,,,,,,,,,34.15278,18.377277,-0.38724065,34.15278,18.377277,0.07768687,,,,,,,,,,,,,,,,,34.15278,18.467216,-0.0014084777,34.15278,18.467216,0.03323205,,,,,,,,,,,,,,,,,,,,,,,,,,,,,34.15278,18.467216,1.0000001e-07,34.15278,18.467216,7.0,,,,,,,
34.15278,18.407257,0.4012494,34.15278,18.407257,0.4110813,,,,,,,,,,,,,,,,,,,,,,,,,,,,,,,,,,,,,,,,,,,,,,,,,,,,,,,,,,,,,34.15278,18.407257,0.71728045,34.15278,18.407257,0.38220525,,,,,,,,,,,,,,,,,34.15278,18.497194,-0.22868644,34.15278,18.497194,0.082695395,,,,,,,,,,,,,,,,,,,,,,,,,,,,,34.15278,18.497194,1.0000001e-07,34.15278,18.497194,7.0,,,,,,,
34.15278,18.437237,0.39616245,34.15278,18.437237,0.4107392,,,,,,,,,,,,,,,,,,,,,,,,,,,,,,,,,,,,,,,,,,,,,,,,,,,,,,,,,,,,,34.15278,18.437237,-0.028910939,34.15278,18.437237,0.3688456,,,,,,,,,,,,,,,,,34.15278,18.527174,-0.06662386,34.15278,18.527174,0.11951021,,,,,,,,,,,,,,,,,,,,,,,,,,,,,34.15278,18.527174,1.0000001e-07,34.15278,18.527174,7.0,,,,,,,
34.15278,18.467215,0.39654914,34.15278,18.467215,0.40887994,,,,,,,,,,,,,,,,,,,,,,,,,,,,,,,,,,,,,,,,,,,,,,,,,,,,,,,,,,,,,34.15278,18.467215,0.016310057,34.15278,18.467215,0.06798746,,,,,,,,,,,,,,,,,34.15278,18.557154,-0.03970758,34.15278,18.557154,-0.24435231,,,,,,,,,,,,,,,,,,,,,,,,,,,,,34.15278,18.557154,1.0000001e-07,34.15278,18.557154,7.0,,,,,,,
34.15278,18.497194,0.39376768,34.15278,18.497194,0.40953442,,,,,,,,,,,,,,,,,,,,,,,,,,,,,,,,,,,,,,,,,,,,,,,,,,,,,,,,,,,,,34.15278,18.497194,-0.3921489,34.15278,18.497194,0.13430665,,,,,,,,,,,,,,,,,34.15278,18.587133,0.09905449,34.15278,18.587133,0.103502974,,,,,,,,,,,,,,,,,,,,,,,,,,,,,34.15278,18.587133,1.0000001e-07,34.15278,18.587133,7.0,,,,,,,
34.15278,18.527174,0.39590958,34.15278,18.527174,0.4100104,,,,,,,,,,,,,,,,,,,,,,,,,,,,,,,,,,,,,,,,,,,,,,,,,,,,,,,,,,,,,34.15278,18.527174,-0.073754676,34.15278,18.527174,0.22319096,,,,,,,,,,,,,,,,,34.15278,18.617111,0.13478926,34.15278,18.617111,-0.09917141,,,,,,,,,,,,,,,,,,,,,,,,,,,,,34.15278,18.617111,1.0000001e-07,34.15278,18.617111,7.0,,,,,,,
34.15278,18.557154,0.3961327,34.15278,18.557154,0.40539938,,,,,,,,,,,,,,,,,,,,,,,,,,,,,,,,,,,,,,,,,,,,,,,,,,,,,,,,,,,,,34.15278,18.557154,-0.07131341,34.15278,18.557154,-0.39440706,,,,,,,,,,,,,,,,,34.15278,18.64709,0.10943034,34.15278,18.64709,-0.2157455,,,,,,,,,,,,,,,,,,,,,,,,,,,,,34.15278,18.64709,1.0000001e-07,34.15278,18.64709,7.0,,,,,,,
34.15278,18.587132,0.39776886,34.15278,18.587132,0.40975752,,,,,,,,,,,,,,,,,,,,,,,,,,,,,,,,,,,,,,,,,,,,,,,,,,,,,,,,,,,,,34.15278,18.587132,0.1702404,34.15278,18.587132,0.19751637,,,,,,,,,,,,,,,,,34.15278,18.67707,0.0036019916,34.15278,18.67707,-0.46094614,,,,,,,,,,,,,,,,,,,,,,,,,,,,,34.15278,18.67707,1.0000001e-07,34.15278,18.67707,7.0,,,,,,,
34.15278,18.617111,0.39824483,34.15278,18.617111,0.40724376,,,,,,,,,,,,,,,,,,,,,,,,,,,,,,,,,,,,,,,,,,,,,,,,,,,,,,,,,,,,,34.15278,18.617111,0.20477921,34.15278,18.617111,-0.1840505,,,,,,,,,,,,,,,,,34.15278,18.70705,0.28079328,34.15278,18.70705,-0.16031756,,,,,,,,,,,,,,,,,,,,,,,,,,,,,34.15278,18.70705,1.0000001e-07,34.15278,18.70705,7.0,,,,,,,
34.15278,18.64709,0.39799199,34.15278,18.64709,0.40581584,,,,,,,,,,,,,,,,,,,,,,,,,,,,,,,,,,,,,,,,,,,,,,,,,,,,,,,,,,,,,34.15278,18.64709,0.19503047,34.15278,18.64709,-0.37147197,,,,,,,,,,,,,,,,,34.15278,18.737028,-0.022153828,34.15278,18.737028,0.11428426,,,,,,,,,,,,,,,,,,,,,,,,,,,,,34.15278,18.737028,1.0000001e-07,34.15278,18.737028,7.0,,,,,,,
34.15278,18.67707,0.3967128,34.15278,18.67707,0.40291536,,,,,,,,,,,,,,,,,,,,,,,,,,,,,,,,,,,,,,,,,,,,,,,,,,,,,,,,,,,,,34.15278,18.67707,0.04929994,34.15278,18.67707,-0.78888726,,,,,,,,,,,,,,,,,34.15278,18.767008,-0.14403236,34.15278,18.767008,-0.071789674,,,,,,,,,,,,,,,,,,,,,,,,,,,,,34.15278,18.767008,1.0000001e-07,34.15278,18.767008,7.0,,,,,,,
34.15278,18.707048,0.3999554,34.15278,18.707048,0.40657443,,,,,,,,,,,,,,,,,,,,,,,,,,,,,,,,,,,,,,,,,,,,,,,,,,,,,,,,,,,,,34.15278,18.707048,0.4799357,34.15278,18.707048,-0.26286703,,,,,,,,,,,,,,,,,34.15278,18.796988,0.06121597,34.15278,18.796988,0.040623024,,,,,,,,,,,,,,,,,,,,,,,,,,,,,34.15278,18.796988,1.0000001e-07,34.15278,18.796988,7.0,,,,,,,
34.15278,18.737028,0.39632607,34.15278,18.737028,0.40990627,,,,,,,,,,,,,,,,,,,,,,,,,,,,,,,,,,,,,,,,,,,,,,,,,,,,,,,,,,,,,34.15278,18.737028,-0.018705454,34.15278,18.737028,0.20359598,,,,,,,,,,,,,,,,,34.15278,18.826967,-0.24009535,34.15278,18.826967,0.1155466,,,,,,,,,,,,,,,,,,,,,,,,,,,,,34.15278,18.826967,1.0000001e-07,34.15278,18.826967,7.0,,,,,,,
34.15278,18.767008,0.39492786,34.15278,18.767008,0.40760076,,,,,,,,,,,,,,,,,,,,,,,,,,,,,,,,,,,,,,,,,,,,,,,,,,,,,,,,,,,,,34.15278,18.767008,-0.2430281,34.15278,18.767008,-0.113292985,,,,,,,,,,,,,,,,,34.15278,18.856945,-0.006817407,34.15278,18.856945,-0.09665463,,,,,,,,,,,,,,,,,,,,,,,,,,,,,34.15278,18.856945,1.0000001e-07,34.15278,18.856945,7.0,,,,,,,
34.15278,18.796988,0.39733753,34.15278,18.796988,0.40893948,,,,,,,,,,,,,,,,,,,,,,,,,,,,,,,,,,,,,,,,,,,,,,,,,,,,,,,,,,,,,34.15278,18.796988,0.10216606,34.15278,18.796988,0.09798917,,,,,,,,,,,,,,,,,34.15278,18.886925,-0.21921535,34.15278,18.886925,0.25016603,,,,,,,,,,,,,,,,,,,,,,,,,,,,,34.15278,18.886925,1.0000001e-07,34.15278,18.886925,7.0,,,,,,,
34.15278,18.826967,0.39366356,34.15278,18.826967,0.40992117,,,,,,,,,,,,,,,,,,,,,,,,,,,,,,,,,,,,,,,,,,,,,,,,,,,,,,,,,,,,,34.15278,18.826967,-0.4180516,34.15278,18.826967,0.23152679,,,,,,,,,,,,,,,,,34.15278,18.916904,-0.0044728187,34.15278,18.916904,0.19176307,,,,,,,,,,,,,,,,,,,,,,,,,,,,,34.15278,18.916904,1.0000001e-07,34.15278,18.916904,7.0,,,,,,,
34.15278,18.856945,0.39654917,34.15278,18.856945,0.40731817,,,,,,,,,,,,,,,,,,,,,,,,,,,,,,,,,,,,,,,,,,,,,,,,,,,,,,,,,,,,,34.15278,18.856945,-0.0048182937,34.15278,18.856945,-0.15478933,,,,,,,,,,,,,,,,,34.15278,18.946884,-0.13847888,34.15278,18.946884,-0.12339123,,,,,,,,,,,,,,,,,,,,,,,,,,,,,34.15278,18.946884,1.0000001e-07,34.15278,18.946884,7.0,,,,,,,
34.15278,18.886925,0.39406514,34.15278,18.886925,0.41133422,,,,,,,,,,,,,,,,,,,,,,,,,,,,,,,,,,,,,,,,,,,,,,,,,,,,,,,,,,,,,34.15278,18.886925,-0.3536898,34.15278,18.886925,0.41029468,,,,,,,,,,,,,,,,,34.15278,18.976862,0.10218445,34.15278,18.976862,-0.07799665,,,,,,,,,,,,,,,,,,,,,,,,,,,,,34.15278,18.976862,1.0000001e-07,34.15278,18.976862,7.0,,,,,,,
34.15278,18.916904,0.39651942,34.15278,18.916904,0.41072437,,,,,,,,,,,,,,,,,,,,,,,,,,,,,,,,,,,,,,,,,,,,,,,,,,,,,,,,,,,,,34.15278,18.916904,0.008128696,34.15278,18.916904,0.28839344,,,,,,,,,,,,,,,,,34.15278,19.006842,-0.10023963,34.15278,19.006842,-0.0902931,,,,,,,,,,,,,,,,,,,,,,,,,,,,,34.15278,19.006842,1.0000001e-07,34.15278,19.006842,7.0,,,,,,,
34.15278,18.946884,0.39506173,34.15278,18.946884,0.40708017,,,,,,,,,,,,,,,,,,,,,,,,,,,,,,,,,,,,,,,,,,,,,,,,,,,,,,,,,,,,,34.15278,18.946884,-0.20307043,34.15278,18.946884,-0.2147693,,,,,,,,,,,,,,,,,34.15278,19.036821,-0.006551355,34.15278,19.036821,-0.074078575,,,,,,,,,,,,,,,,,,,,,,,,,,,,,34.15278,19.036821,1.0000001e-07,34.15278,19.036821,7.0,,,,,,,
34.15278,18.976862,0.39779863,34.15278,18.976862,0.40754128,,,,,,,,,,,,,,,,,,,,,,,,,,,,,,,,,,,,,,,,,,,,,,,,,,,,,,,,,,,,,34.15278,18.976862,0.15573567,34.15278,18.976862,-0.105724305,,,,,,,,,,,,,,,,,34.15278,19.066801,-0.30117413,34.15278,19.066801,-0.06665014,,,,,,,,,,,,,,,,,,,,,,,,,,,,,34.15278,19.066801,1.0000001e-07,34.15278,19.066801,7.0,,,,,,,
34.15278,19.006842,0.39532945,34.15278,19.006842,0.4074669,,,,,,,,,,,,,,,,,,,,,,,,,,,,,,,,,,,,,,,,,,,,,,,,,,,,,,,,,,,,,34.15278,19.006842,-0.14503272,34.15278,19.006842,-0.14149308,,,,,,,,,,,,,,,,,34.15278,19.096779,-0.2615868,34.15278,19.096779,0.063251585,,,,,,,,,,,,,,,,,,,,,,,,,,,,,34.15278,19.096779,1.0000001e-07,34.15278,19.096779,7.0,,,,,,,
34.15278,19.036821,0.3965789,34.15278,19.036821,0.40761566,,,,,,,,,,,,,,,,,,,,,,,,,,,,,,,,,,,,,,,,,,,,,,,,,,,,,,,,,,,,,34.15278,19.036821,-0.00046992302,34.15278,19.036821,-0.1095519,,,,,,,,,,,,,,,,,34.15278,19.126759,0.13693145,34.15278,19.126759,0.24180365,,,,,,,,,,,,,,,,,,,,,,,,,,,,,34.15278,19.126759,1.0000001e-07,34.15278,19.126759,7.0,,,,,,,
34.15278,19.066801,0.39315784,34.15278,19.066801,0.40779415,,,,,,,,,,,,,,,,,,,,,,,,,,,,,,,,,,,,,,,,,,,,,,,,,,,,,,,,,,,,,34.15278,19.066801,-0.4875589,34.15278,19.066801,-0.09287879,,,,,,,,,,,,,,,,,34.15278,19.156738,0.10850681,34.15278,19.156738,0.070139766,,,,,,,,,,,,,,,,,,,,,,,,,,,,,34.15278,19.156738,1.0000001e-07,34.15278,19.156738,7.0,,,,,,,
34.15278,19.096779,0.39366353,34.15278,19.096779,0.4092221,,,,,,,,,,,,,,,,,,,,,,,,,,,,,,,,,,,,,,,,,,,,,,,,,,,,,,,,,,,,,34.15278,19.096779,-0.4232978,34.15278,19.096779,0.1301074,,,,,,,,,,,,,,,,,34.15278,19.186718,0.0060275113,34.15278,19.186718,-0.02014533,,,,,,,,,,,,,,,,,,,,,,,,,,,,,34.15278,19.186718,1.0000001e-07,34.15278,19.186718,7.0,,,,,,,
34.15278,19.126759,0.39817047,34.15278,19.126759,0.41127473,,,,,,,,,,,,,,,,,,,,,,,,,,,,,,,,,,,,,,,,,,,,,,,,,,,,,,,,,,,,,34.15278,19.126759,0.21546051,34.15278,19.126759,0.38383996,,,,,,,,,,,,,,,,,34.15278,19.216698,-0.097163275,34.15278,19.216698,0.21513964,,,,,,,,,,,,,,,,,,,,,,,,,,,,,34.15278,19.216698,1.0000001e-07,34.15278,19.216698,7.0,,,,,,,
34.15278,19.156738,0.39793247,34.15278,19.156738,0.4092667,,,,,,,,,,,,,,,,,,,,,,,,,,,,,,,,,,,,,,,,,,,,,,,,,,,,,,,,,,,,,34.15278,19.156738,0.19503115,34.15278,19.156738,0.07665806,,,,,,,,,,,,,,,,,34.15278,19.246675,-0.10035034,34.15278,19.246675,0.05913429,,,,,,,,,,,,,,,,,,,,,,,,,,,,,34.15278,19.246675,1.0000001e-07,34.15278,19.246675,7.0,,,,,,,
34.15278,19.186718,0.39677227,34.15278,19.186718,0.40824038,,,,,,,,,,,,,,,,,,,,,,,,,,,,,,,,,,,,,,,,,,,,,,,,,,,,,,,,,,,,,34.15278,19.186718,0.039767973,34.15278,19.186718,-0.03224486,,,,,,,,,,,,,,,,,34.15278,19.276655,0.1608604,34.15278,19.276655,0.040166132,,,,,,,,,,,,,,,,,,,,,,,,,,,,,34.15278,19.276655,1.0000001e-07,34.15278,19.276655,7.0,,,,,,,
34.15278,19.216696,0.3955377,34.15278,19.216696,0.41096237,,,,,,,,,,,,,,,,,,,,,,,,,,,,,,,,,,,,,,,,,,,,,,,,,,,,,,,,,,,,,34.15278,19.216696,-0.14802045,34.15278,19.216696,0.34615266,,,,,,,,,,,,,,,,,34.15278,19.306635,-0.12438161,34.15278,19.306635,0.019729665,,,,,,,,,,,,,,,,,,,,,,,,,,,,,34.15278,19.306635,1.0000001e-07,34.15278,19.306635,7.0,,,,,,,
34.15278,19.246675,0.3954931,34.15278,19.246675,0.4091626,,,,,,,,,,,,,,,,,,,,,,,,,,,,,,,,,,,,,,,,,,,,,,,,,,,,,,,,,,,,,34.15278,19.246675,-0.1802535,34.15278,19.246675,0.11565639,,,,,,,,,,,,,,,,,34.15278,19.336615,0.27490088,34.15278,19.336615,0.20050485,,,,,,,,,,,,,,,,,,,,,,,,,,,,,34.15278,19.336615,1.0000001e-07,34.15278,19.336615,7.0,,,,,,,
34.15278,19.276655,0.3984233,34.15278,19.276655,0.40889484,,,,,,,,,,,,,,,,,,,,,,,,,,,,,,,,,,,,,,,,,,,,,,,,,,,,,,,,,,,,,34.15278,19.276655,0.23932144,34.15278,19.276655,0.022164397,,,,,,,,,,,,,,,,,34.15278,19.366592,-0.29660782,34.15278,19.366592,0.18797356,,,,,,,,,,,,,,,,,,,,,,,,,,,,,34.15278,19.366592,1.0000001e-07,34.15278,19.366592,7.0,,,,,,,
34.15278,19.306635,0.39524022,34.15278,19.306635,0.40877584,,,,,,,,,,,,,,,,,,,,,,,,,,,,,,,,,,,,,,,,,,,,,,,,,,,,,,,,,,,,,34.15278,19.306635,-0.14867002,34.15278,19.306635,0.044700976,,,,,,,,,,,,,,,,,34.15278,19.396572,-0.25323817,34.15278,19.396572,-0.091536246,,,,,,,,,,,,,,,,,,,,,,,,,,,,,34.15278,19.396572,1.0000001e-07,34.15278,19.396572,7.0,,,,,,,
34.15278,19.336613,0.39970252,34.15278,19.336613,0.41066492,,,,,,,,,,,,,,,,,,,,,,,,,,,,,,,,,,,,,,,,,,,,,,,,,,,,,,,,,,,,,34.15278,19.336613,0.41937247,34.15278,19.336613,0.31753314,,,,,,,,,,,,,,,,,34.15278,19.426552,0.19548076,34.15278,19.426552,-0.3859007,,,,,,,,,,,,,,,,,,,,,,,,,,,,,34.15278,19.426552,1.0000001e-07,34.15278,19.426552,7.0,,,,,,,
34.15278,19.366592,0.39329168,34.15278,19.366592,0.41065,,,,,,,,,,,,,,,,,,,,,,,,,,,,,,,,,,,,,,,,,,,,,,,,,,,,,,,,,,,,,34.15278,19.366592,-0.45080078,34.15278,19.366592,0.32492968,,,,,,,,,,,,,,,,,34.15278,19.456532,0.22403812,34.15278,19.456532,-0.26521826,,,,,,,,,,,,,,,,,,,,,,,,,,,,,34.15278,19.456532,1.0000001e-07,34.15278,19.456532,7.0,,,,,,,
34.15278,19.396572,0.3937379,34.15278,19.396572,0.40743718,,,,,,,,,,,,,,,,,,,,,,,,,,,,,,,,,,,,,,,,,,,,,,,,,,,,,,,,,,,,,34.15278,19.396572,-0.36872467,34.15278,19.396572,-0.17263307,,,,,,,,,,,,,,,,,34.15278,19.48651,0.031340387,34.15278,19.48651,0.25821596,,,,,,,,,,,,,,,,,,,,,,,,,,,,,34.15278,19.48651,1.0000001e-07,34.15278,19.48651,7.0,,,,,,,
34.15278,19.426552,0.39883983,34.15278,19.426552,0.40414995,,,,,,,,,,,,,,,,,,,,,,,,,,,,,,,,,,,,,,,,,,,,,,,,,,,,,,,,,,,,,34.15278,19.426552,0.31645083,34.15278,19.426552,-0.57346123,,,,,,,,,,,,,,,,,34.15278,19.516489,-0.2578813,34.15278,19.516489,0.29682538,,,,,,,,,,,,,,,,,,,,,,,,,,,,,34.15278,19.516489,1.0000001e-07,34.15278,19.516489,7.0,,,,,,,
34.15278,19.45653,0.39904806,34.15278,19.45653,0.40545887,,,,,,,,,,,,,,,,,,,,,,,,,,,,,,,,,,,,,,,,,,,,,,,,,,,,,,,,,,,,,34.15278,19.45653,0.3344629,34.15278,19.45653,-0.41895163,,,,,,,,,,,,,,,,,34.15278,19.546469,-0.18849796,34.15278,19.546469,0.14078805,,,,,,,,,,,,,,,,,,,,,,,,,,,,,34.15278,19.546469,1.0000001e-07,34.15278,19.546469,7.0,,,,,,,
34.15278,19.48651,0.3969359,34.15278,19.48651,0.41134906,,,,,,,,,,,,,,,,,,,,,,,,,,,,,,,,,,,,,,,,,,,,,,,,,,,,,,,,,,,,,34.15278,19.48651,0.05604233,34.15278,19.48651,0.4396664,,,,,,,,,,,,,,,,,34.15278,19.576448,0.048066333,34.15278,19.576448,-0.1350933,,,,,,,,,,,,,,,,,,,,,,,,,,,,,34.15278,19.576448,1.0000001e-07,34.15278,19.576448,7.0,,,,,,,
34.15278,19.516489,0.3937825,34.15278,19.516489,0.41181025,,,,,,,,,,,,,,,,,,,,,,,,,,,,,,,,,,,,,,,,,,,,,,,,,,,,,,,,,,,,,34.15278,19.516489,-0.3687672,34.15278,19.516489,0.48627552,,,,,,,,,,,,,,,,,34.15278,19.606426,-0.25030196,34.15278,19.606426,0.035730768,,,,,,,,,,,,,,,,,,,,,,,,,,,,,34.15278,19.606426,1.0000001e-07,34.15278,19.606426,7.0,,,,,,,
34.15278,19.546469,0.3944519,34.15278,19.546469,0.40999553,,,,,,,,,,,,,,,,,,,,,,,,,,,,,,,,,,,,,,,,,,,,,,,,,,,,,,,,,,,,,34.15278,19.546469,-0.27425438,34.15278,19.546469,0.21004993,,,,,,,,,,,,,,,,,34.15278,19.636406,-0.031741675,34.15278,19.636406,0.18300386,,,,,,,,,,,,,,,,,,,,,,,,,,,,,34.15278,19.636406,1.0000001e-07,34.15278,19.636406,7.0,,,,,,,
34.15278,19.576447,0.39715904,34.15278,19.576447,0.40699092,,,,,,,,,,,,,,,,,,,,,,,,,,,,,,,,,,,,,,,,,,,,,,,,,,,,,,,,,,,,,34.15278,19.576447,0.09315467,34.15278,19.576447,-0.17801557,,,,,,,,,,,,,,,,,34.15278,19.666386,0.22697997,34.15278,19.666386,0.05094864,,,,,,,,,,,,,,,,,,,,,,,,,,,,,34.15278,19.666386,1.0000001e-07,34.15278,19.666386,7.0,,,,,,,
34.15278,19.606426,0.3939164,34.15278,19.606426,0.4088651,,,,,,,,,,,,,,,,,,,,,,,,,,,,,,,,,,,,,,,,,,,,,,,,,,,,,,,,,,,,,34.15278,19.606426,-0.40192562,34.15278,19.606426,0.067544185,,,,,,,,,,,,,,,,,34.15278,19.696365,0.18459386,34.15278,19.696365,0.16451117,,,,,,,,,,,,,,,,,,,,,,,,,,,,,34.15278,19.696365,1.0000001e-07,34.15278,19.696365,7.0,,,,,,,
34.15278,19.636406,0.39632604,34.15278,19.636406,0.4104418,,,,,,,,,,,,,,,,,,,,,,,,,,,,,,,,,,,,,,,,,,,,,,,,,,,,,,,,,,,,,34.15278,19.636406,-0.02751647,34.15278,19.636406,0.3256791,,,,,,,,,,,,,,,,,34.15278,19.726343,-0.41173813,34.15278,19.726343,-0.47062576,,,,,,,,,,,,,,,,,,,,,,,,,,,,,34.15278,19.726343,1.0000001e-07,34.15278,19.726343,7.0,,,,,,,
34.15278,19.666386,0.39910758,34.15278,19.666386,0.4091031,,,,,,,,,,,,,,,,,,,,,,,,,,,,,,,,,,,,,,,,,,,,,,,,,,,,,,,,,,,,,34.15278,19.666386,0.40723553,34.15278,19.666386,0.115534864,,,,,,,,,,,,,,,,,34.15278,19.756323,-0.026616609,34.15278,19.756323,-0.2222583,,,,,,,,,,,,,,,,,,,,,,,,,,,,,34.15278,19.756323,1.0000001e-07,34.15278,19.756323,7.0,,,,,,,
34.15278,19.696365,0.39866132,34.15278,19.696365,0.41023353,,,,,,,,,,,,,,,,,,,,,,,,,,,,,,,,,,,,,,,,,,,,,,,,,,,,,,,,,,,,,34.15278,19.696365,0.27488464,34.15278,19.696365,0.2474969,,,,,,,,,,,,,,,,,34.15278,19.786303,-0.50099516,34.15278,19.786303,-0.10535548,,,,,,,,,,,,,,,,,,,,,,,,,,,,,34.15278,19.786303,1.0000001e-07,34.15278,19.786303,7.0,,,,,,,
34.15278,19.726343,0.39213145,34.15278,19.726343,0.4033616,,,,,,,,,,,,,,,,,,,,,,,,,,,,,,,,,,,,,,,,,,,,,,,,,,,,,,,,,,,,,34.15278,19.726343,-0.62814236,34.15278,19.726343,-0.74805164,,,,,,,,,,,,,,,,,34.15278,19.816282,0.17416772,34.15278,19.816282,-0.3236815,,,,,,,,,,,,,,,,,,,,,,,,,,,,,34.15278,19.816282,1.0000001e-07,34.15278,19.816282,7.0,,,,,,,
34.15278,19.756323,0.3962963,34.15278,19.756323,0.40611336,,,,,,,,,,,,,,,,,,,,,,,,,,,,,,,,,,,,,,,,,,,,,,,,,,,,,,,,,,,,,34.15278,19.756323,-0.06397004,34.15278,19.756323,-0.32923692,,,,,,,,,,,,,,,,,34.15278,19.84626,0.17013167,34.15278,19.84626,0.045476574,,,,,,,,,,,,,,,,,,,,,,,,,,,,,34.15278,19.84626,1.0000001e-07,34.15278,19.84626,7.0,,,,,,,
34.15278,19.786303,0.39128366,34.15278,19.786303,0.4073182,,,,,,,,,,,,,,,,,,,,,,,,,,,,,,,,,,,,,,,,,,,,,,,,,,,,,,,,,,,,,34.15278,19.786303,-0.76245695,34.15278,19.786303,-0.15153252,,,,,,,,,,,,,,,,,34.15278,19.87624,0.35003766,34.15278,19.87624,0.23211318,,,,,,,,,,,,,,,,,,,,,,,,,,,,,34.15278,19.87624,1.0000001e-07,34.15278,19.87624,7.0,,,,,,,
34.15278,19.816282,0.39851257,34.15278,19.816282,0.40504238,,,,,,,,,,,,,,,,,,,,,,,,,,,,,,,,,,,,,,,,,,,,,,,,,,,,,,,,,,,,,34.15278,19.816282,0.28237614,34.15278,19.816282,-0.48791492,,,,,,,,,,,,,,,,,34.15278,19.90622,0.24428354,34.15278,19.90622,-0.17644565,,,,,,,,,,,,,,,,,,,,,,,,,,,,,34.15278,19.90622,1.0000001e-07,34.15278,19.90622,7.0,,,,,,,
34.15278,19.84626,0.39837873,34.15278,19.84626,0.40899894,,,,,,,,,,,,,,,,,,,,,,,,,,,,,,,,,,,,,,,,,,,,,,,,,,,,,,,,,,,,,34.15278,19.84626,0.27087975,34.15278,19.84626,0.08082191,,,,,,,,,,,,,,,,,34.15278,19.9362,-0.051110703,34.15278,19.9362,-0.32668588,,,,,,,,,,,,,,,,,,,,,,,,,,,,,34.15278,19.9362,1.0000001e-07,34.15278,19.9362,7.0,,,,,,,
34.15278,19.87624,0.40037188,34.15278,19.87624,0.41091776,,,,,,,,,,,,,,,,,,,,,,,,,,,,,,,,,,,,,,,,,,,,,,,,,,,,,,,,,,,,,34.15278,19.87624,0.5315518,34.15278,19.87624,0.33801633,,,,,,,,,,,,,,,,,34.15278,19.966177,0.01004427,34.15278,19.966177,0.13439429,,,,,,,,,,,,,,,,,,,,,,,,,,,,,34.15278,19.966177,1.0000001e-07,34.15278,19.966177,7.0,,,,,,,
34.15278,19.90622,0.39927116,34.15278,19.90622,0.40654472,,,,,,,,,,,,,,,,,,,,,,,,,,,,,,,,,,,,,,,,,,,,,,,,,,,,,,,,,,,,,34.15278,19.90622,0.4090204,34.15278,19.90622,-0.2283893,,,,,,,,,,,,,,,,,34.15278,19.996157,-0.18371588,34.15278,19.996157,0.35716045,,,,,,,,,,,,,,,,,,,,,,,,,,,,,34.15278,19.996157,1.0000001e-07,34.15278,19.996157,7.0,,,,,,,
34.15278,19.9362,0.39608806,34.15278,19.9362,0.40505725,,,,,,,,,,,,,,,,,,,,,,,,,,,,,,,,,,,,,,,,,,,,,,,,,,,,,,,,,,,,,34.15278,19.9362,-0.028624143,34.15278,19.9362,-0.46823916,,,,,,,,,,,,,,,,,,,,,,,,,,,,,,,,,,,,,,,,,,,,,,,,,,,,,,,,,,,,,,,
34.15278,19.966177,0.39674255,34.15278,19.966177,0.40986168,,,,,,,,,,,,,,,,,,,,,,,,,,,,,,,,,,,,,,,,,,,,,,,,,,,,,,,,,,,,,34.15278,19.966177,0.019782849,34.15278,19.966177,0.20016441,,,,,,,,,,,,,,,,,,,,,,,,,,,,,,,,,,,,,,,,,,,,,,,,,,,,,,,,,,,,,,,
34.15278,19.996157,0.39466015,34.15278,19.996157,0.41224158,,,,,,,,,,,,,,,,,,,,,,,,,,,,,,,,,,,,,,,,,,,,,,,,,,,,,,,,,,,,,34.15278,19.996157,-0.241436,34.15278,19.996157,0.534065,,,,,,,,,,,,,,,,,,,,,,,,,,,,,,,,,,,,,,,,,,,,,,,,,,,,,,,,,,,,,,,
34.15278,20.026136,0.3981556,34.15278,20.026136,0.4078834,,,,,,,,,,,,,,,,,,,,,,,,,,,,,,,,,,,,,,,,,,,,,,,,,,,,,,,,,,,,,34.15278,20.026136,0.22720331,34.15278,20.026136,-0.0761288,,,,,,,,,,,,,,,,,,,,,,,,,,,,,,,,,,,,,,,,,,,,,,,,,,,,,,,,,,,,,,,
34.15278,20.056116,0.39180425,34.15278,20.056116,0.4050275,,,,,,,,,,,,,,,,,,,,,,,,,,,,,,,,,,,,,,,,,,,,,,,,,,,,,,,,,,,,,34.15278,20.056116,-0.64119625,34.15278,20.056116,-0.50796807,,,,,,,,,,,,,,,,,,,,,,,,,,,,,,,,,,,,,,,,,,,,,,,,,,,,,,,,,,,,,,,
34.15278,20.086094,0.39358914,34.15278,20.086094,0.40913284,,,,,,,,,,,,,,,,,,,,,,,,,,,,,,,,,,,,,,,,,,,,,,,,,,,,,,,,,,,,,34.15278,20.086094,-0.4169938,34.15278,20.086094,0.11847255,,,,,,,,,,,,,,,,,,,,,,,,,,,,,,,,,,,,,,,,,,,,,,,,,,,,,,,,,,,,,,,
34.15278,20.116074,0.39724827,34.15278,20.116074,0.4064108,,,,,,,,,,,,,,,,,,,,,,,,,,,,,,,,,,,,,,,,,,,,,,,,,,,,,,,,,,,,,34.15278,20.116074,0.102273345,34.15278,20.116074,-0.31903192,,,,,,,,,,,,,,,,,,,,,,,,,,,,,,,,,,,,,,,,,,,,,,,,,,,,,,,,,,,,,,,
34.15278,20.146053,0.39742675,34.15278,20.146053,0.40870148,,,,,,,,,,,,,,,,,,,,,,,,,,,,,,,,,,,,,,,,,,,,,,,,,,,,,,,,,,,,,34.15278,20.146053,0.14075439,34.15278,20.146053,0.0054824715,,,,,,,,,,,,,,,,,,,,,,,,,,,,,,,,,,,,,,,,,,,,,,,,,,,,,,,,,,,,,,,
34.15278,20.176033,0.39663845,34.15278,20.176033,0.40749666,,,,,,,,,,,,,,,,,,,,,,,,,,,,,,,,,,,,,,,,,,,,,,,,,,,,,,,,,,,,,34.15278,20.176033,-0.021270655,34.15278,20.176033,-0.10586341,,,,,,,,,,,,,,,,,,,,,,,,,,,,,,,,,,,,,,,,,,,,,,,,,,,,,,,,,,,,,,,
34.15278,20.20601,0.39382717,34.15278,20.20601,0.41062027,,,,,,,,,,,,,,,,,,,,,,,,,,,,,,,,,,,,,,,,,,,,,,,,,,,,,,,,,,,,,34.15278,20.20601,-0.38761458,34.15278,20.20601,0.32973447,,,,,,,,,,,,,,,,,,,,,,,,,,,,,,,,,,,,,,,,,,,,,,,,,,,,,,,,,,,,,,,
34.15278,20.23599,0.3934107,34.15278,20.23599,0.41426447,,,,,,,,,,,,,,,,,,,,,,,,,,,,,,,,,,,,,,,,,,,,,,,,,,,,,,,,,,,,,34.15278,20.23599,-0.44034144,34.15278,20.23599,0.8801511,,,,,,,,,,,,,,,,,,,,,,,,,,,,,,,,,,,,,,,,,,,,,,,,,,,,,,,,,,,,,,,
34.15278,20.26597,0.3950766,34.15278,20.26597,0.4083296,,,,,,,,,,,,,,,,,,,,,,,,,,,,,,,,,,,,,,,,,,,,,,,,,,,,,,,,,,,,,34.15278,20.26597,-0.18583737,34.15278,20.26597,0.0154952705,,,,,,,,,,,,,,,,,,,,,,,,,,,,,,,,,,,,,,,,,,,,,,,,,,,,,,,,,,,,,,,
34.15278,20.29595,0.39448166,34.15278,20.29595,0.40694633,,,,,,,,,,,,,,,,,,,,,,,,,,,,,,,,,,,,,,,,,,,,,,,,,,,,,,,,,,,,,34.15278,20.29595,-0.30188242,34.15278,20.29595,-0.20793806,,,,,,,,,,,,,,,,,,,,,,,,,,,,,,,,,,,,,,,,,,,,,,,,,,,,,,,,,,,,,,,
34.15278,20.325928,0.3982597,34.15278,20.325928,0.40786853,,,,,,,,,,,,,,,,,,,,,,,,,,,,,,,,,,,,,,,,,,,,,,,,,,,,,,,,,,,,,34.15278,20.325928,0.22735122,34.15278,20.325928,-0.05958455,,,,,,,,,,,,,,,,,,,,,,,,,,,,,,,,,,,,,,,,,,,,,,,,,,,,,,,,,,,,,,,
34.15278,20.355907,0.3976796,34.15278,20.355907,0.40887994,,,,,,,,,,,,,,,,,,,,,,,,,,,,,,,,,,,,,,,,,,,,,,,,,,,,,,,,,,,,,34.15278,20.355907,0.17816108,34.15278,20.355907,0.05262834,,,,,,,,,,,,,,,,,,,,,,,,,,,,,,,,,,,,,,,,,,,,,,,,,,,,,,,,,,,,,,,
34.15278,20.385887,0.40074372,34.15278,20.385887,0.40922204,,,,,,,,,,,,,,,,,,,,,,,,,,,,,,,,,,,,,,,,,,,,,,,,,,,,,,,,,,,,,34.15278,20.385887,0.578315,34.15278,20.385887,0.1393263,,,,,,,,,,,,,,,,,,,,,,,,,,,,,,,,,,,,,,,,,,,,,,,,,,,,,,,,,,,,,,,
34.15278,20.415867,0.39344043,34.15278,20.415867,0.40678272,,,,,,,,,,,,,,,,,,,,,,,,,,,,,,,,,,,,,,,,,,,,,,,,,,,,,,,,,,,,,34.15278,20.415867,-0.44393805,34.15278,20.415867,-0.21716367,,,,,,,,,,,,,,,,,,,,,,,,,,,,,,,,,,,,,,,,,,,,,,,,,,,,,,,,,,,,,,,
34.15278,20.445845,0.3981407,34.15278,20.445845,0.40297487,,,,,,,,,,,,,,,,,,,,,,,,,,,,,,,,,,,,,,,,,,,,,,,,,,,,,,,,,,,,,34.15278,20.445845,0.23202378,34.15278,20.445845,-0.79957056,,,,,,,,,,,,,,,,,,,,,,,,,,,,,,,,,,,,,,,,,,,,,,,,,,,,,,,,,,,,,,,
34.15278,20.475824,0.39776886,34.15278,20.475824,0.40501264,,,,,,,,,,,,,,,,,,,,,,,,,,,,,,,,,,,,,,,,,,,,,,,,,,,,,,,,,,,,,34.15278,20.475824,0.2058829,34.15278,20.475824,-0.49154133,,,,,,,,,,,,,,,,,,,,,,,,,,,,,,,,,,,,,,,,,,,,,,,,,,,,,,,,,,,,,,,
34.15278,20.505804,0.3956418,34.15278,20.505804,0.41213742,,,,,,,,,,,,,,,,,,,,,,,,,,,,,,,,,,,,,,,,,,,,,,,,,,,,,,,,,,,,,34.15278,20.505804,-0.14165549,34.15278,20.505804,0.49212012,,,,,,,,,,,,,,,,,,,,,,,,,,,,,,,,,,,,,,,,,,,,,,,,,,,,,,,,,,,,,,,
34.15278,20.535784,0.3984679,34.15278,20.535784,0.41094747,,,,,,,,,,,,,,,,,,,,,,,,,,,,,,,,,,,,,,,,,,,,,,,,,,,,,,,,,,,,,34.15278,20.535784,0.30034757,34.15278,20.535784,0.37580696,,,,,,,,,,,,,,,,,,,,,,,,,,,,,,,,,,,,,,,,,,,,,,,,,,,,,,,,,,,,,,,
34.15278,20.565763,0.39632607,34.15278,20.565763,0.4049829,,,,,,,,,,,,,,,,,,,,,,,,,,,,,,,,,,,,,,,,,,,,,,,,,,,,,,,,,,,,,34.15278,20.565763,-0.035362642,34.15278,20.565763,-0.4891688,,,,,,,,,,,,,,,,,,,,,,,,,,,,,,,,,,,,,,,,,,,,,,,,,,,,,,,,,,,,,,,
34.15278,20.595741,0.39455596,34.15278,20.595741,0.41247952,,,,,,,,,,,,,,,,,,,,,,,,,,,,,,,,,,,,,,,,,,,,,,,,,,,,,,,,,,,,,34.15278,20.595741,-0.2814088,34.15278,20.595741,0.58078516,,,,,,,,,,,,,,,,,,,,,,,,,,,,,,,,,,,,,,,,,,,,,,,,,,,,,,,,,,,,,,,
34.15278,20.625721,0.396088,34.15278,20.625721,0.4060241,,,,,,,,,,,,,,,,,,,,,,,,,,,,,,,,,,,,,,,,,,,,,,,,,,,,,,,,,,,,,34.15278,20.625721,-0.08113902,34.15278,20.625721,-0.3445856,,,,,,,,,,,,,,,,,,,,,,,,,,,,,,,,,,,,,,,,,,,,,,,,,,,,,,,,,,,,,,,
34.15278,20.6557,0.3952997,34.15278,20.6557,0.40819576,,,,,,,,,,,,,,,,,,,,,,,,,,,,,,,,,,,,,,,,,,,,,,,,,,,,,,,,,,,,,34.15278,20.6557,-0.20967597,34.15278,20.6557,-0.04165078,,,,,,,,,,,,,,,,,,,,,,,,,,,,,,,,,,,,,,,,,,,,,,,,,,,,,,,,,,,,,,,
34.15278,20.68568,0.39425853,34.15278,20.68568,0.40672317,,,,,,,,,,,,,,,,,,,,,,,,,,,,,,,,,,,,,,,,,,,,,,,,,,,,,,,,,,,,,34.15278,20.68568,-0.31396934,34.15278,20.68568,-0.23249449,,,,,,,,,,,,,,,,,,,,,,,,,,,,,,,,,,,,,,,,,,,,,,,,,,,,,,,,,,,,,,,
34.15278,20.715658,0.39638555,34.15278,20.715658,0.4140116,,,,,,,,,,,,,,,,,,,,,,,,,,,,,,,,,,,,,,,,,,,,,,,,,,,,,,,,,,,,,34.15278,20.715658,0.0050641033,34.15278,20.715658,0.75766134,,,,,,,,,,,,,,,,,,,,,,,,,,,,,,,,,,,,,,,,,,,,,,,,,,,,,,,,,,,,,,,
34.15278,20.745638,0.39660868,34.15278,20.745638,0.40626207,,,,,,,,,,,,,,,,,,,,,,,,,,,,,,,,,,,,,,,,,,,,,,,,,,,,,,,,,,,,,34.15278,20.745638,0.030984154,34.15278,20.745638,-0.3025492,,,,,,,,,,,,,,,,,,,,,,,,,,,,,,,,,,,,,,,,,,,,,,,,,,,,,,,,,,,,,,,
34.15278,20.775618,0.39509144,34.15278,20.775618,0.40950468,,,,,,,,,,,,,,,,,,,,,,,,,,,,,,,,,,,,,,,,,,,,,,,,,,,,,,,,,,,,,34.15278,20.775618,-0.20458223,34.15278,20.775618,0.14480689,,,,,,,,,,,,,,,,,,,,,,,,,,,,,,,,,,,,,,,,,,,,,,,,,,,,,,,,,,,,,,,
34.15278,20.805597,0.40187415,34.15278,20.805597,0.41125986,,,,,,,,,,,,,,,,,,,,,,,,,,,,,,,,,,,,,,,,,,,,,,,,,,,,,,,,,,,,,34.15278,20.805597,0.69928885,34.15278,20.805597,0.37722743,,,,,,,,,,,,,,,,,,,,,,,,,,,,,,,,,,,,,,,,,,,,,,,,,,,,,,,,,,,,,,,
34.15278,20.835575,0.39717388,34.15278,20.835575,0.41020378,,,,,,,,,,,,,,,,,,,,,,,,,,,,,,,,,,,,,,,,,,,,,,,,,,,,,,,,,,,,,34.15278,20.835575,0.07460407,34.15278,20.835575,0.2623502,,,,,,,,,,,,,,,,,,,,,,,,,,,,,,,,,,,,,,,,,,,,,,,,,,,,,,,,,,,,,,,
34.15278,20.865555,0.39451137,34.15278,20.865555,0.40458128,,,,,,,,,,,,,,,,,,,,,,,,,,,,,,,,,,,,,,,,,,,,,,,,,,,,,,,,,,,,,34.15278,20.865555,-0.26420367,34.15278,20.865555,-0.5220564,,,,,,,,,,,,,,,,,,,,,,,,,,,,,,,,,,,,,,,,,,,,,,,,,,,,,,,,,,,,,,,
34.15278,20.895535,0.39271158,34.15278,20.895535,0.4101889,,,,,,,,,,,,,,,,,,,,,,,,,,,,,,,,,,,,,,,,,,,,,,,,,,,,,,,,,,,,,34.15278,20.895535,-0.52139956,34.15278,20.895535,0.23969766,,,,,,,,,,,,,,,,,,,,,,,,,,,,,,,,,,,,,,,,,,,,,,,,,,,,,,,,,,,,,,,
34.15278,20.925514,0.39839357,34.15278,20.925514,0.40882048,,,,,,,,,,,,,,,,,,,,,,,,,,,,,,,,,,,,,,,,,,,,,,,,,,,,,,,,,,,,,34.15278,20.925514,0.27655643,34.15278,20.925514,0.07713338,,,,,,,,,,,,,,,,,,,,,,,,,,,,,,,,,,,,,,,,,,,,,,,,,,,,,,,,,,,,,,,
34.15278,20.955492,0.39785808,34.15278,20.955492,0.4106798,,,,,,,,,,,,,,,,,,,,,,,,,,,,,,,,,,,,,,,,,,,,,,,,,,,,,,,,,,,,,34.15278,20.955492,0.16796282,34.15278,20.955492,0.3354007,,,,,,,,,,,,,,,,,,,,,,,,,,,,,,,,,,,,,,,,,,,,,,,,,,,,,,,,,,,,,,,
34.15278,20.985472,0.3928752,34.15278,20.985472,0.40730327,,,,,,,,,,,,,,,,,,,,,,,,,,,,,,,,,,,,,,,,,,,,,,,,,,,,,,,,,,,,,34.15278,20.985472,-0.51380795,34.15278,20.985472,-0.1673966,,,,,,,,,,,,,,,,,,,,,,,,,,,,,,,,,,,,,,,,,,,,,,,,,,,,,,,,,,,,,,,
34.15278,21.015451,0.39873567,34.15278,21.015451,0.4066488,,,,,,,,,,,,,,,,,,,,,,,,,,,,,,,,,,,,,,,,,,,,,,,,,,,,,,,,,,,,,34.15278,21.015451,0.32570347,34.15278,21.015451,-0.263687,,,,,,,,,,,,,,,,,,,,,,,,,,,,,,,,,,,,,,,,,,,,,,,,,,,,,,,,,,,,,,,
34.15278,21.045431,0.3982151,34.15278,21.045431,0.40182954,,,,,,,,,,,,,,,,,,,,,,,,,,,,,,,,,,,,,,,,,,,,,,,,,,,,,,,,,,,,,34.15278,21.045431,0.28501284,34.15278,21.045431,-0.9306495,,,,,,,,,,,,,,,,,,,,,,,,,,,,,,,,,,,,,,,,,,,,,,,,,,,,,,,,,,,,,,,
34.15278,21.075409,0.39772424,34.15278,21.075409,0.41026327,,,,,,,,,,,,,,,,,,,,,,,,,,,,,,,,,,,,,,,,,,,,,,,,,,,,,,,,,,,,,34.15278,21.075409,0.16969354,34.15278,21.075409,0.24868816,,,,,,,,,,,,,,,,,,,,,,,,,,,,,,,,,,,,,,,,,,,,,,,,,,,,,,,,,,,,,,,
34.15278,21.105389,0.3967425,34.15278,21.105389,0.411007,,,,,,,,,,,,,,,,,,,,,,,,,,,,,,,,,,,,,,,,,,,,,,,,,,,,,,,,,,,,,34.15278,21.105389,-0.0077428287,34.15278,21.105389,0.35715902,,,,,,,,,,,,,,,,,,,,,,,,,,,,,,,,,,,,,,,,,,,,,,,,,,,,,,,,,,,,,,,
34.15278,21.135368,0.40196338,34.15278,21.135368,0.4085676,,,,,,,,,,,,,,,,,,,,,,,,,,,,,,,,,,,,,,,,,,,,,,,,,,,,,,,,,,,,,34.15278,21.135368,0.80378693,34.15278,21.135368,0.006798817,,,,,,,,,,,,,,,,,,,,,,,,,,,,,,,,,,,,,,,,,,,,,,,,,,,,,,,,,,,,,,,
34.15278,21.165348,0.3958352,34.15278,21.165348,0.40856758,,,,,,,,,,,,,,,,,,,,,,,,,,,,,,,,,,,,,,,,,,,,,,,,,,,,,,,,,,,,,34.15278,21.165348,-0.13680989,34.15278,21.165348,-0.033847615,,,,,,,,,,,,,,,,,,,,,,,,,,,,,,,,,,,,,,,,,,,,,,,,,,,,,,,,,,,,,,,
34.15278,21.195326,0.39300907,34.15278,21.195326,0.4047895,,,,,,,,,,,,,,,,,,,,,,,,,,,,,,,,,,,,,,,,,,,,,,,,,,,,,,,,,,,,,34.15278,21.195326,-0.49748442,34.15278,21.195326,-0.45993927,,,,,,,,,,,,,,,,,,,,,,,,,,,,,,,,,,,,,,,,,,,,,,,,,,,,,,,,,,,,,,,
34.15278,21.225306,0.3988993,34.15278,21.225306,0.41082847,,,,,,,,,,,,,,,,,,,,,,,,,,,,,,,,,,,,,,,,,,,,,,,,,,,,,,,,,,,,,34.15278,21.225306,0.29873908,34.15278,21.225306,0.32623667,,,,,,,,,,,,,,,,,,,,,,,,,,,,,,,,,,,,,,,,,,,,,,,,,,,,,,,,,,,,,,,
34.15278,21.255285,0.3970995,34.15278,21.255285,0.40818086,,,,,,,,,,,,,,,,,,,,,,,,,,,,,,,,,,,,,,,,,,,,,,,,,,,,,,,,,,,,,34.15278,21.255285,0.09256049,34.15278,21.255285,0.017186655,,,,,,,,,,,,,,,,,,,,,,,,,,,,,,,,,,,,,,,,,,,,,,,,,,,,,,,,,,,,,,,
34.15278,21.285265,0.39428824,34.15278,21.285265,0.4069463,,,,,,,,,,,,,,,,,,,,,,,,,,,,,,,,,,,,,,,,,,,,,,,,,,,,,,,,,,,,,34.15278,21.285265,-0.32065183,34.15278,21.285265,-0.19310196,,,,,,,,,,,,,,,,,,,,,,,,,,,,,,,,,,,,,,,,,,,,,,,,,,,,,,,,,,,,,,,
34.15278,21.315243,0.39916706,34.15278,21.315243,0.40746695,,,,,,,,,,,,,,,,,,,,,,,,,,,,,,,,,,,,,,,,,,,,,,,,,,,,,,,,,,,,,34.15278,21.315243,0.34188378,34.15278,21.315243,-0.12546313,,,,,,,,,,,,,,,,,,,,,,,,,,,,,,,,,,,,,,,,,,,,,,,,,,,,,,,,,,,,,,,
34.15278,21.345222,0.40129408,34.15278,21.345222,0.4078685,,,,,,,,,,,,,,,,,,,,,,,,,,,,,,,,,,,,,,,,,,,,,,,,,,,,,,,,,,,,,34.15278,21.345222,0.6615128,34.15278,21.345222,-0.045804195,,,,,,,,,,,,,,,,,,,,,,,,,,,,,,,,,,,,,,,,,,,,,,,,,,,,,,,,,,,,,,,
34.15278,21.375202,0.39645994,34.15278,21.375202,0.41030788,,,,,,,,,,,,,,,,,,,,,,,,,,,,,,,,,,,,,,,,,,,,,,,,,,,,,,,,,,,,,34.15278,21.375202,-0.019928297,34.15278,21.375202,0.29799333,,,,,,,,,,,,,,,,,,,,,,,,,,,,,,,,,,,,,,,,,,,,,,,,,,,,,,,,,,,,,,,
34.15278,21.405182,0.3935148,34.15278,21.405182,0.40867174,,,,,,,,,,,,,,,,,,,,,,,,,,,,,,,,,,,,,,,,,,,,,,,,,,,,,,,,,,,,,34.15278,21.405182,-0.40100428,34.15278,21.405182,0.06227524,,,,,,,,,,,,,,,,,,,,,,,,,,,,,,,,,,,,,,,,,,,,,,,,,,,,,,,,,,,,,,,
34.15278,21.435162,0.39134315,34.15278,21.435162,0.40917742,,,,,,,,,,,,,,,,,,,,,,,,,,,,,,,,,,,,,,,,,,,,,,,,,,,,,,,,,,,,,34.15278,21.435162,-0.7610796,34.15278,21.435162,0.1339677,,,,,,,,,,,,,,,,,,,,,,,,,,,,,,,,,,,,,,,,,,,,,,,,,,,,,,,,,,,,,,,
34.15278,21.46514,0.39817044,34.15278,21.46514,0.4040607,,,,,,,,,,,,,,,,,,,,,,,,,,,,,,,,,,,,,,,,,,,,,,,,,,,,,,,,,,,,,34.15278,21.46514,0.23031051,34.15278,21.46514,-0.59615815,,,,,,,,,,,,,,,,,,,,,,,,,,,,,,,,,,,,,,,,,,,,,,,,,,,,,,,,,,,,,,,
34.15278,21.49512,0.3958352,34.15278,21.49512,0.40688682,,,,,,,,,,,,,,,,,,,,,,,,,,,,,,,,,,,,,,,,,,,,,,,,,,,,,,,,,,,,,34.15278,21.49512,-0.10697769,34.15278,21.49512,-0.21196288,,,,,,,,,,,,,,,,,,,,,,,,,,,,,,,,,,,,,,,,,,,,,,,,,,,,,,,,,,,,,,,
34.15278,21.525099,0.3958947,34.15278,21.525099,0.40975755,,,,,,,,,,,,,,,,,,,,,,,,,,,,,,,,,,,,,,,,,,,,,,,,,,,,,,,,,,,,,34.15278,21.525099,-0.09302486,34.15278,21.525099,0.19490436,,,,,,,,,,,,,,,,,,,,,,,,,,,,,,,,,,,,,,,,,,,,,,,,,,,,,,,,,,,,,,,
34.15278,21.555079,0.39286032,34.15278,21.555079,0.4077049,,,,,,,,,,,,,,,,,,,,,,,,,,,,,,,,,,,,,,,,,,,,,,,,,,,,,,,,,,,,,34.15278,21.555079,-0.48999268,34.15278,21.555079,-0.09955194,,,,,,,,,,,,,,,,,,,,,,,,,,,,,,,,,,,,,,,,,,,,,,,,,,,,,,,,,,,,,,,
34.15278,21.585056,0.3989588,34.15278,21.585056,0.4103525,,,,,,,,,,,,,,,,,,,,,,,,,,,,,,,,,,,,,,,,,,,,,,,,,,,,,,,,,,,,,34.15278,21.585056,0.3887575,34.15278,21.585056,0.26604927,,,,,,,,,,,,,,,,,,,,,,,,,,,,,,,,,,,,,,,,,,,,,,,,,,,,,,,,,,,,,,,
34.15278,21.615036,0.40056524,34.15278,21.615036,0.40892458,,,,,,,,,,,,,,,,,,,,,,,,,,,,,,,,,,,,,,,,,,,,,,,,,,,,,,,,,,,,,34.15278,21.615036,0.5270871,34.15278,21.615036,0.078708805,,,,,,,,,,,,,,,,,,,,,,,,,,,,,,,,,,,,,,,,,,,,,,,,,,,,,,,,,,,,,,,
34.15278,21.645016,0.39647478,34.15278,21.645016,0.40885022,,,,,,,,,,,,,,,,,,,,,,,,,,,,,,,,,,,,,,,,,,,,,,,,,,,,,,,,,,,,,34.15278,21.645016,-0.011114727,34.15278,21.645016,0.052181765,,,,,,,,,,,,,,,,,,,,,,,,,,,,,,,,,,,,,,,,,,,,,,,,,,,,,,,,,,,,,,,
34.15278,21.674995,0.39384204,34.15278,21.674995,0.40434328,,,,,,,,,,,,,,,,,,,,,,,,,,,,,,,,,,,,,,,,,,,,,,,,,,,,,,,,,,,,,34.15278,21.674995,-0.37562215,34.15278,21.674995,-0.5637702,,,,,,,,,,,,,,,,,,,,,,,,,,,,,,,,,,,,,,,,,,,,,,,,,,,,,,,,,,,,,,,
34.15278,21.704973,0.39436263,34.15278,21.704973,0.40550348,,,,,,,,,,,,,,,,,,,,,,,,,,,,,,,,,,,,,,,,,,,,,,,,,,,,,,,,,,,,,34.15278,21.704973,-0.33312705,34.15278,21.704973,-0.39707628,,,,,,,,,,,,,,,,,,,,,,,,,,,,,,,,,,,,,,,,,,,,,,,,,,,,,,,,,,,,,,,
34.15278,21.734953,0.3984382,34.15278,21.734953,0.40950474,,,,,,,,,,,,,,,,,,,,,,,,,,,,,,,,,,,,,,,,,,,,,,,,,,,,,,,,,,,,,34.15278,21.734953,0.2457299,34.15278,21.734953,0.1925906,,,,,,,,,,,,,,,,,,,,,,,,,,,,,,,,,,,,,,,,,,,,,,,,,,,,,,,,,,,,,,,
34.15278,21.764933,0.39907777,34.15278,21.764933,0.40870148,,,,,,,,,,,,,,,,,,,,,,,,,,,,,,,,,,,,,,,,,,,,,,,,,,,,,,,,,,,,,34.15278,21.764933,0.37291038,34.15278,21.764933,0.043098066,,,,,,,,,,,,,,,,,,,,,,,,,,,,,,,,,,,,,,,,,,,,,,,,,,,,,,,,,,,,,,,
34.15278,21.794912,0.39452624,34.15278,21.794912,0.410769,,,,,,,,,,,,,,,,,,,,,,,,,,,,,,,,,,,,,,,,,,,,,,,,,,,,,,,,,,,,,34.15278,21.794912,-0.31155223,34.15278,21.794912,0.3412828,,,,,,,,,,,,,,,,,,,,,,,,,,,,,,,,,,,,,,,,,,,,,,,,,,,,,,,,,,,,,,,
34.15278,21.82489,0.39784324,34.15278,21.82489,0.41183996,,,,,,,,,,,,,,,,,,,,,,,,,,,,,,,,,,,,,,,,,,,,,,,,,,,,,,,,,,,,,34.15278,21.82489,0.17915525,34.15278,21.82489,0.4950125,,,,,,,,,,,,,,,,,,,,,,,,,,,,,,,,,,,,,,,,,,,,,,,,,,,,,,,,,,,,,,,
34.15278,21.85487,0.39718878,34.15278,21.85487,0.4093857,,,,,,,,,,,,,,,,,,,,,,,,,,,,,,,,,,,,,,,,,,,,,,,,,,,,,,,,,,,,,34.15278,21.85487,0.11169335,34.15278,21.85487,0.11302226,,,,,,,,,,,,,,,,,,,,,,,,,,,,,,,,,,,,,,,,,,,,,,,,,,,,,,,,,,,,,,,
34.15278,21.88485,0.39283058,34.15278,21.88485,0.40791312,,,,,,,,,,,,,,,,,,,,,,,,,,,,,,,,,,,,,,,,,,,,,,,,,,,,,,,,,,,,,34.15278,21.88485,-0.49454677,34.15278,21.88485,-0.03905409,,,,,,,,,,,,,,,,,,,,,,,,,,,,,,,,,,,,,,,,,,,,,,,,,,,,,,,,,,,,,,,
34.15278,21.91483,0.39797708,34.15278,21.91483,0.41012943,,,,,,,,,,,,,,,,,,,,,,,,,,,,,,,,,,,,,,,,,,,,,,,,,,,,,,,,,,,,,34.15278,21.91483,0.1961267,34.15278,21.91483,0.25492054,,,,,,,,,,,,,,,,,,,,,,,,,,,,,,,,,,,,,,,,,,,,,,,,,,,,,,,,,,,,,,,
34.15278,21.944807,0.39632607,34.15278,21.944807,0.40795773,,,,,,,,,,,,,,,,,,,,,,,,,,,,,,,,,,,,,,,,,,,,,,,,,,,,,,,,,,,,,34.15278,21.944807,-0.06545997,34.15278,21.944807,-0.05987672,,,,,,,,,,,,,,,,,,,,,,,,,,,,,,,,,,,,,,,,,,,,,,,,,,,,,,,,,,,,,,,
34.15278,21.974787,0.3943329,34.15278,21.974787,0.40611333,,,,,,,,,,,,,,,,,,,,,,,,,,,,,,,,,,,,,,,,,,,,,,,,,,,,,,,,,,,,,34.15278,21.974787,-0.29263496,34.15278,21.974787,-0.34096432,,,,,,,,,,,,,,,,,,,,,,,,,,,,,,,,,,,,,,,,,,,,,,,,,,,,,,,,,,,,,,,
34.15278,22.004766,0.39564183,34.15278,22.004766,0.40923697,,,,,,,,,,,,,,,,,,,,,,,,,,,,,,,,,,,,,,,,,,,,,,,,,,,,,,,,,,,,,34.15278,22.004766,-0.14344884,34.15278,22.004766,0.14721595,,,,,,,,,,,,,,,,,,,,,,,,,,,,,,,,,,,,,,,,,,,,,,,,,,,,,,,,,,,,,,,
34.15278,22.034746,0.3989439,34.15278,22.034746,0.41067973,,,,,,,,,,,,,,,,,,,,,,,,,,,,,,,,,,,,,,,,,,,,,,,,,,,,,,,,,,,,,34.15278,22.034746,0.34907806,34.15278,22.034746,0.35394824,,,,,,,,,,,,,,,,,,,,,,,,,,,,,,,,,,,,,,,,,,,,,,,,,,,,,,,,,,,,,,,
34.15278,22.064724,0.3984233,34.15278,22.064724,0.40354007,,,,,,,,,,,,,,,,,,,,,,,,,,,,,,,,,,,,,,,,,,,,,,,,,,,,,,,,,,,,,34.15278,22.064724,0.2797712,34.15278,22.064724,-0.7058493,,,,,,,,,,,,,,,,,,,,,,,,,,,,,,,,,,,,,,,,,,,,,,,,,,,,,,,,,,,,,,,
34.15278,22.094704,0.3970549,34.15278,22.094704,0.41079876,,,,,,,,,,,,,,,,,,,,,,,,,,,,,,,,,,,,,,,,,,,,,,,,,,,,,,,,,,,,,34.15278,22.094704,0.108095735,34.15278,22.094704,0.3391471,,,,,,,,,,,,,,,,,,,,,,,,,,,,,,,,,,,,,,,,,,,,,,,,,,,,,,,,,,,,,,,
34.15278,22.124683,0.38995984,34.15278,22.124683,0.40862706,,,,,,,,,,,,,,,,,,,,,,,,,,,,,,,,,,,,,,,,,,,,,,,,,,,,,,,,,,,,,34.15278,22.124683,-0.9599999,34.15278,22.124683,0.032642167,,,,,,,,,,,,,,,,,,,,,,,,,,,,,,,,,,,,,,,,,,,,,,,,,,,,,,,,,,,,,,,
34.15278,22.154663,0.3999851,34.15278,22.154663,0.4148892,,,,,,,,,,,,,,,,,,,,,,,,,,,,,,,,,,,,,,,,,,,,,,,,,,,,,,,,,,,,,34.15278,22.154663,0.5229018,34.15278,22.154663,0.93358123,,,,,,,,,,,,,,,,,,,,,,,,,,,,,,,,,,,,,,,,,,,,,,,,,,,,,,,,,,,,,,,
34.15278,22.184643,0.39704,34.15278,22.184643,0.4111855,,,,,,,,,,,,,,,,,,,,,,,,,,,,,,,,,,,,,,,,,,,,,,,,,,,,,,,,,,,,,34.15278,22.184643,0.073406845,34.15278,22.184643,0.4234997,,,,,,,,,,,,,,,,,,,,,,,,,,,,,,,,,,,,,,,,,,,,,,,,,,,,,,,,,,,,,,,
34.15278,22.21462,0.39280084,34.15278,22.21462,0.40632156,,,,,,,,,,,,,,,,,,,,,,,,,,,,,,,,,,,,,,,,,,,,,,,,,,,,,,,,,,,,,34.15278,22.21462,-0.55136997,34.15278,22.21462,-0.3037234,,,,,,,,,,,,,,,,,,,,,,,,,,,,,,,,,,,,,,,,,,,,,,,,,,,,,,,,,,,,,,,
34.15278,22.2446,0.39980662,34.15278,22.2446,0.41197383,,,,,,,,,,,,,,,,,,,,,,,,,,,,,,,,,,,,,,,,,,,,,,,,,,,,,,,,,,,,,34.15278,22.2446,0.4939705,34.15278,22.2446,0.4810639,,,,,,,,,,,,,,,,,,,,,,,,,,,,,,,,,,,,,,,,,,,,,,,,,,,,,,,,,,,,,,,
34.15278,22.27458,0.39721847,34.15278,22.27458,0.4059497,,,,,,,,,,,,,,,,,,,,,,,,,,,,,,,,,,,,,,,,,,,,,,,,,,,,,,,,,,,,,34.15278,22.27458,0.14313096,34.15278,22.27458,-0.3913556,,,,,,,,,,,,,,,,,,,,,,,,,,,,,,,,,,,,,,,,,,,,,,,,,,,,,,,,,,,,,,,
34.15278,22.30456,0.39687642,34.15278,22.30456,0.4061282,,,,,,,,,,,,,,,,,,,,,,,,,,,,,,,,,,,,,,,,,,,,,,,,,,,,,,,,,,,,,34.15278,22.30456,-0.0016381376,34.15278,22.30456,-0.28073013,,,,,,,,,,,,,,,,,,,,,,,,,,,,,,,,,,,,,,,,,,,,,,,,,,,,,,,,,,,,,,,
34.15278,22.334538,0.39509147,34.15278,22.334538,0.40578613,,,,,,,,,,,,,,,,,,,,,,,,,,,,,,,,,,,,,,,,,,,,,,,,,,,,,,,,,,,,,34.15278,22.334538,-0.19936332,34.15278,22.334538,-0.3959553,,,,,,,,,,,,,,,,,,,,,,,,,,,,,,,,,,,,,,,,,,,,,,,,,,,,,,,,,,,,,,,
34.15278,22.364517,0.3932768,34.15278,22.364517,0.40728843,,,,,,,,,,,,,,,,,,,,,,,,,,,,,,,,,,,,,,,,,,,,,,,,,,,,,,,,,,,,,34.15278,22.364517,-0.4929892,34.15278,22.364517,-0.16131644,,,,,,,,,,,,,,,,,,,,,,,,,,,,,,,,,,,,,,,,,,,,,,,,,,,,,,,,,,,,,,,
34.15278,22.394497,0.39869106,34.15278,22.394497,0.4109177,,,,,,,,,,,,,,,,,,,,,,,,,,,,,,,,,,,,,,,,,,,,,,,,,,,,,,,,,,,,,34.15278,22.394497,0.30387056,34.15278,22.394497,0.3162435,,,,,,,,,,,,,,,,,,,,,,,,,,,,,,,,,,,,,,,,,,,,,,,,,,,,,,,,,,,,,,,
34.15278,22.424477,0.39657894,34.15278,22.424477,0.40624723,,,,,,,,,,,,,,,,,,,,,,,,,,,,,,,,,,,,,,,,,,,,,,,,,,,,,,,,,,,,,34.15278,22.424477,0.011202776,34.15278,22.424477,-0.32140473,,,,,,,,,,,,,,,,,,,,,,,,,,,,,,,,,,,,,,,,,,,,,,,,,,,,,,,,,,,,,,,
34.15278,22.454454,0.39803657,34.15278,22.454454,0.40957907,,,,,,,,,,,,,,,,,,,,,,,,,,,,,,,,,,,,,,,,,,,,,,,,,,,,,,,,,,,,,34.15278,22.454454,0.17053637,34.15278,22.454454,0.17415561,,,,,,,,,,,,,,,,,,,,,,,,,,,,,,,,,,,,,,,,,,,,,,,,,,,,,,,,,,,,,,,
34.15278,22.484434,0.39556745,34.15278,22.484434,0.4077049,,,,,,,,,,,,,,,,,,,,,,,,,,,,,,,,,,,,,,,,,,,,,,,,,,,,,,,,,,,,,34.15278,22.484434,-0.16344942,34.15278,22.484434,-0.09063644,,,,,,,,,,,,,,,,,,,,,,,,,,,,,,,,,,,,,,,,,,,,,,,,,,,,,,,,,,,,,,,
34.15278,22.514414,0.3989439,34.15278,22.514414,0.40776438,,,,,,,,,,,,,,,,,,,,,,,,,,,,,,,,,,,,,,,,,,,,,,,,,,,,,,,,,,,,,34.15278,22.514414,0.3143265,34.15278,22.514414,-0.08749009,,,,,,,,,,,,,,,,,,,,,,,,,,,,,,,,,,,,,,,,,,,,,,,,,,,,,,,,,,,,,,,
34.15278,22.544394,0.39199764,34.15278,22.544394,0.40995088,,,,,,,,,,,,,,,,,,,,,,,,,,,,,,,,,,,,,,,,,,,,,,,,,,,,,,,,,,,,,34.15278,22.544394,-0.63027513,34.15278,22.544394,0.18540245,,,,,,,,,,,,,,,,,,,,,,,,,,,,,,,,,,,,,,,,,,,,,,,,,,,,,,,,,,,,,,,
34.15278,22.574371,0.39702517,34.15278,22.574371,0.40696117,,,,,,,,,,,,,,,,,,,,,,,,,,,,,,,,,,,,,,,,,,,,,,,,,,,,,,,,,,,,,34.15278,22.574371,0.061555464,34.15278,22.574371,-0.22246963,,,,,,,,,,,,,,,,,,,,,,,,,,,,,,,,,,,,,,,,,,,,,,,,,,,,,,,,,,,,,,,
34.15278,22.604351,0.39724827,34.15278,22.604351,0.4083147,,,,,,,,,,,,,,,,,,,,,,,,,,,,,,,,,,,,,,,,,,,,,,,,,,,,,,,,,,,,,34.15278,22.604351,0.08934,34.15278,22.604351,-0.015406168,,,,,,,,,,,,,,,,,,,,,,,,,,,,,,,,,,,,,,,,,,,,,,,,,,,,,,,,,,,,,,,
34.15278,22.63433,0.39602852,34.15278,22.63433,0.40484905,,,,,,,,,,,,,,,,,,,,,,,,,,,,,,,,,,,,,,,,,,,,,,,,,,,,,,,,,,,,,34.15278,22.63433,-0.041112926,34.15278,22.63433,-0.503853,,,,,,,,,,,,,,,,,,,,,,,,,,,,,,,,,,,,,,,,,,,,,,,,,,,,,,,,,,,,,,,
34.15278,22.66431,0.39318758,34.15278,22.66431,0.41018888,,,,,,,,,,,,,,,,,,,,,,,,,,,,,,,,,,,,,,,,,,,,,,,,,,,,,,,,,,,,,34.15278,22.66431,-0.43099654,34.15278,22.66431,0.25212693,,,,,,,,,,,,,,,,,,,,,,,,,,,,,,,,,,,,,,,,,,,,,,,,,,,,,,,,,,,,,,,
34.15278,22.694288,0.3975457,34.15278,22.694288,0.41014427,,,,,,,,,,,,,,,,,,,,,,,,,,,,,,,,,,,,,,,,,,,,,,,,,,,,,,,,,,,,,34.15278,22.694288,0.17423938,34.15278,22.694288,0.27408117,,,,,,,,,,,,,,,,,,,,,,,,,,,,,,,,,,,,,,,,,,,,,,,,,,,,,,,,,,,,,,,
34.15278,22.724268,0.3984382,34.15278,22.724268,0.40443254,,,,,,,,,,,,,,,,,,,,,,,,,,,,,,,,,,,,,,,,,,,,,,,,,,,,,,,,,,,,,34.15278,22.724268,0.30839694,34.15278,22.724268,-0.5458379,,,,,,,,,,,,,,,,,,,,,,,,,,,,,,,,,,,,,,,,,,,,,,,,,,,,,,,,,,,,,,,
34.15278,22.754248,0.40072882,34.15278,22.754248,0.41200358,,,,,,,,,,,,,,,,,,,,,,,,,,,,,,,,,,,,,,,,,,,,,,,,,,,,,,,,,,,,,34.15278,22.754248,0.5817979,34.15278,22.754248,0.5139997,,,,,,,,,,,,,,,,,,,,,,,,,,,,,,,,,,,,,,,,,,,,,,,,,,,,,,,,,,,,,,,
34.15278,22.784227,0.39955375,34.15278,22.784227,0.40998062,,,,,,,,,,,,,,,,,,,,,,,,,,,,,,,,,,,,,,,,,,,,,,,,,,,,,,,,,,,,,34.15278,22.784227,0.42549413,34.15278,22.784227,0.25705114,,,,,,,,,,,,,,,,,,,,,,,,,,,,,,,,,,,,,,,,,,,,,,,,,,,,,,,,,,,,,,,
34.15278,22.814205,0.39351478,34.15278,22.814205,0.40627694,,,,,,,,,,,,,,,,,,,,,,,,,,,,,,,,,,,,,,,,,,,,,,,,,,,,,,,,,,,,,34.15278,22.814205,-0.46202183,34.15278,22.814205,-0.30304307,,,,,,,,,,,,,,,,,,,,,,,,,,,,,,,,,,,,,,,,,,,,,,,,,,,,,,,,,,,,,,,
34.15278,22.844185,0.3948237,34.15278,22.844185,0.4114086,,,,,,,,,,,,,,,,,,,,,,,,,,,,,,,,,,,,,,,,,,,,,,,,,,,,,,,,,,,,,34.15278,22.844185,-0.24915022,34.15278,22.844185,0.45740256,,,,,,,,,,,,,,,,,,,,,,,,,,,,,,,,,,,,,,,,,,,,,,,,,,,,,,,,,,,,,,,
34.15278,22.874165,0.39943478,34.15278,22.874165,0.40502754,,,,,,,,,,,,,,,,,,,,,,,,,,,,,,,,,,,,,,,,,,,,,,,,,,,,,,,,,,,,,34.15278,22.874165,0.41418457,34.15278,22.874165,-0.45946598,,,,,,,,,,,,,,,,,,,,,,,,,,,,,,,,,,,,,,,,,,,,,,,,,,,,,,,,,,,,,,,
34.15278,22.904144,0.38872528,34.15278,22.904144,0.4013982,,,,,,,,,,,,,,,,,,,,,,,,,,,,,,,,,,,,,,,,,,,,,,,,,,,,,,,,,,,,,34.15278,22.904144,-1.1013265,34.15278,22.904144,-0.9846543,,,,,,,,,,,,,,,,,,,,,,,,,,,,,,,,,,,,,,,,,,,,,,,,,,,,,,,,,,,,,,,
34.15278,22.934122,0.39369333,34.15278,22.934122,0.4097129,,,,,,,,,,,,,,,,,,,,,,,,,,,,,,,,,,,,,,,,,,,,,,,,,,,,,,,,,,,,,34.15278,22.934122,-0.39531505,34.15278,22.934122,0.20942308,,,,,,,,,,,,,,,,,,,,,,,,,,,,,,,,,,,,,,,,,,,,,,,,,,,,,,,,,,,,,,,
34.15278,22.964102,0.3944519,34.15278,22.964102,0.41344637,,,,,,,,,,,,,,,,,,,,,,,,,,,,,,,,,,,,,,,,,,,,,,,,,,,,,,,,,,,,,34.15278,22.964102,-0.32284513,34.15278,22.964102,0.6938334,,,,,,,,,,,,,,,,,,,,,,,,,,,,,,,,,,,,,,,,,,,,,,,,,,,,,,,,,,,,,,,
34.15278,22.994081,0.39529973,34.15278,22.994081,0.40678272,,,,,,,,,,,,,,,,,,,,,,,,,,,,,,,,,,,,,,,,,,,,,,,,,,,,,,,,,,,,,34.15278,22.994081,-0.16939448,34.15278,22.994081,-0.2551153,,,,,,,,,,,,,,,,,,,,,,,,,,,,,,,,,,,,,,,,,,,,,,,,,,,,,,,,,,,,,,,
34.15278,23.024061,0.39598396,34.15278,23.024061,0.41408595,,,,,,,,,,,,,,,,,,,,,,,,,,,,,,,,,,,,,,,,,,,,,,,,,,,,,,,,,,,,,34.15278,23.024061,-0.055122454,34.15278,23.024061,0.8262579,,,,,,,,,,,,,,,,,,,,,,,,,,,,,,,,,,,,,,,,,,,,,,,,,,,,,,,,,,,,,,,
34.15278,23.05404,0.39704,34.15278,23.05404,0.4096088,,,,,,,,,,,,,,,,,,,,,,,,,,,,,,,,,,,,,,,,,,,,,,,,,,,,,,,,,,,,,34.15278,23.05404,0.051330075,34.15278,23.05404,0.19713992,,,,,,,,,,,,,,,,,,,,,,,,,,,,,,,,,,,,,,,,,,,,,,,,,,,,,,,,,,,,,,,
34.15278,23.084019,0.39498737,34.15278,23.084019,0.40926668,,,,,,,,,,,,,,,,,,,,,,,,,,,,,,,,,,,,,,,,,,,,,,,,,,,,,,,,,,,,,34.15278,23.084019,-0.2075881,34.15278,23.084019,0.13292204,,,,,,,,,,,,,,,,,,,,,,,,,,,,,,,,,,,,,,,,,,,,,,,,,,,,,,,,,,,,,,,
34.15278,23.113998,0.39250335,34.15278,23.113998,0.40757102,,,,,,,,,,,,,,,,,,,,,,,,,,,,,,,,,,,,,,,,,,,,,,,,,,,,,,,,,,,,,34.15278,23.113998,-0.6075684,34.15278,23.113998,-0.1258864,,,,,,,,,,,,,,,,,,,,,,,,,,,,,,,,,,,,,,,,,,,,,,,,,,,,,,,,,,,,,,,
34.15278,23.143978,0.40063962,34.15278,23.143978,0.41094747,,,,,,,,,,,,,,,,,,,,,,,,,,,,,,,,,,,,,,,,,,,,,,,,,,,,,,,,,,,,,34.15278,23.143978,0.61794925,34.15278,23.143978,0.3790512,,,,,,,,,,,,,,,,,,,,,,,,,,,,,,,,,,,,,,,,,,,,,,,,,,,,,,,,,,,,,,,
34.15278,23.173958,0.3918489,34.15278,23.173958,0.4050573,,,,,,,,,,,,,,,,,,,,,,,,,,,,,,,,,,,,,,,,,,,,,,,,,,,,,,,,,,,,,34.15278,23.173958,-0.6683292,34.15278,23.173958,-0.49555647,,,,,,,,,,,,,,,,,,,,,,,,,,,,,,,,,,,,,,,,,,,,,,,,,,,,,,,,,,,,,,,
34.15278,23.203936,0.39924142,34.15278,23.203936,0.40940055,,,,,,,,,,,,,,,,,,,,,,,,,,,,,,,,,,,,,,,,,,,,,,,,,,,,,,,,,,,,,34.15278,23.203936,0.38895977,34.15278,23.203936,0.13208768,,,,,,,,,,,,,,,,,,,,,,,,,,,,,,,,,,,,,,,,,,,,,,,,,,,,,,,,,,,,,,,
34.15278,23.233915,0.40022314,34.15278,23.233915,0.40800235,,,,,,,,,,,,,,,,,,,,,,,,,,,,,,,,,,,,,,,,,,,,,,,,,,,,,,,,,,,,,34.15278,23.233915,0.5455727,34.15278,23.233915,-0.055572286,,,,,,,,,,,,,,,,,,,,,,,,,,,,,,,,,,,,,,,,,,,,,,,,,,,,,,,,,,,,,,,
34.15278,23.263895,0.39778376,34.15278,23.263895,0.4074372,,,,,,,,,,,,,,,,,,,,,,,,,,,,,,,,,,,,,,,,,,,,,,,,,,,,,,,,,,,,,34.15278,23.263895,0.16426502,34.15278,23.263895,-0.16364871,,,,,,,,,,,,,,,,,,,,,,,,,,,,,,,,,,,,,,,,,,,,,,,,,,,,,,,,,,,,,,,
34.15278,23.293875,0.3989142,34.15278,23.293875,0.40858245,,,,,,,,,,,,,,,,,,,,,,,,,,,,,,,,,,,,,,,,,,,,,,,,,,,,,,,,,,,,,34.15278,23.293875,0.37400955,34.15278,23.293875,0.015838198,,,,,,,,,,,,,,,,,,,,,,,,,,,,,,,,,,,,,,,,,,,,,,,,,,,,,,,,,,,,,,,
34.15278,23.323853,0.39790273,34.15278,23.323853,0.4087015,,,,,,,,,,,,,,,,,,,,,,,,,,,,,,,,,,,,,,,,,,,,,,,,,,,,,,,,,,,,,34.15278,23.323853,0.18389851,34.15278,23.323853,0.05006908,,,,,,,,,,,,,,,,,,,,,,,,,,,,,,,,,,,,,,,,,,,,,,,,,,,,,,,,,,,,,,,
34.15278,23.353832,0.39805147,34.15278,23.353832,0.41020378,,,,,,,,,,,,,,,,,,,,,,,,,,,,,,,,,,,,,,,,,,,,,,,,,,,,,,,,,,,,,34.15278,23.353832,0.26395595,34.15278,23.353832,0.2705997,,,,,,,,,,,,,,,,,,,,,,,,,,,,,,,,,,,,,,,,,,,,,,,,,,,,,,,,,,,,,,,
34.15278,23.383812,0.39715898,34.15278,23.383812,0.4115722,,,,,,,,,,,,,,,,,,,,,,,,,,,,,,,,,,,,,,,,,,,,,,,,,,,,,,,,,,,,,34.15278,23.383812,0.108697444,34.15278,23.383812,0.43402076,,,,,,,,,,,,,,,,,,,,,,,,,,,,,,,,,,,,,,,,,,,,,,,,,,,,,,,,,,,,,,,
34.15278,23.413792,0.4009371,34.15278,23.413792,0.40670833,,,,,,,,,,,,,,,,,,,,,,,,,,,,,,,,,,,,,,,,,,,,,,,,,,,,,,,,,,,,,34.15278,23.413792,0.6200051,34.15278,23.413792,-0.24394777,,,,,,,,,,,,,,,,,,,,,,,,,,,,,,,,,,,,,,,,,,,,,,,,,,,,,,,,,,,,,,,
34.15278,23.44377,0.39546332,34.15278,23.44377,0.41149786,,,,,,,,,,,,,,,,,,,,,,,,,,,,,,,,,,,,,,,,,,,,,,,,,,,,,,,,,,,,,34.15278,23.44377,-0.17344159,34.15278,23.44377,0.42955628,,,,,,,,,,,,,,,,,,,,,,,,,,,,,,,,,,,,,,,,,,,,,,,,,,,,,,,,,,,,,,,
34.15278,23.47375,0.3979622,34.15278,23.47375,0.40764537,,,,,,,,,,,,,,,,,,,,,,,,,,,,,,,,,,,,,,,,,,,,,,,,,,,,,,,,,,,,,34.15278,23.47375,0.18403117,34.15278,23.47375,-0.110773996,,,,,,,,,,,,,,,,,,,,,,,,,,,,,,,,,,,,,,,,,,,,,,,,,,,,,,,,,,,,,,,
34.15278,23.503729,0.39593932,34.15278,23.503729,0.4135654,,,,,,,,,,,,,,,,,,,,,,,,,,,,,,,,,,,,,,,,,,,,,,,,,,,,,,,,,,,,,34.15278,23.503729,-0.11530051,34.15278,23.503729,0.738269,,,,,,,,,,,,,,,,,,,,,,,,,,,,,,,,,,,,,,,,,,,,,,,,,,,,,,,,,,,,,,,
34.15278,23.533709,0.39730775,34.15278,23.533709,0.41039714,,,,,,,,,,,,,,,,,,,,,,,,,,,,,,,,,,,,,,,,,,,,,,,,,,,,,,,,,,,,,34.15278,23.533709,0.10219068,34.15278,23.533709,0.26273048,,,,,,,,,,,,,,,,,,,,,,,,,,,,,,,,,,,,,,,,,,,,,,,,,,,,,,,,,,,,,,,
34.15278,23.563686,0.39788783,34.15278,23.563686,0.40865684,,,,,,,,,,,,,,,,,,,,,,,,,,,,,,,,,,,,,,,,,,,,,,,,,,,,,,,,,,,,,34.15278,23.563686,0.20055968,34.15278,23.563686,0.046552427,,,,,,,,,,,,,,,,,,,,,,,,,,,,,,,,,,,,,,,,,,,,,,,,,,,,,,,,,,,,,,,
34.15278,23.593666,0.3992563,34.15278,23.593666,0.40566713,,,,,,,,,,,,,,,,,,,,,,,,,,,,,,,,,,,,,,,,,,,,,,,,,,,,,,,,,,,,,34.15278,23.593666,0.42165354,34.15278,23.593666,-0.36469394,,,,,,,,,,,,,,,,,,,,,,,,,,,,,,,,,,,,,,,,,,,,,,,,,,,,,,,,,,,,,,,
34.15278,23.623646,0.3986762,34.15278,23.623646,0.4058159,,,,,,,,,,,,,,,,,,,,,,,,,,,,,,,,,,,,,,,,,,,,,,,,,,,,,,,,,,,,,34.15278,23.623646,0.31160444,34.15278,23.623646,-0.3989055,,,,,,,,,,,,,,,,,,,,,,,,,,,,,,,,,,,,,,,,,,,,,,,,,,,,,,,,,,,,,,,
34.15278,23.653625,0.39309832,34.15278,23.653625,0.4061133,,,,,,,,,,,,,,,,,,,,,,,,,,,,,,,,,,,,,,,,,,,,,,,,,,,,,,,,,,,,,34.15278,23.653625,-0.44963142,34.15278,23.653625,-0.27695775,,,,,,,,,,,,,,,,,,,,,,,,,,,,,,,,,,,,,,,,,,,,,,,,,,,,,,,,,,,,,,,
34.15278,23.683603,0.3994943,34.15278,23.683603,0.40779412,,,,,,,,,,,,,,,,,,,,,,,,,,,,,,,,,,,,,,,,,,,,,,,,,,,,,,,,,,,,,34.15278,23.683603,0.4448425,34.15278,23.683603,-0.04620734,,,,,,,,,,,,,,,,,,,,,,,,,,,,,,,,,,,,,,,,,,,,,,,,,,,,,,,,,,,,,,,
34.15278,23.713583,0.39651945,34.15278,23.713583,0.40828496,,,,,,,,,,,,,,,,,,,,,,,,,,,,,,,,,,,,,,,,,,,,,,,,,,,,,,,,,,,,,34.15278,23.713583,-0.049770594,34.15278,23.713583,0.005898671,,,,,,,,,,,,,,,,,,,,,,,,,,,,,,,,,,,,,,,,,,,,,,,,,,,,,,,,,,,,,,,
34.15278,23.743563,0.3936189,34.15278,23.743563,0.40675294,,,,,,,,,,,,,,,,,,,,,,,,,,,,,,,,,,,,,,,,,,,,,,,,,,,,,,,,,,,,,34.15278,23.743563,-0.40973112,34.15278,23.743563,-0.20800588,,,,,,,,,,,,,,,,,,,,,,,,,,,,,,,,,,,,,,,,,,,,,,,,,,,,,,,,,,,,,,,
34.15278,23.773542,0.3958649,34.15278,23.773542,0.41015914,,,,,,,,,,,,,,,,,,,,,,,,,,,,,,,,,,,,,,,,,,,,,,,,,,,,,,,,,,,,,34.15278,23.773542,-0.06886666,34.15278,23.773542,0.245112,,,,,,,,,,,,,,,,,,,,,,,,,,,,,,,,,,,,,,,,,,,,,,,,,,,,,,,,,,,,,,,
34.15278,23.80352,0.39339584,34.15278,23.80352,0.4069314,,,,,,,,,,,,,,,,,,,,,,,,,,,,,,,,,,,,,,,,,,,,,,,,,,,,,,,,,,,,,34.15278,23.80352,-0.46264002,34.15278,23.80352,-0.23039696,,,,,,,,,,,,,,,,,,,,,,,,,,,,,,,,,,,,,,,,,,,,,,,,,,,,,,,,,,,,,,,
34.15278,23.8335,0.40004462,34.15278,23.8335,0.40935597,,,,,,,,,,,,,,,,,,,,,,,,,,,,,,,,,,,,,,,,,,,,,,,,,,,,,,,,,,,,,34.15278,23.8335,0.5274467,34.15278,23.8335,0.15912451,,,,,,,,,,,,,,,,,,,,,,,,,,,,,,,,,,,,,,,,,,,,,,,,,,,,,,,,,,,,,,,
34.15278,23.86348,0.39577568,34.15278,23.86348,0.4116317,,,,,,,,,,,,,,,,,,,,,,,,,,,,,,,,,,,,,,,,,,,,,,,,,,,,,,,,,,,,,34.15278,23.86348,-0.11062637,34.15278,23.86348,0.44273075,,,,,,,,,,,,,,,,,,,,,,,,,,,,,,,,,,,,,,,,,,,,,,,,,,,,,,,,,,,,,,,
34.15278,23.89346,0.39839357,34.15278,23.89346,0.4074967,,,,,,,,,,,,,,,,,,,,,,,,,,,,,,,,,,,,,,,,,,,,,,,,,,,,,,,,,,,,,34.15278,23.89346,0.29328647,34.15278,23.89346,-0.11599966,,,,,,,,,,,,,,,,,,,,,,,,,,,,,,,,,,,,,,,,,,,,,,,,,,,,,,,,,,,,,,,
34.15278,23.923439,0.3917745,34.15278,23.923439,0.40487877,,,,,,,,,,,,,,,,,,,,,,,,,,,,,,,,,,,,,,,,,,,,,,,,,,,,,,,,,,,,,34.15278,23.923439,-0.666737,34.15278,23.923439,-0.5024295,,,,,,,,,,,,,,,,,,,,,,,,,,,,,,,,,,,,,,,,,,,,,,,,,,,,,,,,,,,,,,,
34.15278,23.953417,0.39854234,34.15278,23.953417,0.40847838,,,,,,,,,,,,,,,,,,,,,,,,,,,,,,,,,,,,,,,,,,,,,,,,,,,,,,,,,,,,,34.15278,23.953417,0.28580996,34.15278,23.953417,0.017306805,,,,,,,,,,,,,,,,,,,,,,,,,,,,,,,,,,,,,,,,,,,,,,,,,,,,,,,,,,,,,,,
34.15278,23.983397,0.39915216,34.15278,23.983397,0.40345085,,,,,,,,,,,,,,,,,,,,,,,,,,,,,,,,,,,,,,,,,,,,,,,,,,,,,,,,,,,,,34.15278,23.983397,0.3574811,34.15278,23.983397,-0.69335246,,,,,,,,,,,,,,,,,,,,,,,,,,,,,,,,,,,,,,,,,,,,,,,,,,,,,,,,,,,,,,,
34.15278,24.013376,0.39650452,34.15278,24.013376,0.4028856,,,,,,,,,,,,,,,,,,,,,,,,,,,,,,,,,,,,,,,,,,,,,,,,,,,,,,,,,,,,,34.15278,24.013376,-0.0015188836,34.15278,24.013376,-0.7781846,,,,,,,,,,,,,,,,,,,,,,,,,,,,,,,,,,,,,,,,,,,,,,,,,,,,,,,,,,,,,,,
34.15278,24.043356,0.39663842,34.15278,24.043356,0.40605387,,,,,,,,,,,,,,,,,,,,,,,,,,,,,,,,,,,,,,,,,,,,,,,,,,,,,,,,,,,,,34.15278,24.043356,0.05375099,34.15278,24.043356,-0.32685181,,,,,,,,,,,,,,,,,,,,,,,,,,,,,,,,,,,,,,,,,,,,,,,,,,,,,,,,,,,,,,,
34.15278,24.073334,0.39410973,34.15278,24.073334,0.40895432,,,,,,,,,,,,,,,,,,,,,,,,,,,,,,,,,,,,,,,,,,,,,,,,,,,,,,,,,,,,,34.15278,24.073334,-0.35030907,34.15278,24.073334,0.110188924,,,,,,,,,,,,,,,,,,,,,,,,,,,,,,,,,,,,,,,,,,,,,,,,,,,,,,,,,,,,,,,
34.15278,24.103313,0.39442214,34.15278,24.103313,0.40261787,,,,,,,,,,,,,,,,,,,,,,,,,,,,,,,,,,,,,,,,,,,,,,,,,,,,,,,,,,,,,34.15278,24.103313,-0.29250962,34.15278,24.103313,-0.82361054,,,,,,,,,,,,,,,,,,,,,,,,,,,,,,,,,,,,,,,,,,,,,,,,,,,,,,,,,,,,,,,
34.15278,24.133293,0.40095195,34.15278,24.133293,0.40841886,,,,,,,,,,,,,,,,,,,,,,,,,,,,,,,,,,,,,,,,,,,,,,,,,,,,,,,,,,,,,34.15278,24.133293,0.61413527,34.15278,24.133293,-0.010323975,,,,,,,,,,,,,,,,,,,,,,,,,,,,,,,,,,,,,,,,,,,,,,,,,,,,,,,,,,,,,,,
34.15278,24.163273,0.39266694,34.15278,24.163273,0.40815112,,,,,,,,,,,,,,,,,,,,,,,,,,,,,,,,,,,,,,,,,,,,,,,,,,,,,,,,,,,,,34.15278,24.163273,-0.57249504,34.15278,24.163273,-0.03829585,,,,,,,,,,,,,,,,,,,,,,,,,,,,,,,,,,,,,,,,,,,,,,,,,,,,,,,,,,,,,,,
34.15278,24.19325,0.3983638,34.15278,24.19325,0.4088353,,,,,,,,,,,,,,,,,,,,,,,,,,,,,,,,,,,,,,,,,,,,,,,,,,,,,,,,,,,,,34.15278,24.19325,0.27685964,34.15278,24.19325,0.099663444,,,,,,,,,,,,,,,,,,,,,,,,,,,,,,,,,,,,,,,,,,,,,,,,,,,,,,,,,,,,,,,
34.15278,24.22323,0.39706975,34.15278,24.22323,0.41036737,,,,,,,,,,,,,,,,,,,,,,,,,,,,,,,,,,,,,,,,,,,,,,,,,,,,,,,,,,,,,34.15278,24.22323,0.077726535,34.15278,24.22323,0.27148643,,,,,,,,,,,,,,,,,,,,,,,,,,,,,,,,,,,,,,,,,,,,,,,,,,,,,,,,,,,,,,,
34.15278,24.25321,0.39787295,34.15278,24.25321,0.4065447,,,,,,,,,,,,,,,,,,,,,,,,,,,,,,,,,,,,,,,,,,,,,,,,,,,,,,,,,,,,,34.15278,24.25321,0.19256507,34.15278,24.25321,-0.28071168,,,,,,,,,,,,,,,,,,,,,,,,,,,,,,,,,,,,,,,,,,,,,,,,,,,,,,,,,,,,,,,
34.15278,24.28319,0.39296448,34.15278,24.28319,0.40667856,,,,,,,,,,,,,,,,,,,,,,,,,,,,,,,,,,,,,,,,,,,,,,,,,,,,,,,,,,,,,34.15278,24.28319,-0.5084508,34.15278,24.28319,-0.24982251,,,,,,,,,,,,,,,,,,,,,,,,,,,,,,,,,,,,,,,,,,,,,,,,,,,,,,,,,,,,,,,
34.15278,24.313168,0.3918489,34.15278,24.313168,0.40779412,,,,,,,,,,,,,,,,,,,,,,,,,,,,,,,,,,,,,,,,,,,,,,,,,,,,,,,,,,,,,34.15278,24.313168,-0.6357643,34.15278,24.313168,-0.07787441,,,,,,,,,,,,,,,,,,,,,,,,,,,,,,,,,,,,,,,,,,,,,,,,,,,,,,,,,,,,,,,
34.15278,24.343147,0.39439237,34.15278,24.343147,0.41197383,,,,,,,,,,,,,,,,,,,,,,,,,,,,,,,,,,,,,,,,,,,,,,,,,,,,,,,,,,,,,34.15278,24.343147,-0.26076373,34.15278,24.343147,0.51955986,,,,,,,,,,,,,,,,,,,,,,,,,,,,,,,,,,,,,,,,,,,,,,,,,,,,,,,,,,,,,,,
34.15278,24.373127,0.39492786,34.15278,24.373127,0.40932617,,,,,,,,,,,,,,,,,,,,,,,,,,,,,,,,,,,,,,,,,,,,,,,,,,,,,,,,,,,,,34.15278,24.373127,-0.235649,34.15278,24.373127,0.13550863,,,,,,,,,,,,,,,,,,,,,,,,,,,,,,,,,,,,,,,,,,,,,,,,,,,,,,,,,,,,,,,
34.15278,24.403107,0.3929942,34.15278,24.403107,0.4004165,,,,,,,,,,,,,,,,,,,,,,,,,,,,,,,,,,,,,,,,,,,,,,,,,,,,,,,,,,,,,34.15278,24.403107,-0.4962727,34.15278,24.403107,-1.1226294,,,,,,,,,,,,,,,,,,,,,,,,,,,,,,,,,,,,,,,,,,,,,,,,,,,,,,,,,,,,,,,
34.15278,24.433084,0.39769447,34.15278,24.433084,0.40798748,,,,,,,,,,,,,,,,,,,,,,,,,,,,,,,,,,,,,,,,,,,,,,,,,,,,,,,,,,,,,34.15278,24.433084,0.1588827,34.15278,24.433084,-0.061778612,,,,,,,,,,,,,,,,,,,,,,,,,,,,,,,,,,,,,,,,,,,,,,,,,,,,,,,,,,,,,,,
34.15278,24.463064,0.39602855,34.15278,24.463064,0.4041797,,,,,,,,,,,,,,,,,,,,,,,,,,,,,,,,,,,,,,,,,,,,,,,,,,,,,,,,,,,,,34.15278,24.463064,-0.06679579,34.15278,24.463064,-0.61979127,,,,,,,,,,,,,,,,,,,,,,,,,,,,,,,,,,,,,,,,,,,,,,,,,,,,,,,,,,,,,,,
34.15278,24.493044,0.4000149,34.15278,24.493044,0.4070207,,,,,,,,,,,,,,,,,,,,,,,,,,,,,,,,,,,,,,,,,,,,,,,,,,,,,,,,,,,,,34.15278,24.493044,0.5036599,34.15278,24.493044,-0.2282664,,,,,,,,,,,,,,,,,,,,,,,,,,,,,,,,,,,,,,,,,,,,,,,,,,,,,,,,,,,,,,,
34.15278,24.523024,0.3913878,34.15278,24.523024,0.410412,,,,,,,,,,,,,,,,,,,,,,,,,,,,,,,,,,,,,,,,,,,,,,,,,,,,,,,,,,,,,34.15278,24.523024,-0.7733003,34.15278,24.523024,0.268819,,,,,,,,,,,,,,,,,,,,,,,,,,,,,,,,,,,,,,,,,,,,,,,,,,,,,,,,,,,,,,,
34.15278,24.553001,0.4022906,34.15278,24.553001,0.4074669,,,,,,,,,,,,,,,,,,,,,,,,,,,,,,,,,,,,,,,,,,,,,,,,,,,,,,,,,,,,,34.15278,24.553001,0.82852864,34.15278,24.553001,-0.12527882,,,,,,,,,,,,,,,,,,,,,,,,,,,,,,,,,,,,,,,,,,,,,,,,,,,,,,,,,,,,,,,
34.15278,24.582981,0.39629635,34.15278,24.582981,0.4094154,,,,,,,,,,,,,,,,,,,,,,,,,,,,,,,,,,,,,,,,,,,,,,,,,,,,,,,,,,,,,34.15278,24.582981,-0.0668782,34.15278,24.582981,0.16064051,,,,,,,,,,,,,,,,,,,,,,,,,,,,,,,,,,,,,,,,,,,,,,,,,,,,,,,,,,,,,,,
34.15278,24.61296,0.40025288,34.15278,24.61296,0.40755615,,,,,,,,,,,,,,,,,,,,,,,,,,,,,,,,,,,,,,,,,,,,,,,,,,,,,,,,,,,,,34.15278,24.61296,0.5646532,34.15278,24.61296,-0.11395412,,,,,,,,,,,,,,,,,,,,,,,,,,,,,,,,,,,,,,,,,,,,,,,,,,,,,,,,,,,,,,,
34.15278,24.64294,0.3909415,34.15278,24.64294,0.40935594,,,,,,,,,,,,,,,,,,,,,,,,,,,,,,,,,,,,,,,,,,,,,,,,,,,,,,,,,,,,,34.15278,24.64294,-0.7731522,34.15278,24.64294,0.13044238,,,,,,,,,,,,,,,,,,,,,,,,,,,,,,,,,,,,,,,,,,,,,,,,,,,,,,,,,,,,,,,
34.15278,24.672918,0.39894393,34.15278,24.672918,0.4102484,,,,,,,,,,,,,,,,,,,,,,,,,,,,,,,,,,,,,,,,,,,,,,,,,,,,,,,,,,,,,34.15278,24.672918,0.33705127,34.15278,24.672918,0.2679342,,,,,,,,,,,,,,,,,,,,,,,,,,,,,,,,,,,,,,,,,,,,,,,,,,,,,,,,,,,,,,,
34.15278,24.702898,0.39735234,34.15278,24.702898,0.40771973,,,,,,,,,,,,,,,,,,,,,,,,,,,,,,,,,,,,,,,,,,,,,,,,,,,,,,,,,,,,,34.15278,24.702898,0.08429083,34.15278,24.702898,-0.06715446,,,,,,,,,,,,,,,,,,,,,,,,,,,,,,,,,,,,,,,,,,,,,,,,,,,,,,,,,,,,,,,
34.15278,24.732878,0.39100105,34.15278,24.732878,0.40633646,,,,,,,,,,,,,,,,,,,,,,,,,,,,,,,,,,,,,,,,,,,,,,,,,,,,,,,,,,,,,34.15278,24.732878,-0.7907598,34.15278,24.732878,-0.27265772,,,,,,,,,,,,,,,,,,,,,,,,,,,,,,,,,,,,,,,,,,,,,,,,,,,,,,,,,,,,,,,
34.15278,24.762857,0.39291984,34.15278,24.762857,0.40998065,,,,,,,,,,,,,,,,,,,,,,,,,,,,,,,,,,,,,,,,,,,,,,,,,,,,,,,,,,,,,34.15278,24.762857,-0.52740073,34.15278,24.762857,0.23974735,,,,,,,,,,,,,,,,,,,,,,,,,,,,,,,,,,,,,,,,,,,,,,,,,,,,,,,,,,,,,,,
34.15278,24.792837,0.39802173,34.15278,24.792837,0.4051168,,,,,,,,,,,,,,,,,,,,,,,,,,,,,,,,,,,,,,,,,,,,,,,,,,,,,,,,,,,,,34.15278,24.792837,0.22458023,34.15278,24.792837,-0.42497918,,,,,,,,,,,,,,,,,,,,,,,,,,,,,,,,,,,,,,,,,,,,,,,,,,,,,,,,,,,,,,,
34.15278,24.822815,0.39470473,34.15278,24.822815,0.4093262,,,,,,,,,,,,,,,,,,,,,,,,,,,,,,,,,,,,,,,,,,,,,,,,,,,,,,,,,,,,,34.15278,24.822815,-0.2080466,34.15278,24.822815,0.1448445,,,,,,,,,,,,,,,,,,,,,,,,,,,,,,,,,,,,,,,,,,,,,,,,,,,,,,,,,,,,,,,
34.15278,24.852795,0.39648965,34.15278,24.852795,0.4025881,,,,,,,,,,,,,,,,,,,,,,,,,,,,,,,,,,,,,,,,,,,,,,,,,,,,,,,,,,,,,34.15278,24.852795,-0.0017892255,34.15278,24.852795,-0.7942245,,,,,,,,,,,,,,,,,,,,,,,,,,,,,,,,,,,,,,,,,,,,,,,,,,,,,,,,,,,,,,,
34.15278,24.882774,0.39568645,34.15278,24.882774,0.40950465,,,,,,,,,,,,,,,,,,,,,,,,,,,,,,,,,,,,,,,,,,,,,,,,,,,,,,,,,,,,,34.15278,24.882774,-0.10183898,34.15278,24.882774,0.1869482,,,,,,,,,,,,,,,,,,,,,,,,,,,,,,,,,,,,,,,,,,,,,,,,,,,,,,,,,,,,,,,
34.15278,24.912754,0.39580542,34.15278,24.912754,0.4133125,,,,,,,,,,,,,,,,,,,,,,,,,,,,,,,,,,,,,,,,,,,,,,,,,,,,,,,,,,,,,34.15278,24.912754,-0.09480243,34.15278,24.912754,0.7317115,,,,,,,,,,,,,,,,,,,,,,,,,,,,,,,,,,,,,,,,,,,,,,,,,,,,,,,,,,,,,,,
34.15278,24.942732,0.3946899,34.15278,24.942732,0.40844858,,,,,,,,,,,,,,,,,,,,,,,,,,,,,,,,,,,,,,,,,,,,,,,,,,,,,,,,,,,,,34.15278,24.942732,-0.21805085,34.15278,24.942732,-0.015051216,,,,,,,,,,,,,,,,,,,,,,,,,,,,,,,,,,,,,,,,,,,,,,,,,,,,,,,,,,,,,,,
34.15278,24.972712,0.39296448,34.15278,24.972712,0.40870148,,,,,,,,,,,,,,,,,,,,,,,,,,,,,,,,,,,,,,,,,,,,,,,,,,,,,,,,,,,,,34.15278,24.972712,-0.47029746,34.15278,24.972712,0.05864701,,,,,,,,,,,,,,,,,,,,,,,,,,,,,,,,,,,,,,,,,,,,,,,,,,,,,,,,,,,,,,,
34.15278,25.002691,0.39259258,34.15278,25.002691,0.4064852,,,,,,,,,,,,,,,,,,,,,,,,,,,,,,,,,,,,,,,,,,,,,,,,,,,,,,,,,,,,,34.15278,25.002691,-0.5422674,34.15278,25.002691,-0.24204475,,,,,,,,,,,,,,,,,,,,,,,,,,,,,,,,,,,,,,,,,,,,,,,,,,,,,,,,,,,,,,,
34.15278,25.032671,0.39241412,34.15278,25.032671,0.40999556,,,,,,,,,,,,,,,,,,,,,,,,,,,,,,,,,,,,,,,,,,,,,,,,,,,,,,,,,,,,,34.15278,25.032671,-0.58434623,34.15278,25.032671,0.20266753,,,,,,,,,,,,,,,,,,,,,,,,,,,,,,,,,,,,,,,,,,,,,,,,,,,,,,,,,,,,,,,
34.15278,25.062649,0.3974862,34.15278,25.062649,0.41145322,,,,,,,,,,,,,,,,,,,,,,,,,,,,,,,,,,,,,,,,,,,,,,,,,,,,,,,,,,,,,34.15278,25.062649,0.14537041,34.15278,25.062649,0.43240437,,,,,,,,,,,,,,,,,,,,,,,,,,,,,,,,,,,,,,,,,,,,,,,,,,,,,,,,,,,,,,,
34.15278,25.092628,0.39360404,34.15278,25.092628,0.4085379,,,,,,,,,,,,,,,,,,,,,,,,,,,,,,,,,,,,,,,,,,,,,,,,,,,,,,,,,,,,,34.15278,25.092628,-0.4446728,34.15278,25.092628,0.02609346,,,,,,,,,,,,,,,,,,,,,,,,,,,,,,,,,,,,,,,,,,,,,,,,,,,,,,,,,,,,,,,
34.15278,25.122608,0.39568645,34.15278,25.122608,0.40910313,,,,,,,,,,,,,,,,,,,,,,,,,,,,,,,,,,,,,,,,,,,,,,,,,,,,,,,,,,,,,34.15278,25.122608,-0.12071829,34.15278,25.122608,0.10522839,,,,,,,,,,,,,,,,,,,,,,,,,,,,,,,,,,,,,,,,,,,,,,,,,,,,,,,,,,,,,,,
34.15278,25.152588,0.3956121,34.15278,25.152588,0.4102484,,,,,,,,,,,,,,,,,,,,,,,,,,,,,,,,,,,,,,,,,,,,,,,,,,,,,,,,,,,,,34.15278,25.152588,-0.1258114,34.15278,25.152588,0.2776891,,,,,,,,,,,,,,,,,,,,,,,,,,,,,,,,,,,,,,,,,,,,,,,,,,,,,,,,,,,,,,,
34.15278,25.182566,0.39662355,34.15278,25.182566,0.40901384,,,,,,,,,,,,,,,,,,,,,,,,,,,,,,,,,,,,,,,,,,,,,,,,,,,,,,,,,,,,,34.15278,25.182566,-0.021734728,34.15278,25.182566,0.116365105,,,,,,,,,,,,,,,,,,,,,,,,,,,,,,,,,,,,,,,,,,,,,,,,,,,,,,,,,,,,,,,
34.15278,25.212545,0.39970255,34.15278,25.212545,0.40809163,,,,,,,,,,,,,,,,,,,,,,,,,,,,,,,,,,,,,,,,,,,,,,,,,,,,,,,,,,,,,34.15278,25.212545,0.42620617,34.15278,25.212545,-0.05012485,,,,,,,,,,,,,,,,,,,,,,,,,,,,,,,,,,,,,,,,,,,,,,,,,,,,,,,,,,,,,,,
34.15278,25.242525,0.39198273,34.15278,25.242525,0.4064108,,,,,,,,,,,,,,,,,,,,,,,,,,,,,,,,,,,,,,,,,,,,,,,,,,,,,,,,,,,,,34.15278,25.242525,-0.6452479,34.15278,25.242525,-0.2743669,,,,,,,,,,,,,,,,,,,,,,,,,,,,,,,,,,,,,,,,,,,,,,,,,,,,,,,,,,,,,,,
34.15278,25.272505,0.39727798,34.15278,25.272505,0.41021866,,,,,,,,,,,,,,,,,,,,,,,,,,,,,,,,,,,,,,,,,,,,,,,,,,,,,,,,,,,,,34.15278,25.272505,0.12056804,34.15278,25.272505,0.2527495,,,,,,,,,,,,,,,,,,,,,,,,,,,,,,,,,,,,,,,,,,,,,,,,,,,,,,,,,,,,,,,
34.15278,25.302483,0.395032,34.15278,25.302483,0.4097129,,,,,,,,,,,,,,,,,,,,,,,,,,,,,,,,,,,,,,,,,,,,,,,,,,,,,,,,,,,,,34.15278,25.302483,-0.25405312,34.15278,25.302483,0.21085557,,,,,,,,,,,,,,,,,,,,,,,,,,,,,,,,,,,,,,,,,,,,,,,,,,,,,,,,,,,,,,,
34.15278,25.332462,0.39303887,34.15278,25.332462,0.4117507,,,,,,,,,,,,,,,,,,,,,,,,,,,,,,,,,,,,,,,,,,,,,,,,,,,,,,,,,,,,,34.15278,25.332462,-0.46213552,34.15278,25.332462,0.5141488,,,,,,,,,,,,,,,,,,,,,,,,,,,,,,,,,,,,,,,,,,,,,,,,,,,,,,,,,,,,,,,
34.15278,25.362442,0.3964599,34.15278,25.362442,0.40316823,,,,,,,,,,,,,,,,,,,,,,,,,,,,,,,,,,,,,,,,,,,,,,,,,,,,,,,,,,,,,34.15278,25.362442,-0.042285457,34.15278,25.362442,-0.7359944,,,,,,,,,,,,,,,,,,,,,,,,,,,,,,,,,,,,,,,,,,,,,,,,,,,,,,,,,,,,,,,
34.15278,25.392422,0.3956567,34.15278,25.392422,0.41127473,,,,,,,,,,,,,,,,,,,,,,,,,,,,,,,,,,,,,,,,,,,,,,,,,,,,,,,,,,,,,34.15278,25.392422,-0.107065365,34.15278,25.392422,0.41923106,,,,,,,,,,,,,,,,,,,,,,,,,,,,,,,,,,,,,,,,,,,,,,,,,,,,,,,,,,,,,,,
34.15278,25.4224,0.39814073,34.15278,25.4224,0.408285,,,,,,,,,,,,,,,,,,,,,,,,,,,,,,,,,,,,,,,,,,,,,,,,,,,,,,,,,,,,,34.15278,25.4224,0.22294778,34.15278,25.4224,-0.019956402,,,,,,,,,,,,,,,,,,,,,,,,,,,,,,,,,,,,,,,,,,,,,,,,,,,,,,,,,,,,,,,
34.15278,25.45238,0.39358917,34.15278,25.45238,0.40536964,,,,,,,,,,,,,,,,,,,,,,,,,,,,,,,,,,,,,,,,,,,,,,,,,,,,,,,,,,,,,34.15278,25.45238,-0.4010216,34.15278,25.45238,-0.44289455,,,,,,,,,,,,,,,,,,,,,,,,,,,,,,,,,,,,,,,,,,,,,,,,,,,,,,,,,,,,,,,
34.15278,25.482359,0.3950171,34.15278,25.482359,0.40245426,,,,,,,,,,,,,,,,,,,,,,,,,,,,,,,,,,,,,,,,,,,,,,,,,,,,,,,,,,,,,34.15278,25.482359,-0.22524041,34.15278,25.482359,-0.8462749,,,,,,,,,,,,,,,,,,,,,,,,,,,,,,,,,,,,,,,,,,,,,,,,,,,,,,,,,,,,,,,
34.15278,25.512339,0.39452624,34.15278,25.512339,0.40644062,,,,,,,,,,,,,,,,,,,,,,,,,,,,,,,,,,,,,,,,,,,,,,,,,,,,,,,,,,,,,34.15278,25.512339,-0.30197474,34.15278,25.512339,-0.25890976,,,,,,,,,,,,,,,,,,,,,,,,,,,,,,,,,,,,,,,,,,,,,,,,,,,,,,,,,,,,,,,
34.15278,25.542316,0.39479402,34.15278,25.542316,0.40960884,,,,,,,,,,,,,,,,,,,,,,,,,,,,,,,,,,,,,,,,,,,,,,,,,,,,,,,,,,,,,34.15278,25.542316,-0.2679652,34.15278,25.542316,0.17358701,,,,,,,,,,,,,,,,,,,,,,,,,,,,,,,,,,,,,,,,,,,,,,,,,,,,,,,,,,,,,,,
34.15278,25.572296,0.39570132,34.15278,25.572296,0.40548864,,,,,,,,,,,,,,,,,,,,,,,,,,,,,,,,,,,,,,,,,,,,,,,,,,,,,,,,,,,,,34.15278,25.572296,-0.0985329,34.15278,25.572296,-0.3892593,,,,,,,,,,,,,,,,,,,,,,,,,,,,,,,,,,,,,,,,,,,,,,,,,,,,,,,,,,,,,,,
34.15278,25.602276,0.39590958,34.15278,25.602276,0.4122267,,,,,,,,,,,,,,,,,,,,,,,,,,,,,,,,,,,,,,,,,,,,,,,,,,,,,,,,,,,,,34.15278,25.602276,-0.08060414,34.15278,25.602276,0.52903306,,,,,,,,,,,,,,,,,,,,,,,,,,,,,,,,,,,,,,,,,,,,,,,,,,,,,,,,,,,,,,,
34.15278,25.632256,0.39399078,34.15278,25.632256,0.4090882,,,,,,,,,,,,,,,,,,,,,,,,,,,,,,,,,,,,,,,,,,,,,,,,,,,,,,,,,,,,,34.15278,25.632256,-0.33462396,34.15278,25.632256,0.07618183,,,,,,,,,,,,,,,,,,,,,,,,,,,,,,,,,,,,,,,,,,,,,,,,,,,,,,,,,,,,,,,
34.15278,25.662235,0.39706978,34.15278,25.662235,0.40639597,,,,,,,,,,,,,,,,,,,,,,,,,,,,,,,,,,,,,,,,,,,,,,,,,,,,,,,,,,,,,34.15278,25.662235,0.07675403,34.15278,25.662235,-0.26607096,,,,,,,,,,,,,,,,,,,,,,,,,,,,,,,,,,,,,,,,,,,,,,,,,,,,,,,,,,,,,,,
34.15278,25.692213,0.39498737,34.15278,25.692213,0.41030794,,,,,,,,,,,,,,,,,,,,,,,,,,,,,,,,,,,,,,,,,,,,,,,,,,,,,,,,,,,,,34.15278,25.692213,-0.23747025,34.15278,25.692213,0.26478314,,,,,,,,,,,,,,,,,,,,,,,,,,,,,,,,,,,,,,,,,,,,,,,,,,,,,,,,,,,,,,,
34.15278,25.722193,0.3952997,34.15278,25.722193,0.40959394,,,,,,,,,,,,,,,,,,,,,,,,,,,,,,,,,,,,,,,,,,,,,,,,,,,,,,,,,,,,,34.15278,25.722193,-0.18140605,34.15278,25.722193,0.1909416,,,,,,,,,,,,,,,,,,,,,,,,,,,,,,,,,,,,,,,,,,,,,,,,,,,,,,,,,,,,,,,
34.15278,25.752172,0.39892903,34.15278,25.752172,0.40809163,,,,,,,,,,,,,,,,,,,,,,,,,,,,,,,,,,,,,,,,,,,,,,,,,,,,,,,,,,,,,34.15278,25.752172,0.3266549,34.15278,25.752172,-0.045053806,,,,,,,,,,,,,,,,,,,,,,,,,,,,,,,,,,,,,,,,,,,,,,,,,,,,,,,,,,,,,,,
34.15278,25.782152,0.39466012,34.15278,25.782152,0.40484902,,,,,,,,,,,,,,,,,,,,,,,,,,,,,,,,,,,,,,,,,,,,,,,,,,,,,,,,,,,,,34.15278,25.782152,-0.24801037,34.15278,25.782152,-0.5077059,,,,,,,,,,,,,,,,,,,,,,,,,,,,,,,,,,,,,,,,,,,,,,,,,,,,,,,,,,,,,,,
34.15278,25.81213,0.40160644,34.15278,25.81213,0.40752637,,,,,,,,,,,,,,,,,,,,,,,,,,,,,,,,,,,,,,,,,,,,,,,,,,,,,,,,,,,,,34.15278,25.81213,0.70047665,34.15278,25.81213,-0.111034475,,,,,,,,,,,,,,,,,,,,,,,,,,,,,,,,,,,,,,,,,,,,,,,,,,,,,,,,,,,,,,,
34.15278,25.84211,0.3979622,34.15278,25.84211,0.40493828,,,,,,,,,,,,,,,,,,,,,,,,,,,,,,,,,,,,,,,,,,,,,,,,,,,,,,,,,,,,,34.15278,25.84211,0.24059418,34.15278,25.84211,-0.5067375,,,,,,,,,,,,,,,,,,,,,,,,,,,,,,,,,,,,,,,,,,,,,,,,,,,,,,,,,,,,,,,
34.15278,25.87209,0.39470476,34.15278,25.87209,0.4052209,,,,,,,,,,,,,,,,,,,,,,,,,,,,,,,,,,,,,,,,,,,,,,,,,,,,,,,,,,,,,34.15278,25.87209,-0.24413691,34.15278,25.87209,-0.44975847,,,,,,,,,,,,,,,,,,,,,,,,,,,,,,,,,,,,,,,,,,,,,,,,,,,,,,,,,,,,,,,
34.15278,25.90207,0.39277107,34.15278,25.90207,0.410888,,,,,,,,,,,,,,,,,,,,,,,,,,,,,,,,,,,,,,,,,,,,,,,,,,,,,,,,,,,,,34.15278,25.90207,-0.5589113,34.15278,25.90207,0.38295567,,,,,,,,,,,,,,,,,,,,,,,,,,,,,,,,,,,,,,,,,,,,,,,,,,,,,,,,,,,,,,,
34.15278,25.932047,0.3959542,34.15278,25.932047,0.41448757,,,,,,,,,,,,,,,,,,,,,,,,,,,,,,,,,,,,,,,,,,,,,,,,,,,,,,,,,,,,,34.15278,25.932047,-0.11847769,34.15278,25.932047,0.8334001,,,,,,,,,,,,,,,,,,,,,,,,,,,,,,,,,,,,,,,,,,,,,,,,,,,,,,,,,,,,,,,
34.15278,25.962027,0.39742672,34.15278,25.962027,0.4068868,,,,,,,,,,,,,,,,,,,,,,,,,,,,,,,,,,,,,,,,,,,,,,,,,,,,,,,,,,,,,34.15278,25.962027,0.12150971,34.15278,25.962027,-0.26192862,,,,,,,,,,,,,,,,,,,,,,,,,,,,,,,,,,,,,,,,,,,,,,,,,,,,,,,,,,,,,,,
34.15278,25.992006,0.39794734,34.15278,25.992006,0.41078386,,,,,,,,,,,,,,,,,,,,,,,,,,,,,,,,,,,,,,,,,,,,,,,,,,,,,,,,,,,,,34.15278,25.992006,0.18902928,34.15278,25.992006,0.3341055,,,,,,,,,,,,,,,,,,,,,,,,,,,,,,,,,,,,,,,,,,,,,,,,,,,,,,,,,,,,,,,
34.15278,26.021986,0.39818534,34.15278,26.021986,0.40989143,,,,,,,,,,,,,,,,,,,,,,,,,,,,,,,,,,,,,,,,,,,,,,,,,,,,,,,,,,,,,34.15278,26.021986,0.23797737,34.15278,26.021986,0.18840466,,,,,,,,,,,,,,,,,,,,,,,,,,,,,,,,,,,,,,,,,,,,,,,,,,,,,,,,,,,,,,,
34.15278,26.051964,0.39036143,34.15278,26.051964,0.40853786,,,,,,,,,,,,,,,,,,,,,,,,,,,,,,,,,,,,,,,,,,,,,,,,,,,,,,,,,,,,,34.15278,26.051964,-0.84908843,34.15278,26.051964,0.004824188,,,,,,,,,,,,,,,,,,,,,,,,,,,,,,,,,,,,,,,,,,,,,,,,,,,,,,,,,,,,,,,
34.15278,26.081944,0.3979176,34.15278,26.081944,0.40969807,,,,,,,,,,,,,,,,,,,,,,,,,,,,,,,,,,,,,,,,,,,,,,,,,,,,,,,,,,,,,34.15278,26.081944,0.24914543,34.15278,26.081944,0.22526339,,,,,,,,,,,,,,,,,,,,,,,,,,,,,,,,,,,,,,,,,,,,,,,,,,,,,,,,,,,,,,,
34.15278,26.111923,0.3921315,34.15278,26.111923,0.40678272,,,,,,,,,,,,,,,,,,,,,,,,,,,,,,,,,,,,,,,,,,,,,,,,,,,,,,,,,,,,,34.15278,26.111923,-0.66401243,34.15278,26.111923,-0.21203454,,,,,,,,,,,,,,,,,,,,,,,,,,,,,,,,,,,,,,,,,,,,,,,,,,,,,,,,,,,,,,,
34.15278,26.141903,0.395151,34.15278,26.141903,0.4085081,,,,,,,,,,,,,,,,,,,,,,,,,,,,,,,,,,,,,,,,,,,,,,,,,,,,,,,,,,,,,34.15278,26.141903,-0.1937527,34.15278,26.141903,-0.007592625,,,,,,,,,,,,,,,,,,,,,,,,,,,,,,,,,,,,,,,,,,,,,,,,,,,,,,,,,,,,,,,
34.15278,26.17188,0.3990332,34.15278,26.17188,0.40652978,,,,,,,,,,,,,,,,,,,,,,,,,,,,,,,,,,,,,,,,,,,,,,,,,,,,,,,,,,,,,34.15278,26.17188,0.3576729,34.15278,26.17188,-0.25016445,,,,,,,,,,,,,,,,,,,,,,,,,,,,,,,,,,,,,,,,,,,,,,,,,,,,,,,,,,,,,,,
34.15278,26.20186,0.39376768,34.15278,26.20186,0.4073033,,,,,,,,,,,,,,,,,,,,,,,,,,,,,,,,,,,,,,,,,,,,,,,,,,,,,,,,,,,,,34.15278,26.20186,-0.39122474,34.15278,26.20186,-0.11573148,,,,,,,,,,,,,,,,,,,,,,,,,,,,,,,,,,,,,,,,,,,,,,,,,,,,,,,,,,,,,,,
34.15278,26.23184,0.39781347,34.15278,26.23184,0.4084337,,,,,,,,,,,,,,,,,,,,,,,,,,,,,,,,,,,,,,,,,,,,,,,,,,,,,,,,,,,,,34.15278,26.23184,0.12368458,34.15278,26.23184,-0.012770312,,,,,,,,,,,,,,,,,,,,,,,,,,,,,,,,,,,,,,,,,,,,,,,,,,,,,,,,,,,,,,,
34.15278,26.26182,0.40035698,34.15278,26.26182,0.41057563,,,,,,,,,,,,,,,,,,,,,,,,,,,,,,,,,,,,,,,,,,,,,,,,,,,,,,,,,,,,,34.15278,26.26182,0.538275,34.15278,26.26182,0.30523255,,,,,,,,,,,,,,,,,,,,,,,,,,,,,,,,,,,,,,,,,,,,,,,,,,,,,,,,,,,,,,,
34.15278,26.291798,0.3957311,34.15278,26.291798,0.40663397,,,,,,,,,,,,,,,,,,,,,,,,,,,,,,,,,,,,,,,,,,,,,,,,,,,,,,,,,,,,,34.15278,26.291798,-0.1123326,34.15278,26.291798,-0.2335058,,,,,,,,,,,,,,,,,,,,,,,,,,,,,,,,,,,,,,,,,,,,,,,,,,,,,,,,,,,,,,,
34.15278,26.321777,0.3948981,34.15278,26.321777,0.40691656,,,,,,,,,,,,,,,,,,,,,,,,,,,,,,,,,,,,,,,,,,,,,,,,,,,,,,,,,,,,,34.15278,26.321777,-0.23645163,34.15278,26.321777,-0.2404322,,,,,,,,,,,,,,,,,,,,,,,,,,,,,,,,,,,,,,,,,,,,,,,,,,,,,,,,,,,,,,,
34.15278,26.351757,0.4007437,34.15278,26.351757,0.41352075,,,,,,,,,,,,,,,,,,,,,,,,,,,,,,,,,,,,,,,,,,,,,,,,,,,,,,,,,,,,,34.15278,26.351757,0.6550172,34.15278,26.351757,0.7355466,,,,,,,,,,,,,,,,,,,,,,,,,,,,,,,,,,,,,,,,,,,,,,,,,,,,,,,,,,,,,,,
34.15278,26.381737,0.39516586,34.15278,26.381737,0.4071843,,,,,,,,,,,,,,,,,,,,,,,,,,,,,,,,,,,,,,,,,,,,,,,,,,,,,,,,,,,,,34.15278,26.381737,-0.20095491,34.15278,26.381737,-0.19021341,,,,,,,,,,,,,,,,,,,,,,,,,,,,,,,,,,,,,,,,,,,,,,,,,,,,,,,,,,,,,,,
34.15278,26.411715,0.3960732,34.15278,26.411715,0.40880558,,,,,,,,,,,,,,,,,,,,,,,,,,,,,,,,,,,,,,,,,,,,,,,,,,,,,,,,,,,,,34.15278,26.411715,-0.067230314,34.15278,26.411715,0.023211453,,,,,,,,,,,,,,,,,,,,,,,,,,,,,,,,,,,,,,,,,,,,,,,,,,,,,,,,,,,,,,,
34.15278,26.441694,0.39967278,34.15278,26.441694,0.41020378,,,,,,,,,,,,,,,,,,,,,,,,,,,,,,,,,,,,,,,,,,,,,,,,,,,,,,,,,,,,,34.15278,26.441694,0.48753685,34.15278,26.441694,0.24117841,,,,,,,,,,,,,,,,,,,,,,,,,,,,,,,,,,,,,,,,,,,,,,,,,,,,,,,,,,,,,,,
34.15278,26.471674,0.39927116,34.15278,26.471674,0.40974268,,,,,,,,,,,,,,,,,,,,,,,,,,,,,,,,,,,,,,,,,,,,,,,,,,,,,,,,,,,,,34.15278,26.471674,0.41623917,34.15278,26.471674,0.20524308,,,,,,,,,,,,,,,,,,,,,,,,,,,,,,,,,,,,,,,,,,,,,,,,,,,,,,,,,,,,,,,
34.15278,26.501654,0.40110075,34.15278,26.501654,0.4112301,,,,,,,,,,,,,,,,,,,,,,,,,,,,,,,,,,,,,,,,,,,,,,,,,,,,,,,,,,,,,34.15278,26.501654,0.6440465,34.15278,26.501654,0.39912066,,,,,,,,,,,,,,,,,,,,,,,,,,,,,,,,,,,,,,,,,,,,,,,,,,,,,,,,,,,,,,,
34.15278,26.531633,0.3918489,34.15278,26.531633,0.4087907,,,,,,,,,,,,,,,,,,,,,,,,,,,,,,,,,,,,,,,,,,,,,,,,,,,,,,,,,,,,,34.15278,26.531633,-0.69691825,34.15278,26.531633,0.06298362,,,,,,,,,,,,,,,,,,,,,,,,,,,,,,,,,,,,,,,,,,,,,,,,,,,,,,,,,,,,,,,
34.15278,26.561611,0.39718875,34.15278,26.561611,0.40746692,,,,,,,,,,,,,,,,,,,,,,,,,,,,,,,,,,,,,,,,,,,,,,,,,,,,,,,,,,,,,34.15278,26.561611,0.07211081,34.15278,26.561611,-0.13962309,,,,,,,,,,,,,,,,,,,,,,,,,,,,,,,,,,,,,,,,,,,,,,,,,,,,,,,,,,,,,,,
34.15278,26.59159,0.39793244,34.15278,26.59159,0.41424954,,,,,,,,,,,,,,,,,,,,,,,,,,,,,,,,,,,,,,,,,,,,,,,,,,,,,,,,,,,,,34.15278,26.59159,0.18330882,34.15278,26.59159,0.8128961,,,,,,,,,,,,,,,,,,,,,,,,,,,,,,,,,,,,,,,,,,,,,,,,,,,,,,,,,,,,,,,
34.15278,26.62157,0.39677227,34.15278,26.62157,0.40981707,,,,,,,,,,,,,,,,,,,,,,,,,,,,,,,,,,,,,,,,,,,,,,,,,,,,,,,,,,,,,34.15278,26.62157,0.033085372,34.15278,26.62157,0.2031583,,,,,,,,,,,,,,,,,,,,,,,,,,,,,,,,,,,,,,,,,,,,,,,,,,,,,,,,,,,,,,,
34.15278,26.65155,0.39574596,34.15278,26.65155,0.40813625,,,,,,,,,,,,,,,,,,,,,,,,,,,,,,,,,,,,,,,,,,,,,,,,,,,,,,,,,,,,,34.15278,26.65155,-0.12743545,34.15278,26.65155,-0.043010022,,,,,,,,,,,,,,,,,,,,,,,,,,,,,,,,,,,,,,,,,,,,,,,,,,,,,,,,,,,,,,,
34.15278,26.681528,0.39616242,34.15278,26.681528,0.41094747,,,,,,,,,,,,,,,,,,,,,,,,,,,,,,,,,,,,,,,,,,,,,,,,,,,,,,,,,,,,,34.15278,26.681528,-0.067954145,34.15278,26.681528,0.3665558,,,,,,,,,,,,,,,,,,,,,,,,,,,,,,,,,,,,,,,,,,,,,,,,,,,,,,,,,,,,,,,
34.15278,26.711508,0.39201248,34.15278,26.711508,0.40828496,,,,,,,,,,,,,,,,,,,,,,,,,,,,,,,,,,,,,,,,,,,,,,,,,,,,,,,,,,,,,34.15278,26.711508,-0.6089456,34.15278,26.711508,0.008402818,,,,,,,,,,,,,,,,,,,,,,,,,,,,,,,,,,,,,,,,,,,,,,,,,,,,,,,,,,,,,,,
34.15278,26.741488,0.3916109,34.15278,26.741488,0.4101294,,,,,,,,,,,,,,,,,,,,,,,,,,,,,,,,,,,,,,,,,,,,,,,,,,,,,,,,,,,,,34.15278,26.741488,-0.69442487,34.15278,26.741488,0.23793411,,,,,,,,,,,,,,,,,,,,,,,,,,,,,,,,,,,,,,,,,,,,,,,,,,,,,,,,,,,,,,,
34.15278,26.771467,0.39730775,34.15278,26.771467,0.4069463,,,,,,,,,,,,,,,,,,,,,,,,,,,,,,,,,,,,,,,,,,,,,,,,,,,,,,,,,,,,,34.15278,26.771467,0.09335791,34.15278,26.771467,-0.22001147,,,,,,,,,,,,,,,,,,,,,,,,,,,,,,,,,,,,,,,,,,,,,,,,,,,,,,,,,,,,,,,
34.15278,26.801445,0.3980366,34.15278,26.801445,0.40809166,,,,,,,,,,,,,,,,,,,,,,,,,,,,,,,,,,,,,,,,,,,,,,,,,,,,,,,,,,,,,34.15278,26.801445,0.20222582,34.15278,26.801445,-0.020366844,,,,,,,,,,,,,,,,,,,,,,,,,,,,,,,,,,,,,,,,,,,,,,,,,,,,,,,,,,,,,,,
34.15278,26.831425,0.39782837,34.15278,26.831425,0.4069017,,,,,,,,,,,,,,,,,,,,,,,,,,,,,,,,,,,,,,,,,,,,,,,,,,,,,,,,,,,,,34.15278,26.831425,0.19728893,34.15278,26.831425,-0.20149961,,,,,,,,,,,,,,,,,,,,,,,,,,,,,,,,,,,,,,,,,,,,,,,,,,,,,,,,,,,,,,,
34.15278,26.861404,0.39822996,34.15278,26.861404,0.4079429,,,,,,,,,,,,,,,,,,,,,,,,,,,,,,,,,,,,,,,,,,,,,,,,,,,,,,,,,,,,,34.15278,26.861404,0.25836372,34.15278,26.861404,-0.08786268,,,,,,,,,,,,,,,,,,,,,,,,,,,,,,,,,,,,,,,,,,,,,,,,,,,,,,,,,,,,,,,
34.15278,26.891384,0.39564186,34.15278,26.891384,0.40864196,,,,,,,,,,,,,,,,,,,,,,,,,,,,,,,,,,,,,,,,,,,,,,,,,,,,,,,,,,,,,34.15278,26.891384,-0.13812526,34.15278,26.891384,0.010205348,,,,,,,,,,,,,,,,,,,,,,,,,,,,,,,,,,,,,,,,,,,,,,,,,,,,,,,,,,,,,,,
34.15278,26.921362,0.3938569,34.15278,26.921362,0.40437305,,,,,,,,,,,,,,,,,,,,,,,,,,,,,,,,,,,,,,,,,,,,,,,,,,,,,,,,,,,,,34.15278,26.921362,-0.38868356,34.15278,26.921362,-0.57812023,,,,,,,,,,,,,,,,,,,,,,,,,,,,,,,,,,,,,,,,,,,,,,,,,,,,,,,,,,,,,,,
34.15278,26.951342,0.39999998,34.15278,26.951342,0.4054886,,,,,,,,,,,,,,,,,,,,,,,,,,,,,,,,,,,,,,,,,,,,,,,,,,,,,,,,,,,,,34.15278,26.951342,0.45767704,34.15278,26.951342,-0.40905982,,,,,,,,,,,,,,,,,,,,,,,,,,,,,,,,,,,,,,,,,,,,,,,,,,,,,,,,,,,,,,,
34.15278,26.981321,0.39802176,34.15278,26.981321,0.40481928,,,,,,,,,,,,,,,,,,,,,,,,,,,,,,,,,,,,,,,,,,,,,,,,,,,,,,,,,,,,,34.15278,26.981321,0.19582957,34.15278,26.981321,-0.50301814,,,,,,,,,,,,,,,,,,,,,,,,,,,,,,,,,,,,,,,,,,,,,,,,,,,,,,,,,,,,,,,
34.15278,27.011301,0.39735234,34.15278,27.011301,0.41114086,,,,,,,,,,,,,,,,,,,,,,,,,,,,,,,,,,,,,,,,,,,,,,,,,,,,,,,,,,,,,34.15278,27.011301,0.12156028,34.15278,27.011301,0.37259662,,,,,,,,,,,,,,,,,,,,,,,,,,,,,,,,,,,,,,,,,,,,,,,,,,,,,,,,,,,,,,,
34.15278,27.041279,0.3950766,34.15278,27.041279,0.40785366,,,,,,,,,,,,,,,,,,,,,,,,,,,,,,,,,,,,,,,,,,,,,,,,,,,,,,,,,,,,,34.15278,27.041279,-0.2089042,34.15278,27.041279,-0.10692691,,,,,,,,,,,,,,,,,,,,,,,,,,,,,,,,,,,,,,,,,,,,,,,,,,,,,,,,,,,,,,,
34.15278,27.071259,0.392191,34.15278,27.071259,0.40835938,,,,,,,,,,,,,,,,,,,,,,,,,,,,,,,,,,,,,,,,,,,,,,,,,,,,,,,,,,,,,34.15278,27.071259,-0.59332746,34.15278,27.071259,0.017342862,,,,,,,,,,,,,,,,,,,,,,,,,,,,,,,,,,,,,,,,,,,,,,,,,,,,,,,,,,,,,,,
34.15278,27.101238,0.39232484,34.15278,27.101238,0.40654466,,,,,,,,,,,,,,,,,,,,,,,,,,,,,,,,,,,,,,,,,,,,,,,,,,,,,,,,,,,,,34.15278,27.101238,-0.6274444,34.15278,27.101238,-0.2507665,,,,,,,,,,,,,,,,,,,,,,,,,,,,,,,,,,,,,,,,,,,,,,,,,,,,,,,,,,,,,,,
34.15278,27.131218,0.39831918,34.15278,27.131218,0.41377363,,,,,,,,,,,,,,,,,,,,,,,,,,,,,,,,,,,,,,,,,,,,,,,,,,,,,,,,,,,,,34.15278,27.131218,0.25810418,34.15278,27.131218,0.7663595,,,,,,,,,,,,,,,,,,,,,,,,,,,,,,,,,,,,,,,,,,,,,,,,,,,,,,,,,,,,,,,
34.15278,27.161196,0.39741188,34.15278,27.161196,0.40687194,,,,,,,,,,,,,,,,,,,,,,,,,,,,,,,,,,,,,,,,,,,,,,,,,,,,,,,,,,,,,34.15278,27.161196,0.10594324,34.15278,27.161196,-0.26231223,,,,,,,,,,,,,,,,,,,,,,,,,,,,,,,,,,,,,,,,,,,,,,,,,,,,,,,,,,,,,,,
34.15278,27.191175,0.40162128,34.15278,27.191175,0.40484902,,,,,,,,,,,,,,,,,,,,,,,,,,,,,,,,,,,,,,,,,,,,,,,,,,,,,,,,,,,,,34.15278,27.191175,0.70863694,34.15278,27.191175,-0.48583996,,,,,,,,,,,,,,,,,,,,,,,,,,,,,,,,,,,,,,,,,,,,,,,,,,,,,,,,,,,,,,,
34.15278,27.221155,0.39430317,34.15278,27.221155,0.4069463,,,,,,,,,,,,,,,,,,,,,,,,,,,,,,,,,,,,,,,,,,,,,,,,,,,,,,,,,,,,,34.15278,27.221155,-0.3236074,34.15278,27.221155,-0.1898527,,,,,,,,,,,,,,,,,,,,,,,,,,,,,,,,,,,,,,,,,,,,,,,,,,,,,,,,,,,,,,,
34.15278,27.251135,0.39497247,34.15278,27.251135,0.40514648,,,,,,,,,,,,,,,,,,,,,,,,,,,,,,,,,,,,,,,,,,,,,,,,,,,,,,,,,,,,,34.15278,27.251135,-0.21355748,34.15278,27.251135,-0.44632137,,,,,,,,,,,,,,,,,,,,,,,,,,,,,,,,,,,,,,,,,,,,,,,,,,,,,,,,,,,,,,,
34.15278,27.281113,0.39424366,34.15278,27.281113,0.40946004,,,,,,,,,,,,,,,,,,,,,,,,,,,,,,,,,,,,,,,,,,,,,,,,,,,,,,,,,,,,,34.15278,27.281113,-0.29168046,34.15278,27.281113,0.1507642,,,,,,,,,,,,,,,,,,,,,,,,,,,,,,,,,,,,,,,,,,,,,,,,,,,,,,,,,,,,,,,
34.15278,27.311092,0.39784324,34.15278,27.311092,0.40798748,,,,,,,,,,,,,,,,,,,,,,,,,,,,,,,,,,,,,,,,,,,,,,,,,,,,,,,,,,,,,34.15278,27.311092,0.17643905,34.15278,27.311092,-0.05271682,,,,,,,,,,,,,,,,,,,,,,,,,,,,,,,,,,,,,,,,,,,,,,,,,,,,,,,,,,,,,,,
34.15278,27.341072,0.39683178,34.15278,27.341072,0.40941542,,,,,,,,,,,,,,,,,,,,,,,,,,,,,,,,,,,,,,,,,,,,,,,,,,,,,,,,,,,,,34.15278,27.341072,0.0074950424,34.15278,27.341072,0.10637282,,,,,,,,,,,,,,,,,,,,,,,,,,,,,,,,,,,,,,,,,,,,,,,,,,,,,,,,,,,,,,,
34.15278,27.371052,0.39706975,34.15278,27.371052,0.41012943,,,,,,,,,,,,,,,,,,,,,,,,,,,,,,,,,,,,,,,,,,,,,,,,,,,,,,,,,,,,,34.15278,27.371052,0.09122067,34.15278,27.371052,0.26346526,,,,,,,,,,,,,,,,,,,,,,,,,,,,,,,,,,,,,,,,,,,,,,,,,,,,,,,,,,,,,,,
34.15278,27.401031,0.3936338,34.15278,27.401031,0.40818083,,,,,,,,,,,,,,,,,,,,,,,,,,,,,,,,,,,,,,,,,,,,,,,,,,,,,,,,,,,,,34.15278,27.401031,-0.37513894,34.15278,27.401031,-0.00834064,,,,,,,,,,,,,,,,,,,,,,,,,,,,,,,,,,,,,,,,,,,,,,,,,,,,,,,,,,,,,,,
34.15278,27.43101,0.39532948,34.15278,27.43101,0.40815115,,,,,,,,,,,,,,,,,,,,,,,,,,,,,,,,,,,,,,,,,,,,,,,,,,,,,,,,,,,,,34.15278,27.43101,-0.16066091,34.15278,27.43101,-0.018858403,,,,,,,,,,,,,,,,,,,,,,,,,,,,,,,,,,,,,,,,,,,,,,,,,,,,,,,,,,,,,,,
34.15278,27.460989,0.3994645,34.15278,27.460989,0.41014427,,,,,,,,,,,,,,,,,,,,,,,,,,,,,,,,,,,,,,,,,,,,,,,,,,,,,,,,,,,,,34.15278,27.460989,0.40923882,34.15278,27.460989,0.24269335,,,,,,,,,,,,,,,,,,,,,,,,,,,,,,,,,,,,,,,,,,,,,,,,,,,,,,,,,,,,,,,
34.15278,27.490969,0.39418417,34.15278,27.490969,0.40792796,,,,,,,,,,,,,,,,,,,,,,,,,,,,,,,,,,,,,,,,,,,,,,,,,,,,,,,,,,,,,34.15278,27.490969,-0.30153123,34.15278,27.490969,-0.08567031,,,,,,,,,,,,,,,,,,,,,,,,,,,,,,,,,,,,,,,,,,,,,,,,,,,,,,,,,,,,,,,
34.15278,27.520948,0.39976203,34.15278,27.520948,0.40773463,,,,,,,,,,,,,,,,,,,,,,,,,,,,,,,,,,,,,,,,,,,,,,,,,,,,,,,,,,,,,34.15278,27.520948,0.4605856,34.15278,27.520948,-0.10151646,,,,,,,,,,,,,,,,,,,,,,,,,,,,,,,,,,,,,,,,,,,,,,,,,,,,,,,,,,,,,,,
34.15278,27.550926,0.39881003,34.15278,27.550926,0.41212255,,,,,,,,,,,,,,,,,,,,,,,,,,,,,,,,,,,,,,,,,,,,,,,,,,,,,,,,,,,,,34.15278,27.550926,0.32761732,34.15278,27.550926,0.5294643,,,,,,,,,,,,,,,,,,,,,,,,,,,,,,,,,,,,,,,,,,,,,,,,,,,,,,,,,,,,,,,
34.15278,27.580906,0.3935743,34.15278,27.580906,0.40782392,,,,,,,,,,,,,,,,,,,,,,,,,,,,,,,,,,,,,,,,,,,,,,,,,,,,,,,,,,,,,34.15278,27.580906,-0.40451744,34.15278,27.580906,-0.09049701,,,,,,,,,,,,,,,,,,,,,,,,,,,,,,,,,,,,,,,,,,,,,,,,,,,,,,,,,,,,,,,
34.15278,27.610886,0.4015469,34.15278,27.610886,0.40913284,,,,,,,,,,,,,,,,,,,,,,,,,,,,,,,,,,,,,,,,,,,,,,,,,,,,,,,,,,,,,34.15278,27.610886,0.67373407,34.15278,27.610886,0.070938714,,,,,,,,,,,,,,,,,,,,,,,,,,,,,,,,,,,,,,,,,,,,,,,,,,,,,,,,,,,,,,,
34.15278,27.640865,0.39779863,34.15278,27.640865,0.4113045,,,,,,,,,,,,,,,,,,,,,,,,,,,,,,,,,,,,,,,,,,,,,,,,,,,,,,,,,,,,,34.15278,27.640865,0.19730952,34.15278,27.640865,0.38770416,,,,,,,,,,,,,,,,,,,,,,,,,,,,,,,,,,,,,,,,,,,,,,,,,,,,,,,,,,,,,,,
34.15278,27.670843,0.40217167,34.15278,27.670843,0.40777928,,,,,,,,,,,,,,,,,,,,,,,,,,,,,,,,,,,,,,,,,,,,,,,,,,,,,,,,,,,,,34.15278,27.670843,0.78421336,34.15278,27.670843,-0.09837452,,,,,,,,,,,,,,,,,,,,,,,,,,,,,,,,,,,,,,,,,,,,,,,,,,,,,,,,,,,,,,,
34.15278,27.700823,0.39556742,34.15278,27.700823,0.40938568,,,,,,,,,,,,,,,,,,,,,,,,,,,,,,,,,,,,,,,,,,,,,,,,,,,,,,,,,,,,,34.15278,27.700823,-0.1646915,34.15278,27.700823,0.15383379,,,,,,,,,,,,,,,,,,,,,,,,,,,,,,,,,,,,,,,,,,,,,,,,,,,,,,,,,,,,,,,
34.15278,27.730803,0.3954931,34.15278,27.730803,0.41105163,,,,,,,,,,,,,,,,,,,,,,,,,,,,,,,,,,,,,,,,,,,,,,,,,,,,,,,,,,,,,34.15278,27.730803,-0.1483886,34.15278,27.730803,0.33645967,,,,,,,,,,,,,,,,,,,,,,,,,,,,,,,,,,,,,,,,,,,,,,,,,,,,,,,,,,,,,,,
34.15278,27.760782,0.3946155,34.15278,27.760782,0.40968317,,,,,,,,,,,,,,,,,,,,,,,,,,,,,,,,,,,,,,,,,,,,,,,,,,,,,,,,,,,,,34.15278,27.760782,-0.22976205,34.15278,27.760782,0.19295835,,,,,,,,,,,,,,,,,,,,,,,,,,,,,,,,,,,,,,,,,,,,,,,,,,,,,,,,,,,,,,,
34.15278,27.79076,0.3991819,34.15278,27.79076,0.40855277,,,,,,,,,,,,,,,,,,,,,,,,,,,,,,,,,,,,,,,,,,,,,,,,,,,,,,,,,,,,,34.15278,27.79076,0.35954028,34.15278,27.79076,0.036611695,,,,,,,,,,,,,,,,,,,,,,,,,,,,,,,,,,,,,,,,,,,,,,,,,,,,,,,,,,,,,,,
34.15278,27.82074,0.39875054,34.15278,27.82074,0.40992114,,,,,,,,,,,,,,,,,,,,,,,,,,,,,,,,,,,,,,,,,,,,,,,,,,,,,,,,,,,,,34.15278,27.82074,0.2981085,34.15278,27.82074,0.22510007,,,,,,,,,,,,,,,,,,,,,,,,,,,,,,,,,,,,,,,,,,,,,,,,,,,,,,,,,,,,,,,
34.15278,27.85072,0.39482376,34.15278,27.85072,0.40913284,,,,,,,,,,,,,,,,,,,,,,,,,,,,,,,,,,,,,,,,,,,,,,,,,,,,,,,,,,,,,34.15278,27.85072,-0.23459138,34.15278,27.85072,0.09874893,,,,,,,,,,,,,,,,,,,,,,,,,,,,,,,,,,,,,,,,,,,,,,,,,,,,,,,,,,,,,,,
34.15278,27.8807,0.397754,34.15278,27.8807,0.40322772,,,,,,,,,,,,,,,,,,,,,,,,,,,,,,,,,,,,,,,,,,,,,,,,,,,,,,,,,,,,,34.15278,27.8807,0.14965218,34.15278,27.8807,-0.7220254,,,,,,,,,,,,,,,,,,,,,,,,,,,,,,,,,,,,,,,,,,,,,,,,,,,,,,,,,,,,,,,
34.15278,27.910677,0.39177454,34.15278,27.910677,0.40731817,,,,,,,,,,,,,,,,,,,,,,,,,,,,,,,,,,,,,,,,,,,,,,,,,,,,,,,,,,,,,34.15278,27.910677,-0.69715244,34.15278,27.910677,-0.15294251,,,,,,,,,,,,,,,,,,,,,,,,,,,,,,,,,,,,,,,,,,,,,,,,,,,,,,,,,,,,,,,
34.15278,27.940657,0.3971441,34.15278,27.940657,0.40776438,,,,,,,,,,,,,,,,,,,,,,,,,,,,,,,,,,,,,,,,,,,,,,,,,,,,,,,,,,,,,34.15278,27.940657,0.08688022,34.15278,27.940657,-0.062159438,,,,,,,,,,,,,,,,,,,,,,,,,,,,,,,,,,,,,,,,,,,,,,,,,,,,,,,,,,,,,,,
34.15278,27.970636,0.402722,34.15278,27.970636,0.40987659,,,,,,,,,,,,,,,,,,,,,,,,,,,,,,,,,,,,,,,,,,,,,,,,,,,,,,,,,,,,,34.15278,27.970636,0.8224448,34.15278,27.970636,0.17721231,,,,,,,,,,,,,,,,,,,,,,,,,,,,,,,,,,,,,,,,,,,,,,,,,,,,,,,,,,,,,,,
34.15278,28.000616,0.39516583,34.15278,28.000616,0.4071248,,,,,,,,,,,,,,,,,,,,,,,,,,,,,,,,,,,,,,,,,,,,,,,,,,,,,,,,,,,,,34.15278,28.000616,-0.18262194,34.15278,28.000616,-0.15701407,,,,,,,,,,,,,,,,,,,,,,,,,,,,,,,,,,,,,,,,,,,,,,,,,,,,,,,,,,,,,,,
34.15278,28.030594,0.3964599,34.15278,28.030594,0.4068719,,,,,,,,,,,,,,,,,,,,,,,,,,,,,,,,,,,,,,,,,,,,,,,,,,,,,,,,,,,,,34.15278,28.030594,-0.029774752,34.15278,28.030594,-0.2390675,,,,,,,,,,,,,,,,,,,,,,,,,,,,,,,,,,,,,,,,,,,,,,,,,,,,,,,,,,,,,,,
34.15278,28.060574,0.39582032,34.15278,28.060574,0.41105163,,,,,,,,,,,,,,,,,,,,,,,,,,,,,,,,,,,,,,,,,,,,,,,,,,,,,,,,,,,,,34.15278,28.060574,-0.14737412,34.15278,28.060574,0.37302268,,,,,,,,,,,,,,,,,,,,,,,,,,,,,,,,,,,,,,,,,,,,,,,,,,,,,,,,,,,,,,,
34.15278,28.090553,0.39477912,34.15278,28.090553,0.4077495,,,,,,,,,,,,,,,,,,,,,,,,,,,,,,,,,,,,,,,,,,,,,,,,,,,,,,,,,,,,,34.15278,28.090553,-0.2697619,34.15278,28.090553,-0.10821724,,,,,,,,,,,,,,,,,,,,,,,,,,,,,,,,,,,,,,,,,,,,,,,,,,,,,,,,,,,,,,,
34.15278,28.120533,0.39430317,34.15278,28.120533,0.4097873,,,,,,,,,,,,,,,,,,,,,,,,,,,,,,,,,,,,,,,,,,,,,,,,,,,,,,,,,,,,,34.15278,28.120533,-0.33726236,34.15278,28.120533,0.16326271,,,,,,,,,,,,,,,,,,,,,,,,,,,,,,,,,,,,,,,,,,,,,,,,,,,,,,,,,,,,,,,
34.15278,28.150513,0.39656404,34.15278,28.150513,0.4067083,,,,,,,,,,,,,,,,,,,,,,,,,,,,,,,,,,,,,,,,,,,,,,,,,,,,,,,,,,,,,34.15278,28.150513,0.003923532,34.15278,28.150513,-0.22465545,,,,,,,,,,,,,,,,,,,,,,,,,,,,,,,,,,,,,,,,,,,,,,,,,,,,,,,,,,,,,,,
34.15278,28.18049,0.39076304,34.15278,28.18049,0.41075414,,,,,,,,,,,,,,,,,,,,,,,,,,,,,,,,,,,,,,,,,,,,,,,,,,,,,,,,,,,,,34.15278,28.18049,-0.80243164,34.15278,28.18049,0.34784812,,,,,,,,,,,,,,,,,,,,,,,,,,,,,,,,,,,,,,,,,,,,,,,,,,,,,,,,,,,,,,,
34.15278,28.21047,0.3957608,34.15278,28.21047,0.40587536,,,,,,,,,,,,,,,,,,,,,,,,,,,,,,,,,,,,,,,,,,,,,,,,,,,,,,,,,,,,,34.15278,28.21047,-0.11535716,34.15278,28.21047,-0.38952744,,,,,,,,,,,,,,,,,,,,,,,,,,,,,,,,,,,,,,,,,,,,,,,,,,,,,,,,,,,,,,,
34.15278,28.24045,0.40047598,34.15278,28.24045,0.410888,,,,,,,,,,,,,,,,,,,,,,,,,,,,,,,,,,,,,,,,,,,,,,,,,,,,,,,,,,,,,34.15278,28.24045,0.53372884,34.15278,28.24045,0.35598925,,,,,,,,,,,,,,,,,,,,,,,,,,,,,,,,,,,,,,,,,,,,,,,,,,,,,,,,,,,,,,,
34.15278,28.27043,0.3977391,34.15278,28.27043,0.411602,,,,,,,,,,,,,,,,,,,,,,,,,,,,,,,,,,,,,,,,,,,,,,,,,,,,,,,,,,,,,34.15278,28.27043,0.1701436,34.15278,28.27043,0.47528014,,,,,,,,,,,,,,,,,,,,,,,,,,,,,,,,,,,,,,,,,,,,,,,,,,,,,,,,,,,,,,,
34.15278,28.300407,0.39593932,34.15278,28.300407,0.40951955,,,,,,,,,,,,,,,,,,,,,,,,,,,,,,,,,,,,,,,,,,,,,,,,,,,,,,,,,,,,,34.15278,28.300407,-0.09086525,34.15278,28.300407,0.15484303,,,,,,,,,,,,,,,,,,,,,,,,,,,,,,,,,,,,,,,,,,,,,,,,,,,,,,,,,,,,,,,
34.15278,28.330387,0.4012643,34.15278,28.330387,0.4111855,,,,,,,,,,,,,,,,,,,,,,,,,,,,,,,,,,,,,,,,,,,,,,,,,,,,,,,,,,,,,34.15278,28.330387,0.65932477,34.15278,28.330387,0.41657898,,,,,,,,,,,,,,,,,,,,,,,,,,,,,,,,,,,,,,,,,,,,,,,,,,,,,,,,,,,,,,,
34.15278,28.360367,0.39283058,34.15278,28.360367,0.40746692,,,,,,,,,,,,,,,,,,,,,,,,,,,,,,,,,,,,,,,,,,,,,,,,,,,,,,,,,,,,,34.15278,28.360367,-0.5199859,34.15278,28.360367,-0.121750884,,,,,,,,,,,,,,,,,,,,,,,,,,,,,,,,,,,,,,,,,,,,,,,,,,,,,,,,,,,,,,,
34.15278,28.390347,0.39159602,34.15278,28.390347,0.40791312,,,,,,,,,,,,,,,,,,,,,,,,,,,,,,,,,,,,,,,,,,,,,,,,,,,,,,,,,,,,,34.15278,28.390347,-0.69353753,34.15278,28.390347,-0.096445665,,,,,,,,,,,,,,,,,,,,,,,,,,,,,,,,,,,,,,,,,,,,,,,,,,,,,,,,,,,,,,,
34.15278,28.420324,0.39936042,34.15278,28.420324,0.405563,,,,,,,,,,,,,,,,,,,,,,,,,,,,,,,,,,,,,,,,,,,,,,,,,,,,,,,,,,,,,34.15278,28.420324,0.4237547,34.15278,28.420324,-0.38072428,,,,,,,,,,,,,,,,,,,,,,,,,,,,,,,,,,,,,,,,,,,,,,,,,,,,,,,,,,,,,,,
34.15278,28.450304,0.3969805,34.15278,28.450304,0.40849322,,,,,,,,,,,,,,,,,,,,,,,,,,,,,,,,,,,,,,,,,,,,,,,,,,,,,,,,,,,,,34.15278,28.450304,0.065065295,34.15278,28.450304,-0.01160555,,,,,,,,,,,,,,,,,,,,,,,,,,,,,,,,,,,,,,,,,,,,,,,,,,,,,,,,,,,,,,,
34.15278,28.480284,0.39558232,34.15278,28.480284,0.4043433,,,,,,,,,,,,,,,,,,,,,,,,,,,,,,,,,,,,,,,,,,,,,,,,,,,,,,,,,,,,,34.15278,28.480284,-0.12450686,34.15278,28.480284,-0.57467496,,,,,,,,,,,,,,,,,,,,,,,,,,,,,,,,,,,,,,,,,,,,,,,,,,,,,,,,,,,,,,,
34.15278,28.510263,0.39922655,34.15278,28.510263,0.4098171,,,,,,,,,,,,,,,,,,,,,,,,,,,,,,,,,,,,,,,,,,,,,,,,,,,,,,,,,,,,,34.15278,28.510263,0.38608715,34.15278,28.510263,0.16234758,,,,,,,,,,,,,,,,,,,,,,,,,,,,,,,,,,,,,,,,,,,,,,,,,,,,,,,,,,,,,,,
34.15278,28.540241,0.39956868,34.15278,28.540241,0.40911797,,,,,,,,,,,,,,,,,,,,,,,,,,,,,,,,,,,,,,,,,,,,,,,,,,,,,,,,,,,,,34.15278,28.540241,0.43835723,34.15278,28.540241,0.11049155,,,,,,,,,,,,,,,,,,,,,,,,,,,,,,,,,,,,,,,,,,,,,,,,,,,,,,,,,,,,,,,
34.15278,28.57022,0.40029752,34.15278,28.57022,0.41051614,,,,,,,,,,,,,,,,,,,,,,,,,,,,,,,,,,,,,,,,,,,,,,,,,,,,,,,,,,,,,34.15278,28.57022,0.5138478,34.15278,28.57022,0.30747554,,,,,,,,,,,,,,,,,,,,,,,,,,,,,,,,,,,,,,,,,,,,,,,,,,,,,,,,,,,,,,,
34.15278,28.6002,0.40169567,34.15278,28.6002,0.41120037,,,,,,,,,,,,,,,,,,,,,,,,,,,,,,,,,,,,,,,,,,,,,,,,,,,,,,,,,,,,,34.15278,28.6002,0.7371854,34.15278,28.6002,0.38356632,,,,,,,,,,,,,,,,,,,,,,,,,,,,,,,,,,,,,,,,,,,,,,,,,,,,,,,,,,,,,,,
34.15278,28.63018,0.39828947,34.15278,28.63018,0.41183993,,,,,,,,,,,,,,,,,,,,,,,,,,,,,,,,,,,,,,,,,,,,,,,,,,,,,,,,,,,,,34.15278,28.63018,0.22997639,34.15278,28.63018,0.4672951,,,,,,,,,,,,,,,,,,,,,,,,,,,,,,,,,,,,,,,,,,,,,,,,,,,,,,,,,,,,,,,
34.15278,28.660158,0.39107543,34.15278,28.660158,0.40887994,,,,,,,,,,,,,,,,,,,,,,,,,,,,,,,,,,,,,,,,,,,,,,,,,,,,,,,,,,,,,34.15278,28.660158,-0.7584843,34.15278,28.660158,0.038187716,,,,,,,,,,,,,,,,,,,,,,,,,,,,,,,,,,,,,,,,,,,,,,,,,,,,,,,,,,,,,,,
34.15278,28.690138,0.39698052,34.15278,28.690138,0.4087759,,,,,,,,,,,,,,,,,,,,,,,,,,,,,,,,,,,,,,,,,,,,,,,,,,,,,,,,,,,,,34.15278,28.690138,0.033802994,34.15278,28.690138,0.039885376,,,,,,,,,,,,,,,,,,,,,,,,,,,,,,,,,,,,,,,,,,,,,,,,,,,,,,,,,,,,,,,
34.15278,28.720118,0.39906293,34.15278,28.720118,0.40319797,,,,,,,,,,,,,,,,,,,,,,,,,,,,,,,,,,,,,,,,,,,,,,,,,,,,,,,,,,,,,34.15278,28.720118,0.3516363,34.15278,28.720118,-0.7395823,,,,,,,,,,,,,,,,,,,,,,,,,,,,,,,,,,,,,,,,,,,,,,,,,,,,,,,,,,,,,,,
34.15278,28.750097,0.39922655,34.15278,28.750097,0.4083742,,,,,,,,,,,,,,,,,,,,,,,,,,,,,,,,,,,,,,,,,,,,,,,,,,,,,,,,,,,,,34.15278,28.750097,0.37938893,34.15278,28.750097,-0.00862119,,,,,,,,,,,,,,,,,,,,,,,,,,,,,,,,,,,,,,,,,,,,,,,,,,,,,,,,,,,,,,,
34.15278,28.780075,0.39654917,34.15278,28.780075,0.40278152,,,,,,,,,,,,,,,,,,,,,,,,,,,,,,,,,,,,,,,,,,,,,,,,,,,,,,,,,,,,,34.15278,28.780075,0.024156358,34.15278,28.780075,-0.79828936,,,,,,,,,,,,,,,,,,,,,,,,,,,,,,,,,,,,,,,,,,,,,,,,,,,,,,,,,,,,,,,
34.15278,28.810055,0.39370817,34.15278,28.810055,0.40538448,,,,,,,,,,,,,,,,,,,,,,,,,,,,,,,,,,,,,,,,,,,,,,,,,,,,,,,,,,,,,34.15278,28.810055,-0.4135175,34.15278,28.810055,-0.42977536,,,,,,,,,,,,,,,,,,,,,,,,,,,,,,,,,,,,,,,,,,,,,,,,,,,,,,,,,,,,,,,
34.15278,28.840034,0.39840847,34.15278,28.840034,0.40535474,,,,,,,,,,,,,,,,,,,,,,,,,,,,,,,,,,,,,,,,,,,,,,,,,,,,,,,,,,,,,34.15278,28.840034,0.2614068,34.15278,28.840034,-0.43672612,,,,,,,,,,,,,,,,,,,,,,,,,,,,,,,,,,,,,,,,,,,,,,,,,,,,,,,,,,,,,,,
34.15278,28.870014,0.39638555,34.15278,28.870014,0.40977246,,,,,,,,,,,,,,,,,,,,,,,,,,,,,,,,,,,,,,,,,,,,,,,,,,,,,,,,,,,,,34.15278,28.870014,-0.050737612,34.15278,28.870014,0.18634576,,,,,,,,,,,,,,,,,,,,,,,,,,,,,,,,,,,,,,,,,,,,,,,,,,,,,,,,,,,,,,,
34.15278,28.899992,0.3979176,34.15278,28.899992,0.40580097,,,,,,,,,,,,,,,,,,,,,,,,,,,,,,,,,,,,,,,,,,,,,,,,,,,,,,,,,,,,,34.15278,28.899992,0.21485096,34.15278,28.899992,-0.3672027,,,,,,,,,,,,,,,,,,,,,,,,,,,,,,,,,,,,,,,,,,,,,,,,,,,,,,,,,,,,,,,
34.15278,28.929972,0.39091176,34.15278,28.929972,0.40751153,,,,,,,,,,,,,,,,,,,,,,,,,,,,,,,,,,,,,,,,,,,,,,,,,,,,,,,,,,,,,34.15278,28.929972,-0.8110815,34.15278,28.929972,-0.12616222,,,,,,,,,,,,,,,,,,,,,,,,,,,,,,,,,,,,,,,,,,,,,,,,,,,,,,,,,,,,,,,
34.15278,28.959951,0.39690617,34.15278,28.959951,0.40434328,,,,,,,,,,,,,,,,,,,,,,,,,,,,,,,,,,,,,,,,,,,,,,,,,,,,,,,,,,,,,34.15278,28.959951,0.081657246,34.15278,28.959951,-0.55727345,,,,,,,,,,,,,,,,,,,,,,,,,,,,,,,,,,,,,,,,,,,,,,,,,,,,,,,,,,,,,,,
34.15278,28.989931,0.3966533,34.15278,28.989931,0.40899897,,,,,,,,,,,,,,,,,,,,,,,,,,,,,,,,,,,,,,,,,,,,,,,,,,,,,,,,,,,,,34.15278,28.989931,-0.0014009409,34.15278,28.989931,0.051931832,,,,,,,,,,,,,,,,,,,,,,,,,,,,,,,,,,,,,,,,,,,,,,,,,,,,,,,,,,,,,,,
34.15278,29.01991,0.39482373,34.15278,29.01991,0.40849325,,,,,,,,,,,,,,,,,,,,,,,,,,,,,,,,,,,,,,,,,,,,,,,,,,,,,,,,,,,,,34.15278,29.01991,-0.22156593,34.15278,29.01991,-0.01551291,,,,,,,,,,,,,,,,,,,,,,,,,,,,,,,,,,,,,,,,,,,,,,,,,,,,,,,,,,,,,,,
34.15278,29.049889,0.39341068,34.15278,29.049889,0.41048637,,,,,,,,,,,,,,,,,,,,,,,,,,,,,,,,,,,,,,,,,,,,,,,,,,,,,,,,,,,,,34.15278,29.049889,-0.41201273,34.15278,29.049889,0.29530996,,,,,,,,,,,,,,,,,,,,,,,,,,,,,,,,,,,,,,,,,,,,,,,,,,,,,,,,,,,,,,,
34.15278,29.079868,0.39875057,34.15278,29.079868,0.4078685,,,,,,,,,,,,,,,,,,,,,,,,,,,,,,,,,,,,,,,,,,,,,,,,,,,,,,,,,,,,,34.15278,29.079868,0.29226127,34.15278,29.079868,-0.047978446,,,,,,,,,,,,,,,,,,,,,,,,,,,,,,,,,,,,,,,,,,,,,,,,,,,,,,,,,,,,,,,
34.15278,29.109848,0.39742672,34.15278,29.109848,0.40853786,,,,,,,,,,,,,,,,,,,,,,,,,,,,,,,,,,,,,,,,,,,,,,,,,,,,,,,,,,,,,34.15278,29.109848,0.14248914,34.15278,29.109848,0.026807893,,,,,,,,,,,,,,,,,,,,,,,,,,,,,,,,,,,,,,,,,,,,,,,,,,,,,,,,,,,,,,,
34.15278,29.139828,0.3951956,34.15278,29.139828,0.41082847,,,,,,,,,,,,,,,,,,,,,,,,,,,,,,,,,,,,,,,,,,,,,,,,,,,,,,,,,,,,,34.15278,29.139828,-0.1671003,34.15278,29.139828,0.2811168,,,,,,,,,,,,,,,,,,,,,,,,,,,,,,,,,,,,,,,,,,,,,,,,,,,,,,,,,,,,,,,
34.15278,29.169806,0.39696562,34.15278,29.169806,0.402722,,,,,,,,,,,,,,,,,,,,,,,,,,,,,,,,,,,,,,,,,,,,,,,,,,,,,,,,,,,,,34.15278,29.169806,0.05309753,34.15278,29.169806,-0.8148888,,,,,,,,,,,,,,,,,,,,,,,,,,,,,,,,,,,,,,,,,,,,,,,,,,,,,,,,,,,,,,,
34.15278,29.199785,0.39470476,34.15278,29.199785,0.40953442,,,,,,,,,,,,,,,,,,,,,,,,,,,,,,,,,,,,,,,,,,,,,,,,,,,,,,,,,,,,,34.15278,29.199785,-0.27011883,34.15278,29.199785,0.1554002,,,,,,,,,,,,,,,,,,,,,,,,,,,,,,,,,,,,,,,,,,,,,,,,,,,,,,,,,,,,,,,
34.15278,29.229765,0.39712927,34.15278,29.229765,0.41130447,,,,,,,,,,,,,,,,,,,,,,,,,,,,,,,,,,,,,,,,,,,,,,,,,,,,,,,,,,,,,34.15278,29.229765,0.093765624,34.15278,29.229765,0.41512364,,,,,,,,,,,,,,,,,,,,,,,,,,,,,,,,,,,,,,,,,,,,,,,,,,,,,,,,,,,,,,,
34.15278,29.259745,0.39678717,34.15278,29.259745,0.4062472,,,,,,,,,,,,,,,,,,,,,,,,,,,,,,,,,,,,,,,,,,,,,,,,,,,,,,,,,,,,,34.15278,29.259745,0.039004073,34.15278,29.259745,-0.29732043,,,,,,,,,,,,,,,,,,,,,,,,,,,,,,,,,,,,,,,,,,,,,,,,,,,,,,,,,,,,,,,
34.15278,29.289722,0.39695075,34.15278,29.289722,0.40513164,,,,,,,,,,,,,,,,,,,,,,,,,,,,,,,,,,,,,,,,,,,,,,,,,,,,,,,,,,,,,34.15278,29.289722,0.07350586,34.15278,29.289722,-0.4519511,,,,,,,,,,,,,,,,,,,,,,,,,,,,,,,,,,,,,,,,,,,,,,,,,,,,,,,,,,,,,,,
34.15278,29.319702,0.39764985,34.15278,29.319702,0.4103525,,,,,,,,,,,,,,,,,,,,,,,,,,,,,,,,,,,,,,,,,,,,,,,,,,,,,,,,,,,,,34.15278,29.319702,0.0853357,34.15278,29.319702,0.26489836,,,,,,,,,,,,,,,,,,,,,,,,,,,,,,,,,,,,,,,,,,,,,,,,,,,,,,,,,,,,,,,
34.15278,29.349682,0.39683178,34.15278,29.349682,0.41265807,,,,,,,,,,,,,,,,,,,,,,,,,,,,,,,,,,,,,,,,,,,,,,,,,,,,,,,,,,,,,34.15278,29.349682,0.006669667,34.15278,29.349682,0.5975201,,,,,,,,,,,,,,,,,,,,,,,,,,,,,,,,,,,,,,,,,,,,,,,,,,,,,,,,,,,,,,,
34.15278,29.379662,0.39562696,34.15278,29.379662,0.40641084,,,,,,,,,,,,,,,,,,,,,,,,,,,,,,,,,,,,,,,,,,,,,,,,,,,,,,,,,,,,,34.15278,29.379662,-0.13931583,34.15278,29.379662,-0.29532468,,,,,,,,,,,,,,,,,,,,,,,,,,,,,,,,,,,,,,,,,,,,,,,,,,,,,,,,,,,,,,,
34.15278,29.40964,0.39351478,34.15278,29.40964,0.40898407,,,,,,,,,,,,,,,,,,,,,,,,,,,,,,,,,,,,,,,,,,,,,,,,,,,,,,,,,,,,,34.15278,29.40964,-0.43230063,34.15278,29.40964,0.059872568,,,,,,,,,,,,,,,,,,,,,,,,,,,,,,,,,,,,,,,,,,,,,,,,,,,,,,,,,,,,,,,
34.15278,29.43962,0.39405027,34.15278,29.43962,0.41084337,,,,,,,,,,,,,,,,,,,,,,,,,,,,,,,,,,,,,,,,,,,,,,,,,,,,,,,,,,,,,34.15278,29.43962,-0.35604578,34.15278,29.43962,0.34668067,,,,,,,,,,,,,,,,,,,,,,,,,,,,,,,,,,,,,,,,,,,,,,,,,,,,,,,,,,,,,,,
34.15278,29.469599,0.400238,34.15278,29.469599,0.40737763,,,,,,,,,,,,,,,,,,,,,,,,,,,,,,,,,,,,,,,,,,,,,,,,,,,,,,,,,,,,,34.15278,29.469599,0.56099707,34.15278,29.469599,-0.13614336,,,,,,,,,,,,,,,,,,,,,,,,,,,,,,,,,,,,,,,,,,,,,,,,,,,,,,,,,,,,,,,
34.15278,29.499578,0.3961624,34.15278,29.499578,0.4084635,,,,,,,,,,,,,,,,,,,,,,,,,,,,,,,,,,,,,,,,,,,,,,,,,,,,,,,,,,,,,34.15278,29.499578,-0.09610848,34.15278,29.499578,0.046691377,,,,,,,,,,,,,,,,,,,,,,,,,,,,,,,,,,,,,,,,,,,,,,,,,,,,,,,,,,,,,,,
34.15278,29.529556,0.399643,34.15278,29.529556,0.40865684,,,,,,,,,,,,,,,,,,,,,,,,,,,,,,,,,,,,,,,,,,,,,,,,,,,,,,,,,,,,,34.15278,29.529556,0.43697086,34.15278,29.529556,0.055803962,,,,,,,,,,,,,,,,,,,,,,,,,,,,,,,,,,,,,,,,,,,,,,,,,,,,,,,,,,,,,,,
34.15278,29.559536,0.39787295,34.15278,29.559536,0.41015917,,,,,,,,,,,,,,,,,,,,,,,,,,,,,,,,,,,,,,,,,,,,,,,,,,,,,,,,,,,,,34.15278,29.559536,0.21469307,34.15278,29.559536,0.21330804,,,,,,,,,,,,,,,,,,,,,,,,,,,,,,,,,,,,,,,,,,,,,,,,,,,,,,,,,,,,,,,
34.15278,29.589516,0.39660868,34.15278,29.589516,0.40703553,,,,,,,,,,,,,,,,,,,,,,,,,,,,,,,,,,,,,,,,,,,,,,,,,,,,,,,,,,,,,34.15278,29.589516,-0.02067072,34.15278,29.589516,-0.18759117,,,,,,,,,,,,,,,,,,,,,,,,,,,,,,,,,,,,,,,,,,,,,,,,,,,,,,,,,,,,,,,
34.15278,29.619495,0.3938867,34.15278,29.619495,0.40825525,,,,,,,,,,,,,,,,,,,,,,,,,,,,,,,,,,,,,,,,,,,,,,,,,,,,,,,,,,,,,34.15278,29.619495,-0.3746597,34.15278,29.619495,-0.051580176,,,,,,,,,,,,,,,,,,,,,,,,,,,,,,,,,,,,,,,,,,,,,,,,,,,,,,,,,,,,,,,
34.15278,29.649473,0.39370817,34.15278,29.649473,0.41018888,,,,,,,,,,,,,,,,,,,,,,,,,,,,,,,,,,,,,,,,,,,,,,,,,,,,,,,,,,,,,34.15278,29.649473,-0.40275595,34.15278,29.649473,0.2701629,,,,,,,,,,,,,,,,,,,,,,,,,,,,,,,,,,,,,,,,,,,,,,,,,,,,,,,,,,,,,,,
34.15278,29.679453,0.39446676,34.15278,29.679453,0.40414992,,,,,,,,,,,,,,,,,,,,,,,,,,,,,,,,,,,,,,,,,,,,,,,,,,,,,,,,,,,,,34.15278,29.679453,-0.28158703,34.15278,29.679453,-0.6214799,,,,,,,,,,,,,,,,,,,,,,,,,,,,,,,,,,,,,,,,,,,,,,,,,,,,,,,,,,,,,,,
34.15278,29.709433,0.3991373,34.15278,29.709433,0.41221184,,,,,,,,,,,,,,,,,,,,,,,,,,,,,,,,,,,,,,,,,,,,,,,,,,,,,,,,,,,,,34.15278,29.709433,0.3271113,34.15278,29.709433,0.49985653,,,,,,,,,,,,,,,,,,,,,,,,,,,,,,,,,,,,,,,,,,,,,,,,,,,,,,,,,,,,,,,
34.15278,29.739412,0.39702514,34.15278,29.739412,0.4065149,,,,,,,,,,,,,,,,,,,,,,,,,,,,,,,,,,,,,,,,,,,,,,,,,,,,,,,,,,,,,34.15278,29.739412,0.08612985,34.15278,29.739412,-0.2549262,,,,,,,,,,,,,,,,,,,,,,,,,,,,,,,,,,,,,,,,,,,,,,,,,,,,,,,,,,,,,,,
34.15278,29.76939,0.3970995,34.15278,29.76939,0.41197383,,,,,,,,,,,,,,,,,,,,,,,,,,,,,,,,,,,,,,,,,,,,,,,,,,,,,,,,,,,,,34.15278,29.76939,0.07133487,34.15278,29.76939,0.5043712,,,,,,,,,,,,,,,,,,,,,,,,,,,,,,,,,,,,,,,,,,,,,,,,,,,,,,,,,,,,,,,
34.15278,29.79937,0.3957459,34.15278,29.79937,0.4075859,,,,,,,,,,,,,,,,,,,,,,,,,,,,,,,,,,,,,,,,,,,,,,,,,,,,,,,,,,,,,34.15278,29.79937,-0.12150742,34.15278,29.79937,-0.14011997,,,,,,,,,,,,,,,,,,,,,,,,,,,,,,,,,,,,,,,,,,,,,,,,,,,,,,,,,,,,,,,
34.15278,29.82935,0.39354455,34.15278,29.82935,0.40844858,,,,,,,,,,,,,,,,,,,,,,,,,,,,,,,,,,,,,,,,,,,,,,,,,,,,,,,,,,,,,34.15278,29.82935,-0.41100273,34.15278,29.82935,0.021348502,,,,,,,,,,,,,,,,,,,,,,,,,,,,,,,,,,,,,,,,,,,,,,,,,,,,,,,,,,,,,,,
34.15278,29.85933,0.39668304,34.15278,29.85933,0.4087907,,,,,,,,,,,,,,,,,,,,,,,,,,,,,,,,,,,,,,,,,,,,,,,,,,,,,,,,,,,,,34.15278,29.85933,0.051729005,34.15278,29.85933,0.052044537,,,,,,,,,,,,,,,,,,,,,,,,,,,,,,,,,,,,,,,,,,,,,,,,,,,,,,,,,,,,,,,
34.15278,29.889309,0.396921,34.15278,29.889309,0.4079577,,,,,,,,,,,,,,,,,,,,,,,,,,,,,,,,,,,,,,,,,,,,,,,,,,,,,,,,,,,,,34.15278,29.889309,0.072264306,34.15278,29.889309,-0.10449905,,,,,,,,,,,,,,,,,,,,,,,,,,,,,,,,,,,,,,,,,,,,,,,,,,,,,,,,,,,,,,,
34.15278,29.919287,0.38926077,34.15278,29.919287,0.41200358,,,,,,,,,,,,,,,,,,,,,,,,,,,,,,,,,,,,,,,,,,,,,,,,,,,,,,,,,,,,,34.15278,29.919287,-0.9991933,34.15278,29.919287,0.47425133,,,,,,,,,,,,,,,,,,,,,,,,,,,,,,,,,,,,,,,,,,,,,,,,,,,,,,,,,,,,,,,
34.15278,29.949266,0.3980663,34.15278,29.949266,0.40800238,,,,,,,,,,,,,,,,,,,,,,,,,,,,,,,,,,,,,,,,,,,,,,,,,,,,,,,,,,,,,34.15278,29.949266,0.22160527,34.15278,29.949266,-0.02296605,,,,,,,,,,,,,,,,,,,,,,,,,,,,,,,,,,,,,,,,,,,,,,,,,,,,,,,,,,,,,,,
34.15278,29.979246,0.39629626,34.15278,29.979246,0.40489367,,,,,,,,,,,,,,,,,,,,,,,,,,,,,,,,,,,,,,,,,,,,,,,,,,,,,,,,,,,,,34.15278,29.979246,-0.0020514065,34.15278,29.979246,-0.44777223,,,,,,,,,,,,,,,,,,,,,,,,,,,,,,,,,,,,,,,,,,,,,,,,,,,,,,,,,,,,,,,
