time,range_raw,copol_raw,time,range_raw,crosspol_raw,time,weather_inside_temperature,time,weather_outside_temperature,time,weather_inside_humidity,time,weather_outside_humidity,time,weather_wind_speed,time,weather_wind_direction,time,weather_barometric_pressure,time,weather_dew_point,time,weather_rain_rate,time,elevation_angle,time,azimuth_angle,time,copol_background,time,crosspol_background,time,telescope_temperature,time,detector_temperature,time,laser_temperature,time,date_yyyyMMdd,time,time_hhmmss,time,year,time,month,time,day,time,hour,time,minute,time,second,time,aod_age_secs,time,latitude,time,longitude,time,altitude,time,laser_energy,time,syncpulse,time,range_raw,copol_snr,time,range_raw,crosspol_snr,time,aeronet_aod,time,sda_aod_totals,time,sda_aod_fines,time,sda_aod_coarses,time,sda_ae_totals,time,sda_ae_fines,time,sda_dae_totals,time,sda_dae_fines,time,range_nrb,copol_nrb,time,range_nrb,crosspol_nrb,time,range_radiometer,radiometer_temperature,time,range_radiometer,radiometer_vaporDensity,time,range_radiometer,radiometer_liquid,time,range_radiometer,radiometer_relativeHumidity,time,number_of_clouds,number_of_cloud_outlines,clouds,time,number_of_clouds,pbls,time,range_vbp,extinction_coefficient,time,range_vbp,mass_concentration,time,range_vbp,VBP,time,range_nrb,depolarization_ratio,time,range_nrb,particle_type,time,number_of_particle_type,particle_type_mapping,time,lidar_ratio,time,aod
51.077084,0.029979246,23.85871,51.077084,0.029979246,18.204733,51.077084,29.228397,51.077084,25.85185,51.077084,26.11111,51.077084,78.0,51.077084,0.0,51.077084,128.33333,51.077084,976.1223,51.077084,21.7211,51.077084,0.0,51.077084,0.0,51.077084,0.0,51.077084,0.35395885,51.077084,0.4101671,51.077084,26.716667,51.077084,26.0,51.077084,26.525557,51.077084,20260220,51.077084,015100,51.077084,2026.0,51.077084,2.0,51.077084,20.0,51.077084,1.0,51.077084,51.0,51.077084,0.0,51.077084,-1.0,51.077084,-999.0,51.077084,-999.0,51.077084,-999.0,51.077084,4.271778,51.077084,2500.0,51.077084,0.029979246,3472.5862,51.077084,0.029979246,2366.4333,51.077084,,51.077084,,51.077084,,51.077084,,51.077084,,51.077084,,51.077084,,51.077084,,51.077084,0.11991698,0.2581273,51.077084,0.11991698,0.007950538,,,,,,,,,,,,,51.077084,0.0,0.0,,51.077084,0.0,1.4989623,51.077084,0.11991698,0.14276107,51.077084,0.11991698,28.12815,51.077084,0.11991698,0.0047587026,51.077084,0.11991698,0.029879875,51.077084,0.11991698,5.0,51.077084,0.0,WaterCloud,51.077084,30.0,51.077084,
51.077084,0.05995849,11.347612,51.077084,0.05995849,1.3812584,,,,,,,,,,,,,,,,,,,,,,,,,,,,,,,,,,,,,,,,,,,,,,,,,,,,,,,,,,,,,51.077084,0.05995849,1624.2592,51.077084,0.05995849,129.08209,,,,,,,,,,,,,,,,,51.077084,0.14989623,0.25548327,51.077084,0.14989623,0.0079504,,,,,,,,,,,,,51.077084,0.0,1.0,,51.077084,1.0,,51.077084,0.14989623,0.14313261,51.077084,0.14989623,28.129784,51.077084,0.14989623,0.004771088,51.077084,0.14989623,0.030173488,51.077084,0.14989623,6.0,51.077084,1.0,MixedCloud,,,,
51.077084,0.08993774,10.611051,51.077084,0.08993774,1.0321434,,,,,,,,,,,,,,,,,,,,,,,,,,,,,,,,,,,,,,,,,,,,,,,,,,,,,,,,,,,,,51.077084,0.08993774,1515.3145,51.077084,0.08993774,82.68692,,,,,,,,,,,,,,,,,51.077084,0.17987548,0.2530169,51.077084,0.17987548,0.007848437,,,,,,,,,,,,,51.077084,0.0,2.0,,51.077084,2.0,,51.077084,0.17987548,0.14368917,51.077084,0.17987548,28.13223,51.077084,0.17987548,0.004789639,51.077084,0.17987548,0.030072233,51.077084,0.17987548,6.0,51.077084,2.0,Ice/dust/ash,,,,
51.077084,0.11991698,10.026744,51.077084,0.11991698,0.8798899,,,,,,,,,,,,,,,,,,,,,,,,,,,,,,,,,,,,,,,,,,,,,,,,,,,,,,,,,,,,,51.077084,0.11991698,1429.1139,51.077084,0.11991698,62.45568,,,,,,,,,,,,,,,,,51.077084,0.20985472,0.25207934,51.077084,0.20985472,0.007896961,,,,,,,,,,,,,51.077084,1.0,0.0,,51.077084,3.0,,51.077084,0.20985472,0.14567679,51.077084,0.20985472,28.140978,51.077084,0.20985472,0.0048558936,51.077084,0.20985472,0.030362986,51.077084,0.20985472,6.0,51.077084,3.0,Rain/Dust,,,,
51.077084,0.14989623,9.534405,51.077084,0.14989623,0.8031385,,,,,,,,,,,,,,,,,,,,,,,,,,,,,,,,,,,,,,,,,,,,,,,,,,,,,,,,,,,,,51.077084,0.14989623,1356.4541,51.077084,0.14989623,52.245872,,,,,,,,,,,,,,,,,51.077084,0.23983397,0.24933974,51.077084,0.23983397,0.0077556106,,,,,,,,,,,,,51.077084,1.0,1.0,,51.077084,4.0,,51.077084,0.23983397,0.14592335,51.077084,0.23983397,28.142063,51.077084,0.23983397,0.0048641115,51.077084,0.23983397,0.030160584,51.077084,0.23983397,6.0,51.077084,4.0,Molecular,,,,
51.077084,0.17987548,9.066681,51.077084,0.17987548,0.7502603,,,,,,,,,,,,,,,,,,,,,,,,,,,,,,,,,,,,,,,,,,,,,,,,,,,,,,,,,,,,,51.077084,0.17987548,1287.2361,51.077084,0.17987548,45.23548,,,,,,,,,,,,,,,,,51.077084,0.2698132,0.25197342,51.077084,0.2698132,0.008034777,,,,,,,,,,,,,51.077084,1.0,2.0,,51.077084,5.0,,51.077084,0.2698132,0.15019202,51.077084,0.2698132,28.160845,51.077084,0.2698132,0.005006401,51.077084,0.2698132,0.030891329,51.077084,0.2698132,6.0,51.077084,5.0,CleanAerosol,,,,
51.077084,0.20985472,8.644161,51.077084,0.20985472,0.71726906,,,,,,,,,,,,,,,,,,,,,,,,,,,,,,,,,,,,,,,,,,,,,,,,,,,,,,,,,,,,,51.077084,0.20985472,1224.7059,51.077084,0.20985472,40.8675,,,,,,,,,,,,,,,,,51.077084,0.29979247,0.2558728,51.077084,0.29979247,0.008230817,,,,,,,,,,,,,51.077084,2.0,0.0,,51.077084,6.0,,51.077084,0.29979247,0.15555295,51.077084,0.29979247,28.184433,51.077084,0.29979247,0.0051850984,51.077084,0.29979247,0.031147905,51.077084,0.29979247,6.0,51.077084,6.0,PollutedAerosol,,,,
51.077084,0.23983397,8.156611,51.077084,0.23983397,0.6855422,,,,,,,,,,,,,,,,,,,,,,,,,,,,,,,,,,,,,,,,,,,,,,,,,,,,,,,,,,,,,51.077084,0.23983397,1152.6909,51.077084,0.23983397,36.64795,,,,,,,,,,,,,,,,,51.077084,0.3297717,0.2615607,51.077084,0.3297717,0.0085351765,,,,,,,,,,,,,51.077084,2.0,1.0,,51.077084,7.0,,51.077084,0.3297717,0.16305596,51.077084,0.3297717,28.217445,51.077084,0.3297717,0.0054351985,51.077084,0.3297717,0.03160258,51.077084,0.3297717,6.0,51.077084,7.0,Undetected,,,,
51.077084,0.2698132,7.7098475,51.077084,0.2698132,0.66851115,,,,,,,,,,,,,,,,,,,,,,,,,,,,,,,,,,,,,,,,,,,,,,,,,,,,,,,,,,,,,51.077084,0.2698132,1086.6099,51.077084,0.2698132,34.371414,,,,,,,,,,,,,,,,,51.077084,0.35975096,0.2695498,51.077084,0.35975096,0.00858267,,,,,,,,,,,,,51.077084,2.0,2.0,,51.077084,8.0,,51.077084,0.35975096,0.17252749,51.077084,0.35975096,28.259117,51.077084,0.35975096,0.005750917,51.077084,0.35975096,0.030855838,51.077084,0.35975096,6.0,,,,,,,
51.077084,0.29979247,7.291165,51.077084,0.29979247,0.6510338,,,,,,,,,,,,,,,,,,,,,,,,,,,,,,,,,,,,,,,,,,,,,,,,,,,,,,,,,,,,,51.077084,0.29979247,1025.2563,51.077084,0.29979247,32.052006,,,,,,,,,,,,,,,,,51.077084,0.3897302,0.27597755,51.077084,0.3897302,0.009021578,,,,,,,,,,,,,51.077084,3.0,0.0,,51.077084,9.0,,51.077084,0.3897302,0.18179663,51.077084,0.3897302,28.299904,51.077084,0.3897302,0.0060598874,51.077084,0.3897302,0.031647246,51.077084,0.3897302,6.0,,,,,,,
51.077084,0.3297717,6.854321,51.077084,0.3297717,0.6359512,,,,,,,,,,,,,,,,,,,,,,,,,,,,,,,,,,,,,,,,,,,,,,,,,,,,,,,,,,,,,51.077084,0.3297717,960.6204,51.077084,0.3297717,30.03086,,,,,,,,,,,,,,,,,51.077084,0.41970944,0.2820404,51.077084,0.41970944,0.0089408215,,,,,,,,,,,,,51.077084,3.0,1.0,,,,,51.077084,0.41970944,0.19070935,51.077084,0.41970944,28.33912,51.077084,0.41970944,0.006356978,51.077084,0.41970944,0.030715095,51.077084,0.41970944,6.0,,,,,,,
51.077084,0.35975096,6.3954043,51.077084,0.35975096,0.6136546,,,,,,,,,,,,,,,,,,,,,,,,,,,,,,,,,,,,,,,,,,,,,,,,,,,,,,,,,,,,,51.077084,0.35975096,892.69006,51.077084,0.35975096,27.076685,,,,,,,,,,,,,,,,,51.077084,0.4496887,0.2860671,51.077084,0.4496887,0.009051161,,,,,,,,,,,,,51.077084,3.0,2.0,,,,,51.077084,0.4496887,0.19811447,51.077084,0.4496887,28.371706,51.077084,0.4496887,0.0066038165,51.077084,0.4496887,0.030662348,51.077084,0.4496887,6.0,,,,,,,
51.077084,0.3897302,5.9478955,51.077084,0.3897302,0.6019337,,,,,,,,,,,,,,,,,,,,,,,,,,,,,,,,,,,,,,,,,,,,,,,,,,,,,,,,,,,,,51.077084,0.3897302,826.36743,51.077084,0.3897302,25.505856,,,,,,,,,,,,,,,,,51.077084,0.47966793,0.28896698,51.077084,0.47966793,0.008949953,,,,,,,,,,,,,51.077084,4.0,0.0,,,,,51.077084,0.47966793,0.20504543,51.077084,0.47966793,28.402199,51.077084,0.47966793,0.006834848,51.077084,0.47966793,0.030044649,51.077084,0.47966793,6.0,,,,,,,
51.077084,0.41970944,5.5104423,51.077084,0.41970944,0.5806783,,,,,,,,,,,,,,,,,,,,,,,,,,,,,,,,,,,,,,,,,,,,,,,,,,,,,,,,,,,,,51.077084,0.41970944,761.5451,51.077084,0.41970944,22.678743,,,,,,,,,,,,,,,,,51.077084,0.5096472,0.29361206,51.077084,0.5096472,0.009156114,,,,,,,,,,,,,51.077084,4.0,1.0,,,,,51.077084,0.5096472,0.21310209,51.077084,0.5096472,28.43765,51.077084,0.5096472,0.0071034026,51.077084,0.5096472,0.030247357,51.077084,0.5096472,6.0,,,,,,,
51.077084,0.44968867,5.041797,51.077084,0.44968867,0.56509,,,,,,,,,,,,,,,,,,,,,,,,,,,,,,,,,,,,,,,,,,,,,,,,,,,,,,,,,,,,,51.077084,0.44968867,692.43286,51.077084,0.44968867,20.593384,,,,,,,,,,,,,,,,,51.077084,0.5396264,0.2985877,51.077084,0.5396264,0.009469925,,,,,,,,,,,,,51.077084,4.0,2.0,,,,,51.077084,0.5396264,0.22272539,51.077084,0.5396264,28.47999,51.077084,0.5396264,0.007424179,51.077084,0.5396264,0.030727854,51.077084,0.5396264,6.0,,,,,,,
51.077084,0.47966793,4.622252,51.077084,0.47966793,0.5484159,,,,,,,,,,,,,,,,,,,,,,,,,,,,,,,,,,,,,,,,,,,,,,,,,,,,,,,,,,,,,51.077084,0.47966793,630.383,51.077084,0.47966793,18.391418,,,,,,,,,,,,,,,,,51.077084,0.56960565,0.30527157,51.077084,0.56960565,0.00950804,,,,,,,,,,,,,51.077084,5.0,0.0,,,,,51.077084,0.56960565,0.23462513,51.077084,0.56960565,28.532352,51.077084,0.56960565,0.007820838,51.077084,0.56960565,0.03019748,51.077084,0.56960565,6.0,,,,,,,
51.077084,0.5096472,4.241781,51.077084,0.5096472,0.5369627,,,,,,,,,,,,,,,,,,,,,,,,,,,,,,,,,,,,,,,,,,,,,,,,,,,,,,,,,,,,,51.077084,0.5096472,574.4586,51.077084,0.5096472,16.869625,,,,,,,,,,,,,,,,,51.077084,0.59958494,0.30897844,51.077084,0.59958494,0.010366973,,,,,,,,,,,,,51.077084,5.0,1.0,,,,,51.077084,0.59958494,0.2446199,51.077084,0.59958494,28.576328,51.077084,0.59958494,0.008153997,51.077084,0.59958494,0.032472692,51.077084,0.59958494,6.0,,,,,,,
51.077084,0.5396264,3.9149785,51.077084,0.5396264,0.5279042,,,,,,,,,,,,,,,,,,,,,,,,,,,,,,,,,,,,,,,,,,,,,,,,,,,,,,,,,,,,,51.077084,0.5396264,526.2074,51.077084,0.5396264,15.656206,,,,,,,,,,,,,,,,,51.077084,0.62956417,0.31401023,51.077084,0.62956417,0.010693882,,,,,,,,,,,,,51.077084,5.0,2.0,,,,,51.077084,0.62956417,0.25524107,51.077084,0.62956417,28.62306,51.077084,0.62956417,0.008508037,51.077084,0.62956417,0.03292948,51.077084,0.62956417,6.0,,,,,,,
51.077084,0.56960565,3.6590211,51.077084,0.56960565,0.5179236,,,,,,,,,,,,,,,,,,,,,,,,,,,,,,,,,,,,,,,,,,,,,,,,,,,,,,,,,,,,,51.077084,0.56960565,488.32678,51.077084,0.56960565,14.336312,,,,,,,,,,,,,,,,,51.077084,0.6595434,0.31960112,51.077084,0.6595434,0.011128858,,,,,,,,,,,,,51.077084,6.0,0.0,,,,,51.077084,0.6595434,0.2687955,51.077084,0.6595434,28.682701,51.077084,0.6595434,0.008959849,51.077084,0.6595434,0.033665277,51.077084,0.6595434,6.0,,,,,,,
51.077084,0.59958494,3.395419,51.077084,0.59958494,0.5167335,,,,,,,,,,,,,,,,,,,,,,,,,,,,,,,,,,,,,,,,,,,,,,,,,,,,,,,,,,,,,51.077084,0.59958494,449.28806,51.077084,0.59958494,14.163389,,,,,,,,,,,,,,,,,51.077084,0.6895227,0.32268807,51.077084,0.6895227,0.010276199,,,,,,,,,,,,,51.077084,6.0,1.0,,,,,51.077084,0.6895227,0.27933145,51.077084,0.6895227,28.729057,51.077084,0.6895227,0.009311047,51.077084,0.6895227,0.030853076,51.077084,0.6895227,6.0,,,,,,,
51.077084,0.62956417,3.1729732,51.077084,0.62956417,0.5103823,,,,,,,,,,,,,,,,,,,,,,,,,,,,,,,,,,,,,,,,,,,,,,,,,,,,,,,,,,,,,51.077084,0.62956417,416.41956,51.077084,0.62956417,13.336042,,,,,,,,,,,,,,,,,51.077084,0.7195019,0.32947117,51.077084,0.7195019,0.010585119,,,,,,,,,,,,,51.077084,6.0,2.0,,,,,51.077084,0.7195019,0.2955473,51.077084,0.7195019,28.800407,51.077084,0.7195019,0.009851577,51.077084,0.7195019,0.031059993,51.077084,0.7195019,6.0,,,,,,,
51.077084,0.6595434,2.9954784,51.077084,0.6595434,0.5062174,,,,,,,,,,,,,,,,,,,,,,,,,,,,,,,,,,,,,,,,,,,,,,,,,,,,,,,,,,,,,51.077084,0.6595434,390.19824,51.077084,0.6595434,12.772886,,,,,,,,,,,,,,,,,51.077084,0.74948114,0.335424,51.077084,0.74948114,0.011039809,,,,,,,,,,,,,51.077084,7.0,0.0,,,,,51.077084,0.74948114,0.31203923,51.077084,0.74948114,28.872972,51.077084,0.74948114,0.010401307,51.077084,0.74948114,0.03183083,51.077084,0.74948114,6.0,,,,,,,
51.077084,0.6895226,2.8095493,51.077084,0.6895226,0.49236944,,,,,,,,,,,,,,,,,,,,,,,,,,,,,,,,,,,,,,,,,,,,,,,,,,,,,,,,,,,,,51.077084,0.6895226,362.86252,51.077084,0.6895226,10.941116,,,,,,,,,,,,,,,,,51.077084,0.7794604,0.3337294,51.077084,0.7794604,0.01078965,,,,,,,,,,,,,51.077084,7.0,1.0,,,,,51.077084,0.7794604,0.3217592,51.077084,0.7794604,28.915741,51.077084,0.7794604,0.010725307,51.077084,0.7794604,0.031298473,51.077084,0.7794604,6.0,,,,,,,
51.077084,0.7195019,2.66863,51.077084,0.7195019,0.48816,,,,,,,,,,,,,,,,,,,,,,,,,,,,,,,,,,,,,,,,,,,,,,,,,,,,,,,,,,,,,51.077084,0.7195019,341.90857,51.077084,0.7195019,10.376931,,,,,,,,,,,,,,,,,51.077084,0.80943966,0.33331066,51.077084,0.80943966,0.009889354,,,,,,,,,,,,,51.077084,7.0,2.0,,,,,51.077084,0.80943966,0.33194473,51.077084,0.80943966,28.960558,51.077084,0.80943966,0.011064824,51.077084,0.80943966,0.0288214,51.077084,0.80943966,5.0,,,,,,,
51.077084,0.74948114,2.5300462,51.077084,0.74948114,0.4852893,,,,,,,,,,,,,,,,,,,,,,,,,,,,,,,,,,,,,,,,,,,,,,,,,,,,,,,,,,,,,51.077084,0.74948114,321.45004,51.077084,0.74948114,10.004227,,,,,,,,,,,,,,,,,51.077084,0.8394189,0.32829627,51.077084,0.8394189,0.010865803,,,,,,,,,,,,,51.077084,8.0,0.0,,,,,51.077084,0.8394189,0.339183,51.077084,0.8394189,28.992405,51.077084,0.8394189,0.011306102,51.077084,0.8394189,0.031987205,51.077084,0.8394189,6.0,,,,,,,
51.077084,0.7794604,2.3761268,51.077084,0.7794604,0.4790272,,,,,,,,,,,,,,,,,,,,,,,,,,,,,,,,,,,,,,,,,,,,,,,,,,,,,,,,,,,,,51.077084,0.7794604,298.74985,51.077084,0.7794604,9.180333,,,,,,,,,,,,,,,,,51.077084,0.8693981,0.32353368,51.077084,0.8693981,0.010506507,,,,,,,,,,,,,51.077084,8.0,1.0,,,,,51.077084,0.8693981,0.3474537,51.077084,0.8693981,29.028795,51.077084,0.8693981,0.01158179,51.077084,0.8693981,0.031486884,51.077084,0.8693981,6.0,,,,,,,
51.077084,0.80943966,2.249814,51.077084,0.80943966,0.4699985,,,,,,,,,,,,,,,,,,,,,,,,,,,,,,,,,,,,,,,,,,,,,,,,,,,,,,,,,,,,,51.077084,0.80943966,280.11588,51.077084,0.80943966,7.9402447,,,,,,,,,,,,,,,,,51.077084,0.8993774,0.3197368,51.077084,0.8993774,0.010335411,,,,,,,,,,,,,51.077084,8.0,2.0,,,,,51.077084,0.8993774,0.35433412,51.077084,0.8993774,29.059069,51.077084,0.8993774,0.011811137,51.077084,0.8993774,0.031303637,51.077084,0.8993774,6.0,,,,,,,
51.077084,0.8394189,2.1000595,51.077084,0.8394189,0.47129256,,,,,,,,,,,,,,,,,,,,,,,,,,,,,,,,,,,,,,,,,,,,,,,,,,,,,,,,,,,,,51.077084,0.8394189,257.96136,51.077084,0.8394189,8.128136,,,,,,,,,,,,,,,,,51.077084,0.92935663,0.31572798,51.077084,0.92935663,0.009438149,,,,,,,,,,,,,51.077084,9.0,0.0,,,,,51.077084,0.92935663,0.3690061,51.077084,0.92935663,29.123627,51.077084,0.92935663,0.012300204,51.077084,0.92935663,0.015195299,51.077084,0.92935663,5.0,,,,,,,
51.077084,0.8693981,1.9727503,51.077084,0.8693981,0.46586344,,,,,,,,,,,,,,,,,,,,,,,,,,,,,,,,,,,,,,,,,,,,,,,,,,,,,,,,,,,,,51.077084,0.8693981,239.07845,51.077084,0.8693981,7.3980093,,,,,,,,,,,,,,,,,51.077084,0.95933586,0.30419648,51.077084,0.95933586,0.010323883,,,,,,,,,,,,,51.077084,9.0,1.0,,,,,51.077084,0.95933586,0.3704933,51.077084,0.95933586,29.13017,51.077084,0.95933586,0.012349778,51.077084,0.95933586,0.02429185,51.077084,0.95933586,5.0,,,,,,,
51.077084,0.89937735,1.8491745,51.077084,0.89937735,0.4616689,,,,,,,,,,,,,,,,,,,,,,,,,,,,,,,,,,,,,,,,,,,,,,,,,,,,,,,,,,,,,51.077084,0.89937735,221.02596,51.077084,0.89937735,6.848145,,,,,,,,,,,,,,,,,51.077084,0.98931515,0.31519058,51.077084,0.98931515,0.009214704,,,,,,,,,,,,,51.077084,9.0,2.0,,,,,51.077084,0.98931515,0.40456468,51.077084,0.98931515,29.280083,51.077084,0.98931515,0.013485488,51.077084,0.98931515,0.006918451,51.077084,0.98931515,4.0,,,,,,,
51.077084,0.92935663,1.7439983,51.077084,0.92935663,0.45479694,,,,,,,,,,,,,,,,,,,,,,,,,,,,,,,,,,,,,,,,,,,,,,,,,,,,,,,,,,,,,51.077084,0.92935663,205.58191,51.077084,0.92935663,5.9236035,,,,,,,,,,,,,,,,,51.077084,1.0192944,0.33068538,51.077084,1.0192944,0.010519076,,,,,,,,,,,,,,,,,,,,51.077084,1.0192944,0.452774,51.077084,1.0192944,29.492205,51.077084,1.0192944,0.015092466,51.077084,1.0192944,0.01873884,51.077084,1.0192944,5.0,,,,,,,
51.077084,0.95933586,1.6198869,51.077084,0.95933586,0.45601666,,,,,,,,,,,,,,,,,,,,,,,,,,,,,,,,,,,,,,,,,,,,,,,,,,,,,,,,,,,,,51.077084,0.95933586,187.04453,51.077084,0.95933586,6.110075,,,,,,,,,,,,,,,,,51.077084,1.0492736,0.35736853,51.077084,1.0492736,0.010615572,,,,,,,,,,,,,,,,,,,,51.077084,1.0492736,0.5263529,51.077084,1.0492736,29.815952,51.077084,1.0492736,0.017545095,51.077084,1.0492736,0.0143310325,51.077084,1.0492736,5.0,,,,,,,
51.077084,0.9893151,1.587818,51.077084,0.9893151,0.44890675,,,,,,,,,,,,,,,,,,,,,,,,,,,,,,,,,,,,,,,,,,,,,,,,,,,,,,,,,,,,,51.077084,0.9893151,182.28929,51.077084,0.9893151,5.16107,,,,,,,,,,,,,,,,,51.077084,1.0792528,0.3709563,51.077084,1.0792528,0.0122866975,,,,,,,,,,,,,,,,,,,,51.077084,1.0792528,0.5927262,51.077084,1.0792528,30.107994,51.077084,1.0792528,0.01975754,51.077084,1.0792528,0.022834022,51.077084,1.0792528,5.0,,,,,,,
51.077084,1.0192944,1.5880706,51.077084,1.0192944,0.45214933,,,,,,,,,,,,,,,,,,,,,,,,,,,,,,,,,,,,,,,,,,,,,,,,,,,,,,,,,,,,,51.077084,1.0192944,182.23328,51.077084,1.0192944,5.592214,,,,,,,,,,,,,,,,,51.077084,1.1092321,0.34616873,51.077084,1.1092321,0.010121758,,,,,,,,,,,,,,,,,,,,51.077084,1.1092321,0.5944663,51.077084,1.1092321,30.115648,51.077084,1.1092321,0.019815544,51.077084,1.1092321,0.0041372003,51.077084,1.1092321,4.0,,,,,,,
51.077084,1.0492736,1.6211066,51.077084,1.0492736,0.45052803,,,,,,,,,,,,,,,,,,,,,,,,,,,,,,,,,,,,,,,,,,,,,,,,,,,,,,,,,,,,,51.077084,1.0492736,187.05338,51.077084,1.0492736,5.3745117,,,,,,,,,,,,,,,,,51.077084,1.1392113,0.30236825,51.077084,1.1392113,0.008774587,,,,,,,,,,,,,,,,,,,,51.077084,1.1392113,0.5713227,51.077084,1.1392113,30.01382,51.077084,1.1392113,0.019044088,51.077084,1.1392113,1.0000001e-07,51.077084,1.1392113,7.0,,,,,,,
51.077084,1.0792528,1.5965194,51.077084,1.0792528,0.45417225,,,,,,,,,,,,,,,,,,,,,,,,,,,,,,,,,,,,,,,,,,,,,,,,,,,,,,,,,,,,,51.077084,1.0792528,183.53314,51.077084,1.0792528,5.8650513,,,,,,,,,,,,,,,,,51.077084,1.1691906,0.29235804,51.077084,1.1691906,0.0095810825,,,,,,,,,,,,,,,,,,,,51.077084,1.1691906,0.6031867,51.077084,1.1691906,30.154022,51.077084,1.1691906,0.020106222,51.077084,1.1691906,1.0000001e-07,51.077084,1.1691906,7.0,,,,,,,
51.077084,1.1092321,1.4600328,51.077084,1.1092321,0.44515842,,,,,,,,,,,,,,,,,,,,,,,,,,,,,,,,,,,,,,,,,,,,,,,,,,,,,,,,,,,,,51.077084,1.1092321,163.61383,51.077084,1.1092321,4.6448903,,,,,,,,,,,,,,,,,51.077084,1.1991699,0.27422392,51.077084,1.1991699,0.00876585,,,,,,,,,,,,,,,,,,,,51.077084,1.1991699,0.62215495,51.077084,1.1991699,30.23748,51.077084,1.1991699,0.0207385,51.077084,1.1991699,0.005552254,51.077084,1.1991699,4.0,,,,,,,
51.077084,1.1392113,1.2727652,51.077084,1.1392113,0.43931282,,,,,,,,,,,,,,,,,,,,,,,,,,,,,,,,,,,,,,,,,,,,,,,,,,,,,,,,,,,,,51.077084,1.1392113,135.82405,51.077084,1.1392113,3.881121,,,,,,,,,,,,,,,,,51.077084,1.2291491,0.26715305,51.077084,1.2291491,0.008117662,,,,,,,,,,,,,,,,,,,,51.077084,1.2291491,0.6949948,51.077084,1.2291491,30.557976,51.077084,1.2291491,0.023166494,51.077084,1.2291491,0.006038649,51.077084,1.2291491,4.0,,,,,,,
51.077084,1.1691905,1.1986165,51.077084,1.1691905,0.4402796,,,,,,,,,,,,,,,,,,,,,,,,,,,,,,,,,,,,,,,,,,,,,,,,,,,,,,,,,,,,,51.077084,1.1691905,124.864365,51.077084,1.1691905,4.0176444,,,,,,,,,,,,,,,,,51.077084,1.2591283,0.26137406,51.077084,1.2591283,0.009748552,,,,,,,,,,,,,,,,,,,,51.077084,1.2591283,0.79009116,51.077084,1.2591283,30.976402,51.077084,1.2591283,0.026336372,51.077084,1.2591283,1.0000001e-07,51.077084,1.2591283,7.0,,,,,,,
51.077084,1.1991699,1.1141157,51.077084,1.1991699,0.43676928,,,,,,,,,,,,,,,,,,,,,,,,,,,,,,,,,,,,,,,,,,,,,,,,,,,,,,,,,,,,,51.077084,1.1991699,112.38016,51.077084,1.1991699,3.5533836,,,,,,,,,,,,,,,,,51.077084,1.2891076,0.27490154,51.077084,1.2891076,0.007862022,,,,,,,,,,,,,,,,,,,,51.077084,1.2891076,0.99860585,51.077084,1.2891076,31.893867,51.077084,1.2891076,0.03328686,51.077084,1.2891076,1.0000001e-07,51.077084,1.2891076,7.0,,,,,,,
51.077084,1.2291491,1.05563,51.077084,1.2291491,0.4338688,,,,,,,,,,,,,,,,,,,,,,,,,,,,,,,,,,,,,,,,,,,,,,,,,,,,,,,,,,,,,51.077084,1.2291491,103.67802,51.077084,1.2291491,3.115258,,,,,,,,,,,,,,,,,51.077084,1.3190868,0.33133447,51.077084,1.3190868,0.009228442,,,,,,,,,,,,,,,,,,,,51.077084,1.3190868,1.6936783,51.077084,1.3190868,34.952183,51.077084,1.3190868,0.056455944,51.077084,1.3190868,1.0000001e-07,51.077084,1.3190868,7.0,,,,,,,
51.077084,1.2591283,1.0150379,51.077084,1.2591283,0.4371263,,,,,,,,,,,,,,,,,,,,,,,,,,,,,,,,,,,,,,,,,,,,,,,,,,,,,,,,,,,,,51.077084,1.2591283,97.6262,51.077084,1.2591283,3.5955837,,,,,,,,,,,,,,,,,51.077084,1.349066,0.33057487,51.077084,1.349066,0.0082425,,,,,,,,,,,,,,,,,,,,51.077084,1.349066,3.2389603,51.077084,1.349066,41.751423,51.077084,1.349066,0.107965335,51.077084,1.349066,1.0000001e-07,51.077084,1.349066,7.0,,,,,,,
51.077084,1.2891076,1.018816,51.077084,1.2891076,0.43142942,,,,,,,,,,,,,,,,,,,,,,,,,,,,,,,,,,,,,,,,,,,,,,,,,,,,,,,,,,,,,51.077084,1.2891076,98.19869,51.077084,1.2891076,2.835069,,,,,,,,,,,,,,,,,51.077084,1.3790454,0.29996216,51.077084,1.3790454,0.0060648173,,,,,,,,,,,,,,,,,,,,51.077084,1.3790454,-6.808121,51.077084,1.3790454,-2.4557343,51.077084,1.3790454,-0.22693737,51.077084,1.3790454,1.0000001e-07,51.077084,1.3790454,7.0,,,,,,,
51.077084,1.3190868,1.12011,51.077084,1.3190868,0.4337052,,,,,,,,,,,,,,,,,,,,,,,,,,,,,,,,,,,,,,,,,,,,,,,,,,,,,,,,,,,,,51.077084,1.3190868,113.14462,51.077084,1.3190868,3.123157,,,,,,,,,,,,,,,,,51.077084,1.4090246,0.28617817,51.077084,1.4090246,0.0076100826,,,,,,,,,,,,,,,,,,,,51.077084,1.4090246,-0.44366583,51.077084,1.4090246,25.547873,51.077084,1.4090246,-0.014788862,51.077084,1.4090246,1.0000001e-07,51.077084,1.4090246,7.0,,,,,,,
51.077084,1.349066,1.0880858,51.077084,1.349066,0.43064106,,,,,,,,,,,,,,,,,,,,,,,,,,,,,,,,,,,,,,,,,,,,,,,,,,,,,,,,,,,,,51.077084,1.349066,108.5835,51.077084,1.349066,2.7288785,,,,,,,,,,,,,,,,,51.077084,1.4390038,0.26824418,51.077084,1.4390038,0.007825902,,,,,,,,,,,,,,,,,,,,51.077084,1.4390038,0.8825437,51.077084,1.4390038,31.383192,51.077084,1.4390038,0.029418124,51.077084,1.4390038,1.0000001e-07,51.077084,1.4390038,7.0,,,,,,,
51.077084,1.3790452,0.995389,51.077084,1.3790452,0.42518222,,,,,,,,,,,,,,,,,,,,,,,,,,,,,,,,,,,,,,,,,,,,,,,,,,,,,,,,,,,,,51.077084,1.3790452,94.87456,51.077084,1.3790452,2.0023022,,,,,,,,,,,,,,,,,51.077084,1.468983,0.23636699,51.077084,1.468983,0.004666697,,,,,,,,,,,,,,,,,,,,51.077084,1.468983,6.383745,51.077084,1.468983,55.588474,51.077084,1.468983,0.2127915,51.077084,1.468983,1.0000001e-07,51.077084,1.468983,7.0,,,,,,,
51.077084,1.4090246,0.94117206,51.077084,1.4090246,0.427815,,,,,,,,,,,,,,,,,,,,,,,,,,,,,,,,,,,,,,,,,,,,,,,,,,,,,,,,,,,,,51.077084,1.4090246,86.736244,51.077084,1.4090246,2.3537292,,,,,,,,,,,,,,,,,51.077084,1.4989623,0.21306746,51.077084,1.4989623,0.0036539936,,,,,,,,,,,,,,,,,,,,51.077084,1.4989623,-2.6633906,51.077084,1.4989623,15.78108,51.077084,1.4989623,-0.08877968,51.077084,1.4989623,1.0000001e-07,51.077084,1.4989623,7.0,,,,,,,
51.077084,1.4390038,0.8844266,51.077084,1.4390038,0.42790422,,,,,,,,,,,,,,,,,,,,,,,,,,,,,,,,,,,,,,,,,,,,,,,,,,,,,,,,,,,,,51.077084,1.4390038,78.410095,51.077084,1.4390038,2.360535,,,,,,,,,,,,,,,,,51.077084,1.5289415,0.19929644,51.077084,1.5289415,0.004702791,,,,,,,,,,,,,,,,,,,,51.077084,1.5289415,-1.1811842,51.077084,1.5289415,22.302788,51.077084,1.5289415,-0.039372817,51.077084,1.5289415,1.0000001e-07,51.077084,1.5289415,7.0,,,,,,,
51.077084,1.468983,0.79858696,51.077084,1.468983,0.42094305,,,,,,,,,,,,,,,,,,,,,,,,,,,,,,,,,,,,,,,,,,,,,,,,,,,,,,,,,,,,,51.077084,1.468983,65.82437,51.077084,1.468983,1.4471786,,,,,,,,,,,,,,,,,51.077084,1.5589207,0.19670588,51.077084,1.5589207,0.0062169065,,,,,,,,,,,,,,,,,,,,51.077084,1.5589207,-0.76081634,51.077084,1.5589207,24.152407,51.077084,1.5589207,-0.025360543,51.077084,1.5589207,1.0000001e-07,51.077084,1.5589207,7.0,,,,,,,
51.077084,1.4989623,0.7427488,51.077084,1.4989623,0.41894984,,,,,,,,,,,,,,,,,,,,,,,,,,,,,,,,,,,,,,,,,,,,,,,,,,,,,,,,,,,,,51.077084,1.4989623,57.496223,51.077084,1.4989623,1.1904464,,,,,,,,,,,,,,,,,51.077084,1.5889001,0.22206412,51.077084,1.5889001,0.0055889105,,,,,,,,,,,,,,,,,,,,51.077084,1.5889001,-0.6368385,51.077084,1.5889001,24.69791,51.077084,1.5889001,-0.021227952,51.077084,1.5889001,1.0000001e-07,51.077084,1.5889001,7.0,,,,,,,
51.077084,1.5289415,0.70449203,51.077084,1.5289415,0.4203778,,,,,,,,,,,,,,,,,,,,,,,,,,,,,,,,,,,,,,,,,,,,,,,,,,,,,,,,,,,,,51.077084,1.5289415,51.835884,51.077084,1.5289415,1.3444514,,,,,,,,,,,,,,,,,51.077084,1.6188793,0.24224871,51.077084,1.6188793,0.0071962867,,,,,,,,,,,,,,,,,,,,51.077084,1.6188793,-0.55269176,51.077084,1.6188793,25.068155,51.077084,1.6188793,-0.018423058,51.077084,1.6188793,1.0000001e-07,51.077084,1.6188793,7.0,,,,,,,
51.077084,1.5589207,0.69031686,51.077084,1.5589207,0.4228469,,,,,,,,,,,,,,,,,,,,,,,,,,,,,,,,,,,,,,,,,,,,,,,,,,,,,,,,,,,,,51.077084,1.5589207,49.67819,51.077084,1.5589207,1.7122529,,,,,,,,,,,,,,,,,51.077084,1.6488585,0.2303995,51.077084,1.6488585,0.0063321767,,,,,,,,,,,,,,,,,,,,51.077084,1.6488585,-0.41403404,51.077084,1.6488585,25.678251,51.077084,1.6488585,-0.013801136,51.077084,1.6488585,1.0000001e-07,51.077084,1.6488585,7.0,,,,,,,
51.077084,1.5889,0.7200952,51.077084,1.5889,0.42131487,,,,,,,,,,,,,,,,,,,,,,,,,,,,,,,,,,,,,,,,,,,,,,,,,,,,,,,,,,,,,51.077084,1.5889,54.09486,51.077084,1.5889,1.4764075,,,,,,,,,,,,,,,,,51.077084,1.6788378,0.21314265,51.077084,1.6788378,0.0045048324,,,,,,,,,,,,,,,,,,,,51.077084,1.6788378,-0.30770814,51.077084,1.6788378,26.146082,51.077084,1.6788378,-0.010256938,51.077084,1.6788378,1.0000001e-07,51.077084,1.6788378,7.0,,,,,,,
51.077084,1.6188793,0.73767656,51.077084,1.6188793,0.42357576,,,,,,,,,,,,,,,,,,,,,,,,,,,,,,,,,,,,,,,,,,,,,,,,,,,,,,,,,,,,,51.077084,1.6188793,56.69914,51.077084,1.6188793,1.7919021,,,,,,,,,,,,,,,,,51.077084,1.708817,0.21238905,51.077084,1.708817,0.0050700568,,,,,,,,,,,,,,,,,,,,51.077084,1.708817,-0.24170351,51.077084,1.708817,26.436504,51.077084,1.708817,-0.008056783,51.077084,1.708817,1.0000001e-07,51.077084,1.708817,7.0,,,,,,,
51.077084,1.6488585,0.7053398,51.077084,1.6488585,0.42162725,,,,,,,,,,,,,,,,,,,,,,,,,,,,,,,,,,,,,,,,,,,,,,,,,,,,,,,,,,,,,51.077084,1.6488585,51.91879,51.077084,1.6488585,1.5380149,,,,,,,,,,,,,,,,,51.077084,1.7387962,0.20478255,51.077084,1.7387962,0.003042676,,,,,,,,,,,,,,,,,,,,51.077084,1.7387962,-0.20508786,51.077084,1.7387962,26.597612,51.077084,1.7387962,-0.006836262,51.077084,1.7387962,1.0000001e-07,51.077084,1.7387962,7.0,,,,,,,
51.077084,1.6788378,0.6688531,51.077084,1.6788378,0.41866726,,,,,,,,,,,,,,,,,,,,,,,,,,,,,,,,,,,,,,,,,,,,,,,,,,,,,,,,,,,,,51.077084,1.6788378,46.516098,51.077084,1.6788378,1.140284,,,,,,,,,,,,,,,,,51.077084,1.7687756,0.20336479,51.077084,1.7687756,0.004722777,,,,,,,,,,,,,,,,,,,,51.077084,1.7687756,-0.173718,51.077084,1.7687756,26.73564,51.077084,1.7687756,-0.0057906006,51.077084,1.7687756,1.0000001e-07,51.077084,1.7687756,7.0,,,,,,,
51.077084,1.708817,0.65893203,51.077084,1.708817,0.41917297,,,,,,,,,,,,,,,,,,,,,,,,,,,,,,,,,,,,,,,,,,,,,,,,,,,,,,,,,,,,,51.077084,1.708817,45.081875,51.077084,1.708817,1.1925455,,,,,,,,,,,,,,,,,51.077084,1.7987548,0.23562312,51.077084,1.7987548,0.003592348,,,,,,,,,,,,,,,,,,,,51.077084,1.7987548,-0.16237228,51.077084,1.7987548,26.785563,51.077084,1.7987548,-0.0054124095,51.077084,1.7987548,1.0000001e-07,51.077084,1.7987548,7.0,,,,,,,
51.077084,1.7387962,0.634568,51.077084,1.7387962,0.41601962,,,,,,,,,,,,,,,,,,,,,,,,,,,,,,,,,,,,,,,,,,,,,,,,,,,,,,,,,,,,,51.077084,1.7387962,41.466854,51.077084,1.7387962,0.770265,,,,,,,,,,,,,,,,,51.077084,1.828734,0.27572766,51.077084,1.828734,0.006236713,,,,,,,,,,,,,,,,,,,,51.077084,1.828734,-0.15824492,51.077084,1.828734,26.803722,51.077084,1.828734,-0.005274831,51.077084,1.828734,1.0000001e-07,51.077084,1.828734,7.0,,,,,,,
51.077084,1.7687755,0.62799346,51.077084,1.7687755,0.41819125,,,,,,,,,,,,,,,,,,,,,,,,,,,,,,,,,,,,,,,,,,,,,,,,,,,,,,,,,,,,,51.077084,1.7687755,40.52109,51.077084,1.7687755,1.0662998,,,,,,,,,,,,,,,,,51.077084,1.8587133,0.28144336,51.077084,1.8587133,0.0038153632,,,,,,,,,,,,,,,,,,,,51.077084,1.8587133,-0.09835018,51.077084,1.8587133,27.067259,51.077084,1.8587133,-0.003278339,51.077084,1.8587133,1.0000001e-07,51.077084,1.8587133,7.0,,,,,,,
51.077084,1.7987547,0.6645992,51.077084,1.7987547,0.416689,,,,,,,,,,,,,,,,,,,,,,,,,,,,,,,,,,,,,,,,,,,,,,,,,,,,,,,,,,,,,51.077084,1.7987547,45.87295,51.077084,1.7987547,0.8731145,,,,,,,,,,,,,,,,,51.077084,1.8886925,0.2045703,51.077084,1.8886925,0.0057009556,,,,,,,,,,,,,,,,,,,,51.077084,1.8886925,-0.08044562,51.077084,1.8886925,27.146038,51.077084,1.8886925,-0.0026815208,51.077084,1.8886925,1.0000001e-07,51.077084,1.8886925,7.0,,,,,,,
51.077084,1.828734,0.6978581,51.077084,1.828734,0.41947046,,,,,,,,,,,,,,,,,,,,,,,,,,,,,,,,,,,,,,,,,,,,,,,,,,,,,,,,,,,,,51.077084,1.828734,50.824604,51.077084,1.828734,1.222468,,,,,,,,,,,,,,,,,51.077084,1.9186717,0.16841203,51.077084,1.9186717,0.005746103,,,,,,,,,,,,,,,,,,,,51.077084,1.9186717,-0.055050418,51.077084,1.9186717,27.257778,51.077084,1.9186717,-0.0018350142,51.077084,1.9186717,1.0000001e-07,51.077084,1.9186717,7.0,,,,,,,
51.077084,1.8587133,0.69997025,51.077084,1.8587133,0.41640636,,,,,,,,,,,,,,,,,,,,,,,,,,,,,,,,,,,,,,,,,,,,,,,,,,,,,,,,,,,,,51.077084,1.8587133,51.430466,51.077084,1.8587133,0.8501708,,,,,,,,,,,,,,,,,51.077084,1.948651,0.15070142,51.077084,1.948651,-0.0010065588,,,,,,,,,,,,,,,,,,,,51.077084,1.948651,-0.049181893,51.077084,1.948651,27.2836,51.077084,1.948651,-0.0016393964,51.077084,1.948651,1.0000001e-07,51.077084,1.948651,7.0,,,,,,,
51.077084,1.8886925,0.5966681,51.077084,1.8886925,0.41857803,,,,,,,,,,,,,,,,,,,,,,,,,,,,,,,,,,,,,,,,,,,,,,,,,,,,,,,,,,,,,51.077084,1.8886925,35.988197,51.077084,1.8886925,1.1414812,,,,,,,,,,,,,,,,,51.077084,1.9786303,0.14281641,51.077084,1.9786303,-0.0006847115,,,,,,,,,,,,,,,,,,,,51.077084,1.9786303,-0.047436155,51.077084,1.9786303,27.291283,51.077084,1.9786303,-0.0015812052,51.077084,1.9786303,1.0000001e-07,51.077084,1.9786303,7.0,,,,,,,
51.077084,1.9186717,0.54700285,51.077084,1.9186717,0.41825074,,,,,,,,,,,,,,,,,,,,,,,,,,,,,,,,,,,,,,,,,,,,,,,,,,,,,,,,,,,,,51.077084,1.9186717,28.588022,51.077084,1.9186717,1.0883764,,,,,,,,,,,,,,,,,51.077084,2.0086095,0.13840748,51.077084,2.0086095,0.0034321595,,,,,,,,,,,,,,,,,,,,51.077084,2.0086095,-0.027670192,51.077084,2.0086095,27.378254,51.077084,2.0086095,-0.0009223397,51.077084,2.0086095,1.0000001e-07,51.077084,2.0086095,7.0,,,,,,,
51.077084,1.948651,0.5222668,51.077084,1.948651,0.41060543,,,,,,,,,,,,,,,,,,,,,,,,,,,,,,,,,,,,,,,,,,,,,,,,,,,,,,,,,,,,,51.077084,1.948651,24.887877,51.077084,1.948651,0.064113885,,,,,,,,,,,,,,,,,51.077084,2.0385888,0.13876036,51.077084,2.0385888,0.00333473,,,,,,,,,,,,,,,,,,,,51.077084,2.0385888,-0.032739595,51.077084,2.0385888,27.355947,51.077084,2.0385888,-0.0010913196,51.077084,2.0385888,1.0000001e-07,51.077084,2.0385888,7.0,,,,,,,
51.077084,1.9786302,0.5094154,51.077084,1.9786302,0.41100696,,,,,,,,,,,,,,,,,,,,,,,,,,,,,,,,,,,,,,,,,,,,,,,,,,,,,,,,,,,,,51.077084,1.9786302,22.985954,51.077084,1.9786302,0.10208883,,,,,,,,,,,,,,,,,51.077084,2.068568,0.15042959,51.077084,2.068568,0.0030319535,,,,,,,,,,,,,,,,,,,,51.077084,2.068568,-0.016664121,51.077084,2.068568,27.426676,51.077084,2.068568,-0.0005554708,51.077084,2.068568,1.0000001e-07,51.077084,2.068568,7.0,,,,,,,
51.077084,2.0086095,0.5004909,51.077084,2.0086095,0.41526106,,,,,,,,,,,,,,,,,,,,,,,,,,,,,,,,,,,,,,,,,,,,,,,,,,,,,,,,,,,,,51.077084,2.0086095,21.693604,51.077084,2.0086095,0.6584232,,,,,,,,,,,,,,,,,51.077084,2.0985472,0.14689788,51.077084,2.0985472,0.0031949023,,,,,,,,,,,,,,,,,,,,51.077084,2.0985472,-0.012270089,51.077084,2.0985472,27.446007,51.077084,2.0985472,-0.00040900294,51.077084,2.0985472,1.0000001e-07,51.077084,2.0985472,7.0,,,,,,,
51.077084,2.0385888,0.49643013,51.077084,2.0385888,0.41515693,,,,,,,,,,,,,,,,,,,,,,,,,,,,,,,,,,,,,,,,,,,,,,,,,,,,,,,,,,,,,51.077084,2.0385888,21.085041,51.077084,2.0385888,0.65157515,,,,,,,,,,,,,,,,,51.077084,2.1285264,0.14220227,51.077084,2.1285264,0.005797816,,,,,,,,,,,,,,,,,,,,51.077084,2.1285264,-0.006986158,51.077084,2.1285264,27.469261,51.077084,2.1285264,-0.00023287203,51.077084,2.1285264,1.0000001e-07,51.077084,2.1285264,7.0,,,,,,,
51.077084,2.068568,0.50237983,51.077084,2.068568,0.41450247,,,,,,,,,,,,,,,,,,,,,,,,,,,,,,,,,,,,,,,,,,,,,,,,,,,,,,,,,,,,,51.077084,2.068568,21.924868,51.077084,2.068568,0.5799174,,,,,,,,,,,,,,,,,51.077084,2.1585057,0.1518859,51.077084,2.1585057,0.00644533,,,,,,,,,,,,,,,,,,,,51.077084,2.1585057,-0.012340148,51.077084,2.1585057,27.445704,51.077084,2.1585057,-0.0004113385,51.077084,2.1585057,1.0000001e-07,51.077084,2.1585057,7.0,,,,,,,
51.077084,2.0985472,0.4954039,51.077084,2.0985472,0.41468093,,,,,,,,,,,,,,,,,,,,,,,,,,,,,,,,,,,,,,,,,,,,,,,,,,,,,,,,,,,,,51.077084,2.0985472,20.952827,51.077084,2.0985472,0.59620404,,,,,,,,,,,,,,,,,51.077084,2.188485,0.14243272,51.077084,2.188485,0.003821804,,,,,,,,,,,,,,,,,,,,51.077084,2.188485,-0.00987795,51.077084,2.188485,27.456535,51.077084,2.188485,-0.00032926496,51.077084,2.188485,1.0000001e-07,51.077084,2.188485,7.0,,,,,,,
51.077084,2.1285264,0.486747,51.077084,2.1285264,0.41689724,,,,,,,,,,,,,,,,,,,,,,,,,,,,,,,,,,,,,,,,,,,,,,,,,,,,,,,,,,,,,51.077084,2.1285264,19.643244,51.077084,2.1285264,0.9145181,,,,,,,,,,,,,,,,,51.077084,2.2184641,0.14835425,51.077084,2.2184641,0.0053435955,,,,,,,,,,,,,,,,,,,,51.077084,2.2184641,-0.004836705,51.077084,2.2184641,27.47872,51.077084,2.2184641,-0.00016122332,51.077084,2.2184641,1.0000001e-07,51.077084,2.2184641,7.0,,,,,,,
51.077084,2.1585057,0.49204227,51.077084,2.1585057,0.4173583,,,,,,,,,,,,,,,,,,,,,,,,,,,,,,,,,,,,,,,,,,,,,,,,,,,,,,,,,,,,,51.077084,2.1585057,20.380016,51.077084,2.1585057,0.94807625,,,,,,,,,,,,,,,,,51.077084,2.2484434,0.15825845,51.077084,2.2484434,0.002594213,,,,,,,,,,,,,,,,,,,,51.077084,2.2484434,0.001523561,51.077084,2.2484434,27.506706,51.077084,2.2484434,5.0785435e-05,51.077084,2.2484434,1.0000001e-07,51.077084,2.2484434,7.0,,,,,,,
51.077084,2.188485,0.48073775,51.077084,2.188485,0.41479996,,,,,,,,,,,,,,,,,,,,,,,,,,,,,,,,,,,,,,,,,,,,,,,,,,,,,,,,,,,,,51.077084,2.188485,18.717218,51.077084,2.188485,0.63382405,,,,,,,,,,,,,,,,,51.077084,2.2784226,0.18415923,51.077084,2.2784226,0.00025368607,,,,,,,,,,,,,,,,,,,,51.077084,2.2784226,0.021670083,51.077084,2.2784226,27.595346,51.077084,2.2784226,0.00072233606,51.077084,2.2784226,1.0000001e-07,51.077084,2.2784226,7.0,,,,,,,
51.077084,2.2184641,0.4816451,51.077084,2.2184641,0.41616836,,,,,,,,,,,,,,,,,,,,,,,,,,,,,,,,,,,,,,,,,,,,,,,,,,,,,,,,,,,,,51.077084,2.2184641,18.84003,51.077084,2.2184641,0.79627347,,,,,,,,,,,,,,,,,51.077084,2.308402,0.20775048,51.077084,2.308402,0.0012873902,,,,,,,,,,,,,,,,,,,,51.077084,2.308402,0.031060897,51.077084,2.308402,27.636667,51.077084,2.308402,0.0010353633,51.077084,2.308402,1.0000001e-07,51.077084,2.308402,7.0,,,,,,,
51.077084,2.2484434,0.48708904,51.077084,2.2484434,0.41374385,,,,,,,,,,,,,,,,,,,,,,,,,,,,,,,,,,,,,,,,,,,,,,,,,,,,,,,,,,,,,51.077084,2.2484434,19.662346,51.077084,2.2484434,0.49072558,,,,,,,,,,,,,,,,,51.077084,2.3383813,0.17936903,51.077084,2.3383813,0.0043470734,,,,,,,,,,,,,,,,,,,,51.077084,2.3383813,0.04088523,51.077084,2.3383813,27.679893,51.077084,2.3383813,0.0013628409,51.077084,2.3383813,1.0000001e-07,51.077084,2.3383813,7.0,,,,,,,
51.077084,2.2784226,0.50574154,51.077084,2.2784226,0.41167635,,,,,,,,,,,,,,,,,,,,,,,,,,,,,,,,,,,,,,,,,,,,,,,,,,,,,,,,,,,,,51.077084,2.2784226,22.38362,51.077084,2.2784226,0.2021455,,,,,,,,,,,,,,,,,51.077084,2.3683605,0.16084707,51.077084,2.3683605,0.0075276396,,,,,,,,,,,,,,,,,,,,51.077084,2.3683605,0.03284156,51.077084,2.3683605,27.644505,51.077084,2.3683605,0.0010947188,51.077084,2.3683605,1.0000001e-07,51.077084,2.3683605,7.0,,,,,,,
51.077084,2.3084018,0.5219991,51.077084,2.3084018,0.41259852,,,,,,,,,,,,,,,,,,,,,,,,,,,,,,,,,,,,,,,,,,,,,,,,,,,,,,,,,,,,,51.077084,2.3084018,24.952501,51.077084,2.3084018,0.3348947,,,,,,,,,,,,,,,,,51.077084,2.3983397,0.16598253,51.077084,2.3983397,0.003786541,,,,,,,,,,,,,,,,,,,,51.077084,2.3983397,0.038602576,51.077084,2.3983397,27.669851,51.077084,2.3983397,0.0012867525,51.077084,2.3983397,1.0000001e-07,51.077084,2.3983397,7.0,,,,,,,
51.077084,2.338381,0.493842,51.077084,2.338381,0.41479996,,,,,,,,,,,,,,,,,,,,,,,,,,,,,,,,,,,,,,,,,,,,,,,,,,,,,,,,,,,,,51.077084,2.338381,20.741478,51.077084,2.338381,0.5921489,,,,,,,,,,,,,,,,,51.077084,2.428319,0.16736111,51.077084,2.428319,0.0037436378,,,,,,,,,,,,,,,,,,,,51.077084,2.428319,0.041019436,51.077084,2.428319,27.680485,51.077084,2.428319,0.0013673147,51.077084,2.428319,1.0000001e-07,51.077084,2.428319,7.0,,,,,,,
51.077084,2.3683605,0.47721258,51.077084,2.3683605,0.41709056,,,,,,,,,,,,,,,,,,,,,,,,,,,,,,,,,,,,,,,,,,,,,,,,,,,,,,,,,,,,,51.077084,2.3683605,18.236012,51.077084,2.3683605,0.9542054,,,,,,,,,,,,,,,,,51.077084,2.4582982,0.17004225,51.077084,2.4582982,0.0035620485,,,,,,,,,,,,,,,,,,,,51.077084,2.4582982,0.03965827,51.077084,2.4582982,27.674498,51.077084,2.4582982,0.0013219422,51.077084,2.4582982,1.0000001e-07,51.077084,2.4582982,7.0,,,,,,,
51.077084,2.3983397,0.4788041,51.077084,2.3983397,0.41427934,,,,,,,,,,,,,,,,,,,,,,,,,,,,,,,,,,,,,,,,,,,,,,,,,,,,,,,,,,,,,51.077084,2.3983397,18.482597,51.077084,2.3983397,0.56502104,,,,,,,,,,,,,,,,,51.077084,2.4882774,0.16156512,51.077084,2.4882774,0.0035418463,,,,,,,,,,,,,,,,,,,,51.077084,2.4882774,0.04552846,51.077084,2.4882774,27.700325,51.077084,2.4882774,0.0015176157,51.077084,2.4882774,1.0000001e-07,51.077084,2.4882774,7.0,,,,,,,
51.077084,2.428319,0.47712332,51.077084,2.428319,0.41420496,,,,,,,,,,,,,,,,,,,,,,,,,,,,,,,,,,,,,,,,,,,,,,,,,,,,,,,,,,,,,51.077084,2.428319,18.244822,51.077084,2.428319,0.525585,,,,,,,,,,,,,,,,,51.077084,2.5182567,0.16802096,51.077084,2.5182567,0.0054934868,,,,,,,,,,,,,,,,,,,,51.077084,2.5182567,0.054111555,51.077084,2.5182567,27.738089,51.077084,2.5182567,0.0018037185,51.077084,2.5182567,1.0000001e-07,51.077084,2.5182567,7.0,,,,,,,
51.077084,2.4582982,0.47200653,51.077084,2.4582982,0.41380337,,,,,,,,,,,,,,,,,,,,,,,,,,,,,,,,,,,,,,,,,,,,,,,,,,,,,,,,,,,,,51.077084,2.4582982,17.447208,51.077084,2.4582982,0.49889395,,,,,,,,,,,,,,,,,51.077084,2.548236,0.17101611,51.077084,2.548236,-0.0029078377,,,,,,,,,,,,,,,,,,,,51.077084,2.548236,0.06704438,51.077084,2.548236,27.794996,51.077084,2.548236,0.0022348126,51.077084,2.548236,1.0000001e-07,51.077084,2.548236,7.0,,,,,,,
51.077084,2.4882774,0.46448013,51.077084,2.4882774,0.4137885,,,,,,,,,,,,,,,,,,,,,,,,,,,,,,,,,,,,,,,,,,,,,,,,,,,,,,,,,,,,,51.077084,2.4882774,16.308544,51.077084,2.4882774,0.5057109,,,,,,,,,,,,,,,,,51.077084,2.5782151,0.19087772,51.077084,2.5782151,0.005125828,,,,,,,,,,,,,,,,,,,,51.077084,2.5782151,0.07241631,51.077084,2.5782151,27.818632,51.077084,2.5782151,0.0024138773,51.077084,2.5782151,1.0000001e-07,51.077084,2.5782151,7.0,,,,,,,
51.077084,2.5182567,0.46770784,51.077084,2.5182567,0.4150082,,,,,,,,,,,,,,,,,,,,,,,,,,,,,,,,,,,,,,,,,,,,,,,,,,,,,,,,,,,,,51.077084,2.5182567,16.840813,51.077084,2.5182567,0.65612197,,,,,,,,,,,,,,,,,51.077084,2.6081944,0.18049575,51.077084,2.6081944,0.004046415,,,,,,,,,,,,,,,,,,,,51.077084,2.6081944,0.07702125,51.077084,2.6081944,27.838894,51.077084,2.6081944,0.0025673746,51.077084,2.6081944,1.0000001e-07,51.077084,2.6081944,7.0,,,,,,,
51.077084,2.548236,0.46825823,51.077084,2.548236,0.40934104,,,,,,,,,,,,,,,,,,,,,,,,,,,,,,,,,,,,,,,,,,,,,,,,,,,,,,,,,,,,,51.077084,2.548236,16.946356,51.077084,2.548236,-0.0802333,,,,,,,,,,,,,,,,,51.077084,2.6381736,0.16044721,51.077084,2.6381736,-0.0019621877,,,,,,,,,,,,,,,,,,,,51.077084,2.6381736,0.061610717,51.077084,2.6381736,27.771088,51.077084,2.6381736,0.0020536908,51.077084,2.6381736,1.0000001e-07,51.077084,2.6381736,7.0,,,,,,,
51.077084,2.5782151,0.47838756,51.077084,2.5782151,0.41450244,,,,,,,,,,,,,,,,,,,,,,,,,,,,,,,,,,,,,,,,,,,,,,,,,,,,,,,,,,,,,51.077084,2.5782151,18.3519,51.077084,2.5782151,0.5615082,,,,,,,,,,,,,,,,,51.077084,2.6681528,0.15648842,51.077084,2.6681528,0.0036577003,,,,,,,,,,,,,,,,,,,,51.077084,2.6681528,0.059304144,51.077084,2.6681528,27.76094,51.077084,2.6681528,0.0019768048,51.077084,2.6681528,1.0000001e-07,51.077084,2.6681528,7.0,,,,,,,
51.077084,2.6081944,0.46854082,51.077084,2.6081944,0.413967,,,,,,,,,,,,,,,,,,,,,,,,,,,,,,,,,,,,,,,,,,,,,,,,,,,,,,,,,,,,,51.077084,2.6081944,16.91148,51.077084,2.6081944,0.5042813,,,,,,,,,,,,,,,,,51.077084,2.698132,0.13329406,51.077084,2.698132,0.0067376816,,,,,,,,,,,,,,,,,,,,51.077084,2.698132,0.07391128,51.077084,2.698132,27.82521,51.077084,2.698132,0.002463709,51.077084,2.698132,1.0000001e-07,51.077084,2.698132,7.0,,,,,,,
51.077084,2.6381736,0.45176256,51.077084,2.6381736,0.41015914,,,,,,,,,,,,,,,,,,,,,,,,,,,,,,,,,,,,,,,,,,,,,,,,,,,,,,,,,,,,,51.077084,2.6381736,14.394451,51.077084,2.6381736,0.015233166,,,,,,,,,,,,,,,,,51.077084,2.7281115,0.15502442,51.077084,2.7281115,0.002507382,,,,,,,,,,,,,,,,,,,,51.077084,2.7281115,0.07028654,51.077084,2.7281115,27.809261,51.077084,2.7281115,0.0023428847,51.077084,2.7281115,1.0000001e-07,51.077084,2.7281115,7.0,,,,,,,
51.077084,2.6681528,0.44878775,51.077084,2.6681528,0.41356534,,,,,,,,,,,,,,,,,,,,,,,,,,,,,,,,,,,,,,,,,,,,,,,,,,,,,,,,,,,,,51.077084,2.6681528,13.9082155,51.077084,2.6681528,0.45401737,,,,,,,,,,,,,,,,,51.077084,2.7580907,0.15957014,51.077084,2.7580907,-0.0030174677,,,,,,,,,,,,,,,,,,,,51.077084,2.7580907,0.07822871,51.077084,2.7580907,27.844206,51.077084,2.7580907,0.002607624,51.077084,2.7580907,1.0000001e-07,51.077084,2.7580907,7.0,,,,,,,
51.077084,2.698132,0.4351926,51.077084,2.698132,0.41540977,,,,,,,,,,,,,,,,,,,,,,,,,,,,,,,,,,,,,,,,,,,,,,,,,,,,,,,,,,,,,51.077084,2.698132,12.029491,51.077084,2.698132,0.676855,,,,,,,,,,,,,,,,,51.077084,2.78807,0.13660091,51.077084,2.78807,0.0025074948,,,,,,,,,,,,,,,,,,,,51.077084,2.78807,0.06896381,51.077084,2.78807,27.80344,51.077084,2.78807,0.0022987935,51.077084,2.78807,1.0000001e-07,51.077084,2.78807,7.0,,,,,,,
51.077084,2.7281113,0.44505432,51.077084,2.7281113,0.41283655,,,,,,,,,,,,,,,,,,,,,,,,,,,,,,,,,,,,,,,,,,,,,,,,,,,,,,,,,,,,,51.077084,2.7281113,13.456451,51.077084,2.7281113,0.3490859,,,,,,,,,,,,,,,,,51.077084,2.8180492,0.12964642,51.077084,2.8180492,0.0029870025,,,,,,,,,,,,,,,,,,,,51.077084,2.8180492,0.061083436,51.077084,2.8180492,27.768766,51.077084,2.8180492,0.0020361142,51.077084,2.8180492,1.0000001e-07,51.077084,2.8180492,7.0,,,,,,,
51.077084,2.7580905,0.44386435,51.077084,2.7580905,0.40969807,,,,,,,,,,,,,,,,,,,,,,,,,,,,,,,,,,,,,,,,,,,,,,,,,,,,,,,,,,,,,51.077084,2.7580905,13.254893,51.077084,2.7580905,-0.08491635,,,,,,,,,,,,,,,,,51.077084,2.8480284,0.12900256,51.077084,2.8480284,-0.00350184,,,,,,,,,,,,,,,,,,,,51.077084,2.8480284,0.08665277,51.077084,2.8480284,27.881273,51.077084,2.8480284,0.0028884255,51.077084,2.8480284,1.0000001e-07,51.077084,2.8480284,7.0,,,,,,,
51.077084,2.78807,0.42951062,51.077084,2.78807,0.41267288,,,,,,,,,,,,,,,,,,,,,,,,,,,,,,,,,,,,,,,,,,,,,,,,,,,,,,,,,,,,,51.077084,2.78807,11.182997,51.077084,2.78807,0.32773292,,,,,,,,,,,,,,,,,51.077084,2.8780077,0.13744707,51.077084,2.8780077,0.006543953,,,,,,,,,,,,,,,,,,,,51.077084,2.8780077,0.09512353,51.077084,2.8780077,27.918541,51.077084,2.8780077,0.003170784,51.077084,2.8780077,1.0000001e-07,51.077084,2.8780077,7.0,,,,,,,
51.077084,2.8180492,0.42360556,51.077084,2.8180492,0.41283655,,,,,,,,,,,,,,,,,,,,,,,,,,,,,,,,,,,,,,,,,,,,,,,,,,,,,,,,,,,,,51.077084,2.8180492,10.296298,51.077084,2.8180492,0.36565173,,,,,,,,,,,,,,,,,51.077084,2.9079869,0.13215111,51.077084,2.9079869,0.0057015643,,,,,,,,,,,,,,,,,,,,51.077084,2.9079869,0.104281254,51.077084,2.9079869,27.958838,51.077084,2.9079869,0.0034760414,51.077084,2.9079869,1.0000001e-07,51.077084,2.9079869,7.0,,,,,,,
51.077084,2.8480284,0.42256433,51.077084,2.8480284,0.4092964,,,,,,,,,,,,,,,,,,,,,,,,,,,,,,,,,,,,,,,,,,,,,,,,,,,,,,,,,,,,,51.077084,2.8480284,10.173271,51.077084,2.8480284,-0.11091456,,,,,,,,,,,,,,,,,51.077084,2.937966,0.12567863,51.077084,2.937966,0.0037880342,,,,,,,,,,,,,,,,,,,,51.077084,2.937966,0.091248415,51.077084,2.937966,27.901495,51.077084,2.937966,0.0030416136,51.077084,2.937966,1.0000001e-07,51.077084,2.937966,7.0,,,,,,,
51.077084,2.8780077,0.4267589,51.077084,2.8780077,0.41448757,,,,,,,,,,,,,,,,,,,,,,,,,,,,,,,,,,,,,,,,,,,,,,,,,,,,,,,,,,,,,51.077084,2.8780077,10.769932,51.077084,2.8780077,0.5724421,,,,,,,,,,,,,,,,,51.077084,2.9679453,0.123408824,51.077084,2.9679453,-0.0016243102,,,,,,,,,,,,,,,,,,,,51.077084,2.9679453,0.07750865,51.077084,2.9679453,27.84104,51.077084,2.9679453,0.0025836213,51.077084,2.9679453,1.0000001e-07,51.077084,2.9679453,7.0,,,,,,,
51.077084,2.9079869,0.4225792,51.077084,2.9079869,0.41411573,,,,,,,,,,,,,,,,,,,,,,,,,,,,,,,,,,,,,,,,,,,,,,,,,,,,,,,,,,,,,51.077084,2.9079869,10.174586,51.077084,2.9079869,0.5150794,,,,,,,,,,,,,,,,,51.077084,2.9979246,0.123786025,51.077084,2.9979246,0.0008262361,,,,,,,,,,,,,,,,,,,,51.077084,2.9979246,0.08432583,51.077084,2.9979246,27.871035,51.077084,2.9979246,0.0028108608,51.077084,2.9979246,1.0000001e-07,51.077084,2.9979246,7.0,,,,,,,
51.077084,2.937966,0.41659972,51.077084,2.937966,0.4130745,,,,,,,,,,,,,,,,,,,,,,,,,,,,,,,,,,,,,,,,,,,,,,,,,,,,,,,,,,,,,51.077084,2.937966,9.253744,51.077084,2.937966,0.37331498,,,,,,,,,,,,,,,,,51.077084,3.0279038,0.11579185,51.077084,3.0279038,0.0010066847,,,,,,,,,,,,,,,,,,,,51.077084,3.0279038,0.082899556,51.077084,3.0279038,27.864758,51.077084,3.0279038,0.0027633188,51.077084,3.0279038,1.0000001e-07,51.077084,3.0279038,7.0,,,,,,,
51.077084,2.9679453,0.41436857,51.077084,2.9679453,0.41038224,,,,,,,,,,,,,,,,,,,,,,,,,,,,,,,,,,,,,,,,,,,,,,,,,,,,,,,,,,,,,51.077084,2.9679453,8.917658,51.077084,2.9679453,0.02785724,,,,,,,,,,,,,,,,,51.077084,3.057883,0.12363476,51.077084,3.057883,0.012453904,,,,,,,,,,,,,,,,,,,,51.077084,3.057883,0.08533755,51.077084,3.057883,27.875484,51.077084,3.057883,0.002844585,51.077084,3.057883,1.0000001e-07,51.077084,3.057883,7.0,,,,,,,
51.077084,2.9979246,0.4129555,51.077084,2.9979246,0.41148296,,,,,,,,,,,,,,,,,,,,,,,,,,,,,,,,,,,,,,,,,,,,,,,,,,,,,,,,,,,,,51.077084,2.9979246,8.738793,51.077084,2.9979246,0.16179524,,,,,,,,,,,,,,,,,51.077084,3.0878623,0.11091104,51.077084,3.0878623,0.0052065356,,,,,,,,,,,,,,,,,,,,51.077084,3.0878623,0.07526656,51.077084,3.0878623,27.831173,51.077084,3.0878623,0.0025088852,51.077084,3.0878623,1.0000001e-07,51.077084,3.0878623,7.0,,,,,,,
51.077084,3.0279038,0.40980217,51.077084,3.0279038,0.41166148,,,,,,,,,,,,,,,,,,,,,,,,,,,,,,,,,,,,,,,,,,,,,,,,,,,,,,,,,,,,,51.077084,3.0279038,8.240307,51.077084,3.0279038,0.20945139,,,,,,,,,,,,,,,,,51.077084,3.1178415,0.09180666,51.077084,3.1178415,0.0031189034,,,,,,,,,,,,,,,,,,,,51.077084,3.1178415,0.048721984,51.077084,3.1178415,27.714378,51.077084,3.1178415,0.001624066,51.077084,3.1178415,1.0000001e-07,51.077084,3.1178415,7.0,,,,,,,
51.077084,3.057883,0.41105163,51.077084,3.057883,0.41686746,,,,,,,,,,,,,,,,,,,,,,,,,,,,,,,,,,,,,,,,,,,,,,,,,,,,,,,,,,,,,51.077084,3.057883,8.460561,51.077084,3.057883,0.9297857,,,,,,,,,,,,,,,,,51.077084,3.147821,0.061449204,51.077084,3.147821,-0.0011738038,,,,,,,,,,,,,,,,,,,,51.077084,3.147821,0.031806663,51.077084,3.147821,27.63995,51.077084,3.147821,0.0010602222,51.077084,3.147821,1.0000001e-07,51.077084,3.147821,7.0,,,,,,,
51.077084,3.0878623,0.40392682,51.077084,3.0878623,0.41343153,,,,,,,,,,,,,,,,,,,,,,,,,,,,,,,,,,,,,,,,,,,,,,,,,,,,,,,,,,,,,51.077084,3.0878623,7.402746,51.077084,3.0878623,0.44147888,,,,,,,,,,,,,,,,,51.077084,3.1778002,0.050700344,51.077084,3.1778002,-0.0020369135,,,,,,,,,,,,,,,,,,,,51.077084,3.1778002,0.038970403,51.077084,3.1778002,27.671469,51.077084,3.1778002,0.0012990135,51.077084,3.1778002,1.0000001e-07,51.077084,3.1778002,7.0,,,,,,,
51.077084,3.1178415,0.39529973,51.077084,3.1178415,0.4125093,,,,,,,,,,,,,,,,,,,,,,,,,,,,,,,,,,,,,,,,,,,,,,,,,,,,,,,,,,,,,51.077084,3.1178415,6.107944,51.077084,3.1178415,0.31940612,,,,,,,,,,,,,,,,,51.077084,3.2077794,0.05094919,51.077084,3.2077794,-0.005549924,,,,,,,,,,,,,,,,,,,,51.077084,3.2077794,0.027415782,51.077084,3.2077794,27.620628,51.077084,3.2077794,0.00091385946,51.077084,3.2077794,1.0000001e-07,51.077084,3.2077794,7.0,,,,,,,
51.077084,3.1478207,0.38109475,51.077084,3.1478207,0.41060537,,,,,,,,,,,,,,,,,,,,,,,,,,,,,,,,,,,,,,,,,,,,,,,,,,,,,,,,,,,,,51.077084,3.1478207,4.034516,51.077084,3.1478207,0.056552887,,,,,,,,,,,,,,,,,51.077084,3.2377586,0.059789214,51.077084,3.2377586,0.002092645,,,,,,,,,,,,,,,,,,,,51.077084,3.2377586,0.01924786,51.077084,3.2377586,27.584692,51.077084,3.2377586,0.00064159534,51.077084,3.2377586,1.0000001e-07,51.077084,3.2377586,7.0,,,,,,,
51.077084,3.1778,0.37646884,51.077084,3.1778,0.41014427,,,,,,,,,,,,,,,,,,,,,,,,,,,,,,,,,,,,,,,,,,,,,,,,,,,,,,,,,,,,,51.077084,3.1778,3.3162017,51.077084,3.1778,0.00066469115,,,,,,,,,,,,,,,,,51.077084,3.2677379,0.057364386,51.077084,3.2677379,0.00043751777,,,,,,,,,,,,,,,,,,,,51.077084,3.2677379,0.043958943,51.077084,3.2677379,27.69342,51.077084,3.2677379,0.001465298,51.077084,3.2677379,1.0000001e-07,51.077084,3.2677379,7.0,,,,,,,
51.077084,3.2077794,0.3765878,51.077084,3.2077794,0.4086717,,,,,,,,,,,,,,,,,,,,,,,,,,,,,,,,,,,,,,,,,,,,,,,,,,,,,,,,,,,,,51.077084,3.2077794,3.3219202,51.077084,3.2077794,-0.18655294,,,,,,,,,,,,,,,,,51.077084,3.297717,0.06687537,51.077084,3.297717,-0.0015372034,,,,,,,,,,,,,,,,,,,,51.077084,3.297717,0.030662425,51.077084,3.297717,27.634914,51.077084,3.297717,0.0010220808,51.077084,3.297717,1.0000001e-07,51.077084,3.297717,7.0,,,,,,,
51.077084,3.2377586,0.3792801,51.077084,3.2377586,0.41203335,,,,,,,,,,,,,,,,,,,,,,,,,,,,,,,,,,,,,,,,,,,,,,,,,,,,,,,,,,,,,51.077084,3.2377586,3.7272632,51.077084,3.2377586,0.23679751,,,,,,,,,,,,,,,,,51.077084,3.3276963,0.064162284,51.077084,3.3276963,-0.010518088,,,,,,,,,,,,,,,,,,,,51.077084,3.3276963,0.042221792,51.077084,3.3276963,27.685778,51.077084,3.3276963,0.0014073929,51.077084,3.3276963,1.0000001e-07,51.077084,3.3276963,7.0,,,,,,,
51.077084,3.2677379,0.37788188,51.077084,3.2677379,0.41131938,,,,,,,,,,,,,,,,,,,,,,,,,,,,,,,,,,,,,,,,,,,,,,,,,,,,,,,,,,,,,51.077084,3.2677379,3.5360985,51.077084,3.2677379,0.14176291,,,,,,,,,,,,,,,,,51.077084,3.3576756,0.06657793,51.077084,3.3576756,0.0074991668,,,,,,,,,,,,,,,,,,,,51.077084,3.3576756,0.04645984,51.077084,3.3576756,27.704422,51.077084,3.3576756,0.0015486613,51.077084,3.3576756,1.0000001e-07,51.077084,3.3576756,7.0,,,,,,,
51.077084,3.297717,0.38145173,51.077084,3.297717,0.41051614,,,,,,,,,,,,,,,,,,,,,,,,,,,,,,,,,,,,,,,,,,,,,,,,,,,,,,,,,,,,,51.077084,3.297717,4.0470395,51.077084,3.297717,0.05148838,,,,,,,,,,,,,,,,,51.077084,3.3876548,0.06409276,51.077084,3.3876548,0.0018144711,,,,,,,,,,,,,,,,,,,,51.077084,3.3876548,0.043234453,51.077084,3.3876548,27.690231,51.077084,3.3876548,0.0014411485,51.077084,3.3876548,1.0000001e-07,51.077084,3.3876548,7.0,,,,,,,
51.077084,3.3276963,0.3801279,51.077084,3.3276963,0.4069017,,,,,,,,,,,,,,,,,,,,,,,,,,,,,,,,,,,,,,,,,,,,,,,,,,,,,,,,,,,,,51.077084,3.3276963,3.8703716,51.077084,3.3276963,-0.4254799,,,,,,,,,,,,,,,,,51.077084,3.417634,0.07101848,51.077084,3.417634,0.0008335251,,,,,,,,,,,,,,,,,,,,51.077084,3.417634,0.0401183,51.077084,3.417634,27.676521,51.077084,3.417634,0.0013372765,51.077084,3.417634,1.0000001e-07,51.077084,3.417634,7.0,,,,,,,
51.077084,3.3576756,0.38073775,51.077084,3.3576756,0.41398183,,,,,,,,,,,,,,,,,,,,,,,,,,,,,,,,,,,,,,,,,,,,,,,,,,,,,,,,,,,,,51.077084,3.3576756,3.9711676,51.077084,3.3576756,0.49714863,,,,,,,,,,,,,,,,,51.077084,3.4476132,0.062488932,51.077084,3.4476132,0.004718473,,,,,,,,,,,,,,,,,,,,51.077084,3.4476132,0.043077007,51.077084,3.4476132,27.68954,51.077084,3.4476132,0.0014359003,51.077084,3.4476132,1.0000001e-07,51.077084,3.4476132,7.0,,,,,,,
51.077084,3.3876548,0.37847686,51.077084,3.3876548,0.4117507,,,,,,,,,,,,,,,,,,,,,,,,,,,,,,,,,,,,,,,,,,,,,,,,,,,,,,,,,,,,,51.077084,3.3876548,3.6240606,51.077084,3.3876548,0.20445207,,,,,,,,,,,,,,,,,51.077084,3.4775925,0.066160835,51.077084,3.4775925,0.010122961,,,,,,,,,,,,,,,,,,,,51.077084,3.4775925,0.03933805,51.077084,3.4775925,27.673088,51.077084,3.4775925,0.0013112682,51.077084,3.4775925,1.0000001e-07,51.077084,3.4775925,7.0,,,,,,,
51.077084,3.417634,0.38091624,51.077084,3.417634,0.41136396,,,,,,,,,,,,,,,,,,,,,,,,,,,,,,,,,,,,,,,,,,,,,,,,,,,,,,,,,,,,,51.077084,3.417634,4.000859,51.077084,3.417634,0.15212888,,,,,,,,,,,,,,,,,51.077084,3.5075717,0.06236789,51.077084,3.5075717,-0.0071150297,,,,,,,,,,,,,,,,,,,,51.077084,3.5075717,0.035565846,51.077084,3.5075717,27.656488,51.077084,3.5075717,0.0011855284,51.077084,3.5075717,1.0000001e-07,51.077084,3.5075717,7.0,,,,,,,
51.077084,3.4476132,0.37809014,51.077084,3.4476132,0.41273242,,,,,,,,,,,,,,,,,,,,,,,,,,,,,,,,,,,,,,,,,,,,,,,,,,,,,,,,,,,,,51.077084,3.4476132,3.530654,51.077084,3.4476132,0.34924978,,,,,,,,,,,,,,,,,51.077084,3.5375512,0.056759674,51.077084,3.5375512,0.0035491262,,,,,,,,,,,,,,,,,,,,51.077084,3.5375512,0.045972638,51.077084,3.5375512,27.702278,51.077084,3.5375512,0.0015324212,51.077084,3.5375512,1.0000001e-07,51.077084,3.5375512,7.0,,,,,,,
51.077084,3.4775925,0.3782686,51.077084,3.4775925,0.4146512,,,,,,,,,,,,,,,,,,,,,,,,,,,,,,,,,,,,,,,,,,,,,,,,,,,,,,,,,,,,,51.077084,3.4775925,3.611115,51.077084,3.4775925,0.60414517,,,,,,,,,,,,,,,,,51.077084,3.5675304,0.052245107,51.077084,3.5675304,-0.008788723,,,,,,,,,,,,,,,,,,,,51.077084,3.5675304,0.02691091,51.077084,3.5675304,27.618408,51.077084,3.5675304,0.00089703035,51.077084,3.5675304,1.0000001e-07,51.077084,3.5675304,7.0,,,,,,,
51.077084,3.5075717,0.37646884,51.077084,3.5075717,0.40852296,,,,,,,,,,,,,,,,,,,,,,,,,,,,,,,,,,,,,,,,,,,,,,,,,,,,,,,,,,,,,51.077084,3.5075717,3.3424702,51.077084,3.5075717,-0.23244344,,,,,,,,,,,,,,,,,51.077084,3.5975096,0.05552434,51.077084,3.5975096,-0.009098803,,,,,,,,,,,,,,,,,,,,51.077084,3.5975096,0.04291994,51.077084,3.5975096,27.688848,51.077084,3.5975096,0.0014306647,51.077084,3.5975096,1.0000001e-07,51.077084,3.5975096,7.0,,,,,,,
51.077084,3.537551,0.37449056,51.077084,3.537551,0.41221178,,,,,,,,,,,,,,,,,,,,,,,,,,,,,,,,,,,,,,,,,,,,,,,,,,,,,,,,,,,,,51.077084,3.537551,3.027657,51.077084,3.537551,0.26778734,,,,,,,,,,,,,,,,,51.077084,3.6274889,0.02546417,51.077084,3.6274889,-0.0053181034,,,,,,,,,,,,,,,,,,,,51.077084,3.6274889,0.004008223,51.077084,3.6274889,27.517635,51.077084,3.6274889,0.0001336074,51.077084,3.6274889,1.0000001e-07,51.077084,3.6274889,7.0,,,,,,,
51.077084,3.5675302,0.3725866,51.077084,3.5675302,0.40792802,,,,,,,,,,,,,,,,,,,,,,,,,,,,,,,,,,,,,,,,,,,,,,,,,,,,,,,,,,,,,51.077084,3.5675302,2.7334287,51.077084,3.5675302,-0.32971016,,,,,,,,,,,,,,,,,51.077084,3.657468,0.042384785,51.077084,3.657468,0.010388548,,,,,,,,,,,,,,,,,,,,51.077084,3.657468,0.029428273,51.077084,3.657468,27.629486,51.077084,3.657468,0.0009809425,51.077084,3.657468,1.0000001e-07,51.077084,3.657468,7.0,,,,,,,
51.077084,3.5975094,0.37340474,51.077084,3.5975094,0.4079875,,,,,,,,,,,,,,,,,,,,,,,,,,,,,,,,,,,,,,,,,,,,,,,,,,,,,,,,,,,,,51.077084,3.5975094,2.891623,51.077084,3.5975094,-0.30494866,,,,,,,,,,,,,,,,,51.077084,3.6874473,0.038876757,51.077084,3.6874473,-0.007885397,,,,,,,,,,,,,,,,,,,,51.077084,3.6874473,0.02018236,51.077084,3.6874473,27.588802,51.077084,3.6874473,0.0006727453,51.077084,3.6874473,1.0000001e-07,51.077084,3.6874473,7.0,,,,,,,
51.077084,3.6274889,0.36331993,51.077084,3.6274889,0.40911797,,,,,,,,,,,,,,,,,,,,,,,,,,,,,,,,,,,,,,,,,,,,,,,,,,,,,,,,,,,,,51.077084,3.6274889,1.3641057,51.077084,3.6274889,-0.12423781,,,,,,,,,,,,,,,,,51.077084,3.7174265,0.04215938,51.077084,3.7174265,-0.0008185297,,,,,,,,,,,,,,,,,,,,51.077084,3.7174265,0.011708144,51.077084,3.7174265,27.551514,51.077084,3.7174265,0.00039027145,51.077084,3.7174265,1.0000001e-07,51.077084,3.7174265,7.0,,,,,,,
51.077084,3.657468,0.36784178,51.077084,3.657468,0.4142347,,,,,,,,,,,,,,,,,,,,,,,,,,,,,,,,,,,,,,,,,,,,,,,,,,,,,,,,,,,,,51.077084,3.657468,2.0279667,51.077084,3.657468,0.5398424,,,,,,,,,,,,,,,,,51.077084,3.7474058,0.01894624,51.077084,3.7474058,-0.012602117,,,,,,,,,,,,,,,,,,,,51.077084,3.7474058,0.0014203949,51.077084,3.7474058,27.50625,51.077084,3.7474058,4.7346486e-05,51.077084,3.7474058,1.0000001e-07,51.077084,3.7474058,7.0,,,,,,,
51.077084,3.6874473,0.36681542,51.077084,3.6874473,0.4086866,,,,,,,,,,,,,,,,,,,,,,,,,,,,,,,,,,,,,,,,,,,,,,,,,,,,,,,,,,,,,51.077084,3.6874473,1.9199715,51.077084,3.6874473,-0.18237227,,,,,,,,,,,,,,,,,51.077084,3.777385,0.03151866,51.077084,3.777385,-0.006713779,,,,,,,,,,,,,,,,,,,,51.077084,3.777385,0.011899456,51.077084,3.777385,27.552357,51.077084,3.777385,0.00039664854,51.077084,3.777385,1.0000001e-07,51.077084,3.777385,7.0,,,,,,,
51.077084,3.7174265,0.3683772,51.077084,3.7174265,0.41056073,,,,,,,,,,,,,,,,,,,,,,,,,,,,,,,,,,,,,,,,,,,,,,,,,,,,,,,,,,,,,51.077084,3.7174265,2.145162,51.077084,3.7174265,0.0689148,,,,,,,,,,,,,,,,,51.077084,3.8073642,0.029739274,51.077084,3.8073642,0.005031279,,,,,,,,,,,,,,,,,,,,51.077084,3.8073642,0.0005577281,51.077084,3.8073642,27.502453,51.077084,3.8073642,1.8590907e-05,51.077084,3.8073642,1.0000001e-07,51.077084,3.8073642,7.0,,,,,,,
51.077084,3.7474058,0.3607318,51.077084,3.7474058,0.406976,,,,,,,,,,,,,,,,,,,,,,,,,,,,,,,,,,,,,,,,,,,,,,,,,,,,,,,,,,,,,51.077084,3.7474058,1.0100518,51.077084,3.7474058,-0.4067438,,,,,,,,,,,,,,,,,51.077084,3.8373435,0.040739954,51.077084,3.8373435,-0.01508625,,,,,,,,,,,,,,,,,,,,51.077084,3.8373435,0.03317793,51.077084,3.8373435,27.645985,51.077084,3.8373435,0.0011059311,51.077084,3.8373435,1.0000001e-07,51.077084,3.8373435,7.0,,,,,,,
51.077084,3.777385,0.36413807,51.077084,3.777385,0.4089246,,,,,,,,,,,,,,,,,,,,,,,,,,,,,,,,,,,,,,,,,,,,,,,,,,,,,,,,,,,,,51.077084,3.777385,1.5141685,51.077084,3.777385,-0.17915024,,,,,,,,,,,,,,,,,51.077084,3.8673227,0.02613974,51.077084,3.8673227,0.00055056665,,,,,,,,,,,,,,,,,,,,51.077084,3.8673227,-0.0039875573,51.077084,3.8673227,27.482454,51.077084,3.8673227,-0.00013291859,51.077084,3.8673227,1.0000001e-07,51.077084,3.8673227,7.0,,,,,,,
51.077084,3.8073642,0.36369184,51.077084,3.8073642,0.4124944,,,,,,,,,,,,,,,,,,,,,,,,,,,,,,,,,,,,,,,,,,,,,,,,,,,,,,,,,,,,,51.077084,3.8073642,1.4521221,51.077084,3.8073642,0.30769682,,,,,,,,,,,,,,,,,51.077084,3.897302,0.032556795,51.077084,3.897302,0.0037673737,,,,,,,,,,,,,,,,,,,,51.077084,3.897302,0.0050607156,51.077084,3.897302,27.522268,51.077084,3.897302,0.00016869049,51.077084,3.897302,1.0000001e-07,51.077084,3.897302,7.0,,,,,,,
51.077084,3.8373435,0.36642867,51.077084,3.8373435,0.40652984,,,,,,,,,,,,,,,,,,,,,,,,,,,,,,,,,,,,,,,,,,,,,,,,,,,,,,,,,,,,,51.077084,3.8373435,1.8611442,51.077084,3.8373435,-0.50531477,,,,,,,,,,,,,,,,,51.077084,3.9272811,0.02849547,51.077084,3.9272811,0.0062693795,,,,,,,,,,,,,,,,,,,,51.077084,3.9272811,0.020775888,51.077084,3.9272811,27.591415,51.077084,3.9272811,0.0006925295,51.077084,3.9272811,1.0000001e-07,51.077084,3.9272811,7.0,,,,,,,
51.077084,3.8673227,0.36235312,51.077084,3.8673227,0.41097727,,,,,,,,,,,,,,,,,,,,,,,,,,,,,,,,,,,,,,,,,,,,,,,,,,,,,,,,,,,,,51.077084,3.8673227,1.2197298,51.077084,3.8673227,0.112935066,,,,,,,,,,,,,,,,,51.077084,3.9572606,0.023102917,51.077084,3.9572606,0.0016652108,,,,,,,,,,,,,,,,,,,,51.077084,3.9572606,0.020028612,51.077084,3.9572606,27.588127,51.077084,3.9572606,0.0006676203,51.077084,3.9572606,1.0000001e-07,51.077084,3.9572606,7.0,,,,,,,
51.077084,3.897302,0.36354306,51.077084,3.897302,0.41186967,,,,,,,,,,,,,,,,,,,,,,,,,,,,,,,,,,,,,,,,,,,,,,,,,,,,,,,,,,,,,51.077084,3.897302,1.419864,51.077084,3.897302,0.21469977,,,,,,,,,,,,,,,,,51.077084,3.9872398,0.014272041,51.077084,3.9872398,0.004797894,,,,,,,,,,,,,,,,,,,,51.077084,3.9872398,-0.0015461093,51.077084,3.9872398,27.493198,51.077084,3.9872398,-5.1537012e-05,51.077084,3.9872398,1.0000001e-07,51.077084,3.9872398,7.0,,,,,,,
51.077084,3.9272811,0.3624275,51.077084,3.9272811,0.4126283,,,,,,,,,,,,,,,,,,,,,,,,,,,,,,,,,,,,,,,,,,,,,,,,,,,,,,,,,,,,,51.077084,3.9272811,1.2264237,51.077084,3.9272811,0.3223123,,,,,,,,,,,,,,,,,51.077084,4.017219,0.024635896,51.077084,4.017219,-0.0006146998,,,,,,,,,,,,,,,,,,,,51.077084,4.017219,0.011862657,51.077084,4.017219,27.552195,51.077084,4.017219,0.00039542193,51.077084,4.017219,1.0000001e-07,51.077084,4.017219,7.0,,,,,,,
51.077084,3.9572604,0.36101446,51.077084,3.9572604,0.41133416,,,,,,,,,,,,,,,,,,,,,,,,,,,,,,,,,,,,,,,,,,,,,,,,,,,,,,,,,,,,,51.077084,3.9572604,1.0450515,51.077084,3.9572604,0.14786333,,,,,,,,,,,,,,,,,51.077084,4.0471983,0.012615818,51.077084,4.0471983,0.0073718675,,,,,,,,,,,,,,,,,,,,51.077084,4.0471983,-0.01577064,51.077084,4.0471983,27.43061,51.077084,4.0471983,-0.00052568805,51.077084,4.0471983,1.0000001e-07,51.077084,4.0471983,7.0,,,,,,,
51.077084,3.9872396,0.3584858,51.077084,3.9872396,0.4120928,,,,,,,,,,,,,,,,,,,,,,,,,,,,,,,,,,,,,,,,,,,,,,,,,,,,,,,,,,,,,51.077084,3.9872396,0.6659013,51.077084,3.9872396,0.23955931,,,,,,,,,,,,,,,,,51.077084,4.0771775,0.021795854,51.077084,4.0771775,0.0029823375,,,,,,,,,,,,,,,,,,,,51.077084,4.0771775,0.006287759,51.077084,4.0771775,27.527666,51.077084,4.0771775,0.00020959205,51.077084,4.0771775,1.0000001e-07,51.077084,4.0771775,7.0,,,,,,,
51.077084,4.017219,0.36152017,51.077084,4.017219,0.4106351,,,,,,,,,,,,,,,,,,,,,,,,,,,,,,,,,,,,,,,,,,,,,,,,,,,,,,,,,,,,,51.077084,4.017219,1.1323032,51.077084,4.017219,0.070405655,,,,,,,,,,,,,,,,,51.077084,4.1071568,0.018473765,51.077084,4.1071568,0.00531243,,,,,,,,,,,,,,,,,,,,51.077084,4.1071568,-0.017185781,51.077084,4.1071568,27.424385,51.077084,4.1071568,-0.0005728593,51.077084,4.1071568,1.0000001e-07,51.077084,4.1071568,7.0,,,,,,,
51.077084,4.0471983,0.35793543,51.077084,4.0471983,0.41294065,,,,,,,,,,,,,,,,,,,,,,,,,,,,,,,,,,,,,,,,,,,,,,,,,,,,,,,,,,,,,51.077084,4.0471983,0.6134902,51.077084,4.0471983,0.3548939,,,,,,,,,,,,,,,,,51.077084,4.137136,0.031833317,51.077084,4.137136,0.0039648158,,,,,,,,,,,,,,,,,,,,51.077084,4.137136,0.0409953,51.077084,4.137136,27.68038,51.077084,4.137136,0.00136651,51.077084,4.137136,1.0000001e-07,51.077084,4.137136,7.0,,,,,,,
51.077084,4.0771775,0.36030048,51.077084,4.0771775,0.4116466,,,,,,,,,,,,,,,,,,,,,,,,,,,,,,,,,,,,,,,,,,,,,,,,,,,,,,,,,,,,,51.077084,4.0771775,0.891526,51.077084,4.0771775,0.19622998,,,,,,,,,,,,,,,,,51.077084,4.167115,0.023993466,51.077084,4.167115,0.008733028,,,,,,,,,,,,,,,,,,,,51.077084,4.167115,-0.02919656,51.077084,4.167115,27.371536,51.077084,4.167115,-0.00097321876,51.077084,4.167115,1.0000001e-07,51.077084,4.167115,7.0,,,,,,,
51.077084,4.1071568,0.3594229,51.077084,4.1071568,0.4121969,,,,,,,,,,,,,,,,,,,,,,,,,,,,,,,,,,,,,,,,,,,,,,,,,,,,,,,,,,,,,51.077084,4.1071568,0.8091496,51.077084,4.1071568,0.29578087,,,,,,,,,,,,,,,,,51.077084,4.1970944,0.024685279,51.077084,4.1970944,-0.0015418133,,,,,,,,,,,,,,,,,,,,51.077084,4.1970944,-0.006395288,51.077084,4.1970944,27.47186,51.077084,4.1970944,-0.00021317626,51.077084,4.1970944,1.0000001e-07,51.077084,4.1970944,7.0,,,,,,,
51.077084,4.137136,0.36257622,51.077084,4.137136,0.41192922,,,,,,,,,,,,,,,,,,,,,,,,,,,,,,,,,,,,,,,,,,,,,,,,,,,,,,,,,,,,,51.077084,4.137136,1.3010445,51.077084,4.137136,0.24232207,,,,,,,,,,,,,,,,,51.077084,4.2270737,0.01899933,51.077084,4.2270737,-0.002613886,,,,,,,,,,,,,,,,,,,,51.077084,4.2270737,0.021284599,51.077084,4.2270737,27.593653,51.077084,4.2270737,0.0007094866,51.077084,4.2270737,1.0000001e-07,51.077084,4.2270737,7.0,,,,,,,
51.077084,4.167115,0.36055335,51.077084,4.167115,0.41294062,,,,,,,,,,,,,,,,,,,,,,,,,,,,,,,,,,,,,,,,,,,,,,,,,,,,,,,,,,,,,51.077084,4.167115,0.93683934,51.077084,4.167115,0.3939201,,,,,,,,,,,,,,,,,51.077084,4.257053,0.026677165,51.077084,4.257053,-0.0044155437,,,,,,,,,,,,,,,,,,,,51.077084,4.257053,0.022260029,51.077084,4.257053,27.597942,51.077084,4.257053,0.00074200105,51.077084,4.257053,1.0000001e-07,51.077084,4.257053,7.0,,,,,,,
51.077084,4.1970944,0.3606128,51.077084,4.1970944,0.41033763,,,,,,,,,,,,,,,,,,,,,,,,,,,,,,,,,,,,,,,,,,,,,,,,,,,,,,,,,,,,,51.077084,4.1970944,1.0085983,51.077084,4.1970944,0.03715396,,,,,,,,,,,,,,,,,51.077084,4.287032,0.037664097,51.077084,4.287032,0.011822596,,,,,,,,,,,,,,,,,,,,51.077084,4.287032,0.01149398,51.077084,4.287032,27.550575,51.077084,4.287032,0.00038313272,51.077084,4.287032,1.0000001e-07,51.077084,4.287032,7.0,,,,,,,
51.077084,4.2270737,0.35915518,51.077084,4.2270737,0.41026327,,,,,,,,,,,,,,,,,,,,,,,,,,,,,,,,,,,,,,,,,,,,,,,,,,,,,,,,,,,,,51.077084,4.2270737,0.77004355,51.077084,4.2270737,0.03125171,,,,,,,,,,,,,,,,,51.077084,4.3170114,0.033306964,51.077084,4.3170114,-0.0004092221,,,,,,,,,,,,,,,,,,,,51.077084,4.3170114,-0.00017982472,51.077084,4.3170114,27.499208,51.077084,4.3170114,-5.994147e-06,51.077084,4.3170114,1.0000001e-07,51.077084,4.3170114,7.0,,,,,,,
51.077084,4.257053,0.3610442,51.077084,4.257053,0.40981704,,,,,,,,,,,,,,,,,,,,,,,,,,,,,,,,,,,,,,,,,,,,,,,,,,,,,,,,,,,,,51.077084,4.257053,1.0476224,51.077084,4.257053,-0.051784318,,,,,,,,,,,,,,,,,51.077084,4.3469906,0.023992743,51.077084,4.3469906,0.0013335901,,,,,,,,,,,,,,,,,,,,51.077084,4.3469906,0.015610529,51.077084,4.3469906,27.568687,51.077084,4.3469906,0.000520351,51.077084,4.3469906,1.0000001e-07,51.077084,4.3469906,7.0,,,,,,,
51.077084,4.287032,0.36331996,51.077084,4.287032,0.4135505,,,,,,,,,,,,,,,,,,,,,,,,,,,,,,,,,,,,,,,,,,,,,,,,,,,,,,,,,,,,,51.077084,4.287032,1.4414686,51.077084,4.287032,0.46344408,,,,,,,,,,,,,,,,,51.077084,4.37697,0.026171088,51.077084,4.37697,0.015683942,,,,,,,,,,,,,,,,,,,,51.077084,4.37697,-0.037550375,51.077084,4.37697,27.334778,51.077084,4.37697,-0.0012516793,51.077084,4.37697,1.0000001e-07,51.077084,4.37697,7.0,,,,,,,
51.077084,4.3170114,0.36244237,51.077084,4.3170114,0.4106798,,,,,,,,,,,,,,,,,,,,,,,,,,,,,,,,,,,,,,,,,,,,,,,,,,,,,,,,,,,,,51.077084,4.3170114,1.2291876,51.077084,4.3170114,0.0582163,,,,,,,,,,,,,,,,,51.077084,4.406949,0.0025948808,51.077084,4.406949,-0.01573512,,,,,,,,,,,,,,,,,,,,51.077084,4.406949,-0.02783527,51.077084,4.406949,27.377525,51.077084,4.406949,-0.00092784245,51.077084,4.406949,1.0000001e-07,51.077084,4.406949,7.0,,,,,,,
51.077084,4.3469906,0.3601071,51.077084,4.3469906,0.41105163,,,,,,,,,,,,,,,,,,,,,,,,,,,,,,,,,,,,,,,,,,,,,,,,,,,,,,,,,,,,,51.077084,4.3469906,0.9003155,51.077084,4.3469906,0.105862856,,,,,,,,,,,,,,,,,51.077084,4.4369283,0.019025333,51.077084,4.4369283,0.011866236,,,,,,,,,,,,,,,,,,,,51.077084,4.4369283,0.022530954,51.077084,4.4369283,27.599136,51.077084,4.4369283,0.0007510318,51.077084,4.4369283,1.0000001e-07,51.077084,4.4369283,7.0,,,,,,,
51.077084,4.37697,0.36041945,51.077084,4.37697,0.41417524,,,,,,,,,,,,,,,,,,,,,,,,,,,,,,,,,,,,,,,,,,,,,,,,,,,,,,,,,,,,,51.077084,4.37697,0.9550168,51.077084,4.37697,0.52327657,,,,,,,,,,,,,,,,,51.077084,4.4669075,0.0051007215,51.077084,4.4669075,-0.012573447,,,,,,,,,,,,,,,,,,,,51.077084,4.4669075,-0.05378298,51.077084,4.4669075,27.263355,51.077084,4.4669075,-0.0017927659,51.077084,4.4669075,1.0000001e-07,51.077084,4.4669075,7.0,,,,,,,
51.077084,4.406949,0.35537708,51.077084,4.406949,0.40739253,,,,,,,,,,,,,,,,,,,,,,,,,,,,,,,,,,,,,,,,,,,,,,,,,,,,,,,,,,,,,51.077084,4.406949,0.23383576,51.077084,4.406949,-0.39428556,,,,,,,,,,,,,,,,,51.077084,4.4968867,0.033471715,51.077084,4.4968867,0.0070107356,,,,,,,,,,,,,,,,,,,,51.077084,4.4968867,0.05381579,51.077084,4.4968867,27.736792,51.077084,4.4968867,0.0017938595,51.077084,4.4968867,1.0000001e-07,51.077084,4.4968867,7.0,,,,,,,
51.077084,4.4369283,0.35884276,51.077084,4.4369283,0.41344637,,,,,,,,,,,,,,,,,,,,,,,,,,,,,,,,,,,,,,,,,,,,,,,,,,,,,,,,,,,,,51.077084,4.4369283,0.71221566,51.077084,4.4369283,0.43989554,,,,,,,,,,,,,,,,,51.077084,4.526866,0.005576037,51.077084,4.526866,0.0038666858,,,,,,,,,,,,,,,,,,,,51.077084,4.526866,-0.009521816,51.077084,4.526866,27.458105,51.077084,4.526866,-0.00031739386,51.077084,4.526866,1.0000001e-07,51.077084,4.526866,7.0,,,,,,,
51.077084,4.4669075,0.3557043,51.077084,4.4669075,0.4079429,,,,,,,,,,,,,,,,,,,,,,,,,,,,,,,,,,,,,,,,,,,,,,,,,,,,,,,,,,,,,51.077084,4.4669075,0.27318567,51.077084,4.4669075,-0.3150747,,,,,,,,,,,,,,,,,51.077084,4.556845,0.023065722,51.077084,4.556845,-0.0022532898,,,,,,,,,,,,,,,,,,,,51.077084,4.556845,-0.018355265,51.077084,4.556845,27.419237,51.077084,4.556845,-0.0006118422,51.077084,4.556845,1.0000001e-07,51.077084,4.556845,7.0,,,,,,,
51.077084,4.4968867,0.361535,51.077084,4.4968867,0.41215235,,,,,,,,,,,,,,,,,,,,,,,,,,,,,,,,,,,,,,,,,,,,,,,,,,,,,,,,,,,,,51.077084,4.4968867,1.1401209,51.077084,4.4968867,0.28061402,,,,,,,,,,,,,,,,,51.077084,4.586825,0.016164454,51.077084,4.586825,0.00295506,,,,,,,,,,,,,,,,,,,,51.077084,4.586825,-0.026396414,51.077084,4.586825,27.383854,51.077084,4.586825,-0.00087988045,51.077084,4.586825,1.0000001e-07,51.077084,4.586825,7.0,,,,,,,
51.077084,4.526866,0.35574892,51.077084,4.526866,0.41169122,,,,,,,,,,,,,,,,,,,,,,,,,,,,,,,,,,,,,,,,,,,,,,,,,,,,,,,,,,,,,51.077084,4.526866,0.24691656,51.077084,4.526866,0.21506983,,,,,,,,,,,,,,,,,51.077084,4.616804,0.008188405,51.077084,4.616804,-0.021666626,,,,,,,,,,,,,,,,,,,,51.077084,4.616804,-0.050499026,51.077084,4.616804,27.277805,51.077084,4.616804,-0.001683301,51.077084,4.616804,1.0000001e-07,51.077084,4.616804,7.0,,,,,,,
51.077084,4.556845,0.3593634,51.077084,4.556845,0.410174,,,,,,,,,,,,,,,,,,,,,,,,,,,,,,,,,,,,,,,,,,,,,,,,,,,,,,,,,,,,,51.077084,4.556845,0.81421405,51.077084,4.556845,0.0033899578,,,,,,,,,,,,,,,,,51.077084,4.6467834,0.002222042,51.077084,4.6467834,0.0044238195,,,,,,,,,,,,,,,,,,,,51.077084,4.6467834,-0.04180743,51.077084,4.6467834,27.316048,51.077084,4.6467834,-0.001393581,51.077084,4.6467834,1.0000001e-07,51.077084,4.6467834,7.0,,,,,,,
51.077084,4.5868244,0.35778672,51.077084,4.5868244,0.41130447,,,,,,,,,,,,,,,,,,,,,,,,,,,,,,,,,,,,,,,,,,,,,,,,,,,,,,,,,,,,,51.077084,4.5868244,0.5733916,51.077084,4.5868244,0.1417501,,,,,,,,,,,,,,,,,51.077084,4.6767626,0.03296746,51.077084,4.6767626,-0.007412402,,,,,,,,,,,,,,,,,,,,51.077084,4.6767626,-0.027969135,51.077084,4.6767626,27.376936,51.077084,4.6767626,-0.0009323045,51.077084,4.6767626,1.0000001e-07,51.077084,4.6767626,7.0,,,,,,,
51.077084,4.6168036,0.35637364,51.077084,4.6168036,0.40635133,,,,,,,,,,,,,,,,,,,,,,,,,,,,,,,,,,,,,,,,,,,,,,,,,,,,,,,,,,,,,51.077084,4.6168036,0.33375925,51.077084,4.6168036,-0.5114699,,,,,,,,,,,,,,,,,51.077084,4.706742,0.020269802,51.077084,4.706742,0.009076305,,,,,,,,,,,,,,,,,,,,51.077084,4.706742,0.028793467,51.077084,4.706742,27.62669,51.077084,4.706742,0.0009597822,51.077084,4.706742,1.0000001e-07,51.077084,4.706742,7.0,,,,,,,
51.077084,4.646783,0.3550796,51.077084,4.646783,0.41155735,,,,,,,,,,,,,,,,,,,,,,,,,,,,,,,,,,,,,,,,,,,,,,,,,,,,,,,,,,,,,51.077084,4.646783,0.18581966,51.077084,4.646783,0.20874804,,,,,,,,,,,,,,,,,51.077084,4.736721,0.0017392007,51.077084,4.736721,-0.004099991,,,,,,,,,,,,,,,,,,,,51.077084,4.736721,-0.08768367,51.077084,4.736721,27.114191,51.077084,4.736721,-0.0029227892,51.077084,4.736721,1.0000001e-07,51.077084,4.736721,7.0,,,,,,,
51.077084,4.676762,0.3609252,51.077084,4.676762,0.40928158,,,,,,,,,,,,,,,,,,,,,,,,,,,,,,,,,,,,,,,,,,,,,,,,,,,,,,,,,,,,,51.077084,4.676762,1.0256429,51.077084,4.676762,-0.1254571,,,,,,,,,,,,,,,,,51.077084,4.7667003,0.03202112,51.077084,4.7667003,0.010993773,,,,,,,,,,,,,,,,,,,,51.077084,4.7667003,-0.010425832,51.077084,4.7667003,27.454128,51.077084,4.7667003,-0.00034752776,51.077084,4.7667003,1.0000001e-07,51.077084,4.7667003,7.0,,,,,,,
51.077084,4.706742,0.35850063,51.077084,4.706742,0.41253904,,,,,,,,,,,,,,,,,,,,,,,,,,,,,,,,,,,,,,,,,,,,,,,,,,,,,,,,,,,,,51.077084,4.706742,0.66562384,51.077084,4.706742,0.31246212,,,,,,,,,,,,,,,,,51.077084,4.7966795,0.0002601631,51.077084,4.7966795,-0.01962273,,,,,,,,,,,,,,,,,,,,51.077084,4.7966795,0.017166544,51.077084,4.7966795,27.575531,51.077084,4.7966795,0.00057221815,51.077084,4.7966795,1.0000001e-07,51.077084,4.7966795,7.0,,,,,,,
51.077084,4.736721,0.3548416,51.077084,4.736721,0.40998062,,,,,,,,,,,,,,,,,,,,,,,,,,,,,,,,,,,,,,,,,,,,,,,,,,,,,,,,,,,,,51.077084,4.736721,0.11227683,51.077084,4.736721,-0.031757653,,,,,,,,,,,,,,,,,51.077084,4.8266587,0.026050532,51.077084,4.8266587,0.018503072,,,,,,,,,,,,,,,,,,,,51.077084,4.8266587,0.0049217627,51.077084,4.8266587,27.521656,51.077084,4.8266587,0.00016405886,51.077084,4.8266587,1.0000001e-07,51.077084,4.8266587,7.0,,,,,,,
51.077084,4.7667003,0.36059794,51.077084,4.7667003,0.41276217,,,,,,,,,,,,,,,,,,,,,,,,,,,,,,,,,,,,,,,,,,,,,,,,,,,,,,,,,,,,,51.077084,4.7667003,0.9845593,51.077084,4.7667003,0.35673916,,,,,,,,,,,,,,,,,51.077084,4.856638,0.009502584,51.077084,4.856638,0.0024869314,,,,,,,,,,,,,,,,,,,,51.077084,4.856638,-0.009327844,51.077084,4.856638,27.458958,51.077084,4.856638,-0.00031092818,51.077084,4.856638,1.0000001e-07,51.077084,4.856638,7.0,,,,,,,
51.077084,4.7966795,0.35461846,51.077084,4.7966795,0.40709504,,,,,,,,,,,,,,,,,,,,,,,,,,,,,,,,,,,,,,,,,,,,,,,,,,,,,,,,,,,,,51.077084,4.7966795,0.12099609,51.077084,4.7966795,-0.36875492,,,,,,,,,,,,,,,,,51.077084,4.886617,0.016525857,51.077084,4.886617,-0.010107145,,,,,,,,,,,,,,,,,,,,51.077084,4.886617,0.0296971,51.077084,4.886617,27.630669,51.077084,4.886617,0.0009899035,51.077084,4.886617,1.0000001e-07,51.077084,4.886617,7.0,,,,,,,
51.077084,4.8266587,0.35936338,51.077084,4.8266587,0.41411573,,,,,,,,,,,,,,,,,,,,,,,,,,,,,,,,,,,,,,,,,,,,,,,,,,,,,,,,,,,,,51.077084,4.8266587,0.8233279,51.077084,4.8266587,0.5285451,,,,,,,,,,,,,,,,,51.077084,4.9165964,0.012224678,51.077084,4.9165964,0.004209625,,,,,,,,,,,,,,,,,,,,51.077084,4.9165964,0.0125541985,51.077084,4.9165964,27.555239,51.077084,4.9165964,0.0004184732,51.077084,4.9165964,1.0000001e-07,51.077084,4.9165964,7.0,,,,,,,
51.077084,4.856638,0.35641825,51.077084,4.856638,0.41125983,,,,,,,,,,,,,,,,,,,,,,,,,,,,,,,,,,,,,,,,,,,,,,,,,,,,,,,,,,,,,51.077084,4.856638,0.41132295,51.077084,4.856638,0.13755709,,,,,,,,,,,,,,,,,51.077084,4.9465756,0.0042445837,51.077084,4.9465756,-0.020498147,,,,,,,,,,,,,,,,,,,,51.077084,4.9465756,0.02461513,51.077084,4.9465756,27.608307,51.077084,4.9465756,0.00082050427,51.077084,4.9465756,1.0000001e-07,51.077084,4.9465756,7.0,,,,,,,
51.077084,4.886617,0.35753384,51.077084,4.886617,0.40899897,,,,,,,,,,,,,,,,,,,,,,,,,,,,,,,,,,,,,,,,,,,,,,,,,,,,,,,,,,,,,51.077084,4.886617,0.53472096,51.077084,4.886617,-0.1399808,,,,,,,,,,,,,,,,,51.077084,4.976555,0.037032314,51.077084,4.976555,0.01974947,,,,,,,,,,,,,,,,,,,,51.077084,4.976555,0.017214477,51.077084,4.976555,27.575743,51.077084,4.976555,0.0005738159,51.077084,4.976555,1.0000001e-07,51.077084,4.976555,7.0,,,,,,,
51.077084,4.9165964,0.35671574,51.077084,4.9165964,0.41137886,,,,,,,,,,,,,,,,,,,,,,,,,,,,,,,,,,,,,,,,,,,,,,,,,,,,,,,,,,,,,51.077084,4.9165964,0.38974392,51.077084,4.9165964,0.1613271,,,,,,,,,,,,,,,,,51.077084,5.006534,0.013382126,51.077084,5.006534,0.0083271945,,,,,,,,,,,,,,,,,,,,51.077084,5.006534,-0.012133256,51.077084,5.006534,27.446615,51.077084,5.006534,-0.0004044418,51.077084,5.006534,1.0000001e-07,51.077084,5.006534,7.0,,,,,,,
51.077084,4.9465756,0.35528782,51.077084,4.9465756,0.40722892,,,,,,,,,,,,,,,,,,,,,,,,,,,,,,,,,,,,,,,,,,,,,,,,,,,,,,,,,,,,,51.077084,4.9465756,0.21012512,51.077084,4.9465756,-0.39330068,,,,,,,,,,,,,,,,,51.077084,5.0365133,0.005393058,51.077084,5.0365133,0.031634077,,,,,,,,,,,,,,,,,,,,51.077084,5.0365133,-0.028621117,51.077084,5.0365133,27.374065,51.077084,5.0365133,-0.0009540373,51.077084,5.0365133,1.0000001e-07,51.077084,5.0365133,7.0,,,,,,,
51.077084,4.976555,0.36086568,51.077084,4.976555,0.41408598,,,,,,,,,,,,,,,,,,,,,,,,,,,,,,,,,,,,,,,,,,,,,,,,,,,,,,,,,,,,,51.077084,4.976555,1.0123416,51.077084,4.976555,0.5266123,,,,,,,,,,,,,,,,,51.077084,5.0664926,0.016018566,51.077084,5.0664926,0.0063223573,,,,,,,,,,,,,,,,,,,,51.077084,5.0664926,0.010755028,51.077084,5.0664926,27.547323,51.077084,5.0664926,0.00035850078,51.077084,5.0664926,1.0000001e-07,51.077084,5.0664926,7.0,,,,,,,
51.077084,5.006534,0.356805,51.077084,5.006534,0.41206303,,,,,,,,,,,,,,,,,,,,,,,,,,,,,,,,,,,,,,,,,,,,,,,,,,,,,,,,,,,,,51.077084,5.006534,0.45934752,51.077084,5.006534,0.28129265,,,,,,,,,,,,,,,,,51.077084,5.096472,0.009894495,51.077084,5.096472,0.011363346,,,,,,,,,,,,,,,,,,,,51.077084,5.096472,0.009918232,51.077084,5.096472,27.54364,51.077084,5.096472,0.0003306078,51.077084,5.096472,1.0000001e-07,51.077084,5.096472,7.0,,,,,,,
51.077084,5.0365133,0.35539192,51.077084,5.0365133,0.41591552,,,,,,,,,,,,,,,,,,,,,,,,,,,,,,,,,,,,,,,,,,,,,,,,,,,,,,,,,,,,,51.077084,5.0365133,0.24601051,51.077084,5.0365133,0.75903964,,,,,,,,,,,,,,,,,51.077084,5.126451,0.023254437,51.077084,5.126451,-0.00067228,,,,,,,,,,,,,,,,,,,,51.077084,5.126451,0.05104717,51.077084,5.126451,27.72461,51.077084,5.126451,0.0017015723,51.077084,5.126451,1.0000001e-07,51.077084,5.126451,7.0,,,,,,,
51.077084,5.0664926,0.357162,51.077084,5.0664926,0.4115871,,,,,,,,,,,,,,,,,,,,,,,,,,,,,,,,,,,,,,,,,,,,,,,,,,,,,,,,,,,,,51.077084,5.0664926,0.45437014,51.077084,5.0664926,0.20749533,,,,,,,,,,,,,,,,,51.077084,5.1564302,-0.00074400875,51.077084,5.1564302,-0.016630802,,,,,,,,,,,,,,,,,,,,51.077084,5.1564302,-0.028658459,51.077084,5.1564302,27.373903,51.077084,5.1564302,-0.000955282,51.077084,5.1564302,1.0000001e-07,51.077084,5.1564302,7.0,,,,,,,
51.077084,5.096472,0.35610592,51.077084,5.096472,0.41253906,,,,,,,,,,,,,,,,,,,,,,,,,,,,,,,,,,,,,,,,,,,,,,,,,,,,,,,,,,,,,51.077084,5.096472,0.3115697,51.077084,5.096472,0.30977252,,,,,,,,,,,,,,,,,51.077084,5.1864095,0.013719271,51.077084,5.1864095,0.007120682,,,,,,,,,,,,,,,,,,,,51.077084,5.1864095,-0.026938826,51.077084,5.1864095,27.381468,51.077084,5.1864095,-0.00089796085,51.077084,5.1864095,1.0000001e-07,51.077084,5.1864095,7.0,,,,,,,
51.077084,5.126451,0.3582627,51.077084,5.126451,0.41056076,,,,,,,,,,,,,,,,,,,,,,,,,,,,,,,,,,,,,,,,,,,,,,,,,,,,,,,,,,,,,51.077084,5.126451,0.6434581,51.077084,5.126451,0.053559057,,,,,,,,,,,,,,,,,51.077084,5.2163887,0.026338497,51.077084,5.2163887,-0.003366395,,,,,,,,,,,,,,,,,,,,51.077084,5.2163887,-0.00970421,51.077084,5.2163887,27.457298,51.077084,5.2163887,-0.00032347374,51.077084,5.2163887,1.0000001e-07,51.077084,5.2163887,7.0,,,,,,,
51.077084,5.1564302,0.35446972,51.077084,5.1564302,0.40803215,,,,,,,,,,,,,,,,,,,,,,,,,,,,,,,,,,,,,,,,,,,,,,,,,,,,,,,,,,,,,51.077084,5.1564302,0.10521228,51.077084,5.1564302,-0.2799995,,,,,,,,,,,,,,,,,51.077084,5.246368,0.01167208,51.077084,5.246368,0.006357247,,,,,,,,,,,,,,,,,,,,51.077084,5.246368,0.01955696,51.077084,5.246368,27.586052,51.077084,5.246368,0.0006518987,51.077084,5.246368,1.0000001e-07,51.077084,5.246368,7.0,,,,,,,
51.077084,5.1864095,0.35664138,51.077084,5.1864095,0.4120036,,,,,,,,,,,,,,,,,,,,,,,,,,,,,,,,,,,,,,,,,,,,,,,,,,,,,,,,,,,,,51.077084,5.1864095,0.39719203,51.077084,5.1864095,0.24617603,,,,,,,,,,,,,,,,,51.077084,5.276347,0.010205951,51.077084,5.276347,0.0029602614,,,,,,,,,,,,,,,,,,,,51.077084,5.276347,-0.023153065,51.077084,5.276347,27.398127,51.077084,5.276347,-0.0007717688,51.077084,5.276347,1.0000001e-07,51.077084,5.276347,7.0,,,,,,,
51.077084,5.2163887,0.35873866,51.077084,5.2163887,0.410174,,,,,,,,,,,,,,,,,,,,,,,,,,,,,,,,,,,,,,,,,,,,,,,,,,,,,,,,,,,,,51.077084,5.2163887,0.7077783,51.077084,5.2163887,0.01850046,,,,,,,,,,,,,,,,,51.077084,5.3063264,0.030146264,51.077084,5.3063264,-0.006948586,,,,,,,,,,,,,,,,,,,,51.077084,5.3063264,-0.013697742,51.077084,5.3063264,27.43973,51.077084,5.3063264,-0.00045659134,51.077084,5.3063264,1.0000001e-07,51.077084,5.3063264,7.0,,,,,,,
51.077084,5.246368,0.3563439,51.077084,5.246368,0.41167632,,,,,,,,,,,,,,,,,,,,,,,,,,,,,,,,,,,,,,,,,,,,,,,,,,,,,,,,,,,,,51.077084,5.246368,0.36679494,51.077084,5.246368,0.19227332,,,,,,,,,,,,,,,,,51.077084,5.3363056,0.003829353,51.077084,5.3363056,0.0061157513,,,,,,,,,,,,,,,,,,,,51.077084,5.3363056,-0.007642453,51.077084,5.3363056,27.466375,51.077084,5.3363056,-0.00025474842,51.077084,5.3363056,1.0000001e-07,51.077084,5.3363056,7.0,,,,,,,
51.077084,5.276347,0.35613564,51.077084,5.276347,0.41111112,,,,,,,,,,,,,,,,,,,,,,,,,,,,,,,,,,,,,,,,,,,,,,,,,,,,,,,,,,,,,51.077084,5.276347,0.34579045,51.077084,5.276347,0.14061534,,,,,,,,,,,,,,,,,51.077084,5.366285,0.020644585,51.077084,5.366285,-0.019554619,,,,,,,,,,,,,,,,,,,,51.077084,5.366285,0.037715834,51.077084,5.366285,27.665949,51.077084,5.366285,0.0012571943,51.077084,5.366285,1.0000001e-07,51.077084,5.366285,7.0,,,,,,,
51.077084,5.3063264,0.3591105,51.077084,5.3063264,0.40974268,,,,,,,,,,,,,,,,,,,,,,,,,,,,,,,,,,,,,,,,,,,,,,,,,,,,,,,,,,,,,51.077084,5.3063264,0.81501555,51.077084,5.3063264,-0.049134955,,,,,,,,,,,,,,,,,51.077084,5.396264,0.021329463,51.077084,5.396264,-0.009400167,,,,,,,,,,,,,,,,,,,,51.077084,5.396264,0.0060451594,51.077084,5.396264,27.526598,51.077084,5.396264,0.00020150538,51.077084,5.396264,1.0000001e-07,51.077084,5.396264,7.0,,,,,,,
51.077084,5.3363056,0.35507956,51.077084,5.3363056,0.41154248,,,,,,,,,,,,,,,,,,,,,,,,,,,,,,,,,,,,,,,,,,,,,,,,,,,,,,,,,,,,,51.077084,5.3363056,0.13966437,51.077084,5.3363056,0.17913076,,,,,,,,,,,,,,,,,51.077084,5.426244,0.021605095,51.077084,5.426244,0.0067042056,,,,,,,,,,,,,,,,,,,,51.077084,5.426244,-0.048055336,51.077084,5.426244,27.288555,51.077084,5.426244,-0.0016018446,51.077084,5.426244,1.0000001e-07,51.077084,5.426244,7.0,,,,,,,
51.077084,5.366285,0.35747436,51.077084,5.366285,0.40767518,,,,,,,,,,,,,,,,,,,,,,,,,,,,,,,,,,,,,,,,,,,,,,,,,,,,,,,,,,,,,51.077084,5.366285,0.50965255,51.077084,5.366285,-0.33056793,,,,,,,,,,,,,,,,,51.077084,5.456223,0.024226563,51.077084,5.456223,0.014375306,,,,,,,,,,,,,,,,,,,,51.077084,5.456223,0.00084117637,51.077084,5.456223,27.5037,51.077084,5.456223,2.80392e-05,51.077084,5.456223,1.0000001e-07,51.077084,5.456223,7.0,,,,,,,
51.077084,5.396264,0.3576082,51.077084,5.396264,0.4093708,,,,,,,,,,,,,,,,,,,,,,,,,,,,,,,,,,,,,,,,,,,,,,,,,,,,,,,,,,,,,51.077084,5.396264,0.516906,51.077084,5.396264,-0.11538136,,,,,,,,,,,,,,,,,51.077084,5.4862022,0.007730677,51.077084,5.4862022,0.0012334308,,,,,,,,,,,,,,,,,,,,51.077084,5.4862022,-0.017392797,51.077084,5.4862022,27.423471,51.077084,5.4862022,-0.00057975994,51.077084,5.4862022,1.0000001e-07,51.077084,5.4862022,7.0,,,,,,,
51.077084,5.4262433,0.35763797,51.077084,5.4262433,0.41166142,,,,,,,,,,,,,,,,,,,,,,,,,,,,,,,,,,,,,,,,,,,,,,,,,,,,,,,,,,,,,51.077084,5.4262433,0.5514724,51.077084,5.4262433,0.18811767,,,,,,,,,,,,,,,,,51.077084,5.5161815,0.017147996,51.077084,5.5161815,-0.007440965,,,,,,,,,,,,,,,,,,,,51.077084,5.5161815,-0.015741933,51.077084,5.5161815,27.430735,51.077084,5.5161815,-0.0005247311,51.077084,5.5161815,1.0000001e-07,51.077084,5.5161815,7.0,,,,,,,
51.077084,5.4562225,0.35787594,51.077084,5.4562225,0.4127175,,,,,,,,,,,,,,,,,,,,,,,,,,,,,,,,,,,,,,,,,,,,,,,,,,,,,,,,,,,,,51.077084,5.4562225,0.5899945,51.077084,5.4562225,0.32738894,,,,,,,,,,,,,,,,,51.077084,5.5461607,0.05911335,51.077084,5.5461607,-0.021729536,,,,,,,,,,,,,,,,,,,,51.077084,5.5461607,0.12755871,51.077084,5.5461607,28.061258,51.077084,5.5461607,0.0042519574,51.077084,5.5461607,1.0000001e-07,51.077084,5.5461607,7.0,,,,,,,
51.077084,5.486202,0.35564482,51.077084,5.486202,0.4108136,,,,,,,,,,,,,,,,,,,,,,,,,,,,,,,,,,,,,,,,,,,,,,,,,,,,,,,,,,,,,51.077084,5.486202,0.24596207,51.077084,5.486202,0.09735014,,,,,,,,,,,,,,,,,51.077084,5.57614,0.016967127,51.077084,5.57614,-0.047373757,,,,,,,,,,,,,,,,,,,,51.077084,5.57614,0.0020721378,51.077084,5.57614,27.509117,51.077084,5.57614,6.907124e-05,51.077084,5.57614,1.0000001e-07,51.077084,5.57614,7.0,,,,,,,
51.077084,5.516181,0.3569835,51.077084,5.516181,0.40957907,,,,,,,,,,,,,,,,,,,,,,,,,,,,,,,,,,,,,,,,,,,,,,,,,,,,,,,,,,,,,51.077084,5.516181,0.45623663,51.077084,5.516181,-0.08888495,,,,,,,,,,,,,,,,,51.077084,5.606119,0.011350564,51.077084,5.606119,0.013146258,,,,,,,,,,,,,,,,,,,,51.077084,5.606119,-0.06638645,51.077084,5.606119,27.2079,51.077084,5.606119,-0.0022128816,51.077084,5.606119,1.0000001e-07,51.077084,5.606119,7.0,,,,,,,
51.077084,5.5461607,0.36260596,51.077084,5.5461607,0.4077347,,,,,,,,,,,,,,,,,,,,,,,,,,,,,,,,,,,,,,,,,,,,,,,,,,,,,,,,,,,,,51.077084,5.5461607,1.3186642,51.077084,5.5461607,-0.32174742,,,,,,,,,,,,,,,,,51.077084,5.6360984,0.032281402,51.077084,5.6360984,-0.024496136,,,,,,,,,,,,,,,,,,,,51.077084,5.6360984,0.041066054,51.077084,5.6360984,27.68069,51.077084,5.6360984,0.0013688684,51.077084,5.6360984,1.0000001e-07,51.077084,5.6360984,7.0,,,,,,,
51.077084,5.57614,0.35686448,51.077084,5.57614,0.40416485,,,,,,,,,,,,,,,,,,,,,,,,,,,,,,,,,,,,,,,,,,,,,,,,,,,,,,,,,,,,,51.077084,5.57614,0.49549282,51.077084,5.57614,-0.79734653,,,,,,,,,,,,,,,,,51.077084,5.6660776,-0.005352281,51.077084,5.6660776,0.018294219,,,,,,,,,,,,,,,,,,,,51.077084,5.6660776,-0.03292845,51.077084,5.6660776,27.355112,51.077084,5.6660776,-0.0010976151,51.077084,5.6660776,1.0000001e-07,51.077084,5.6660776,7.0,,,,,,,
51.077084,5.606119,0.35607615,51.077084,5.606119,0.41237542,,,,,,,,,,,,,,,,,,,,,,,,,,,,,,,,,,,,,,,,,,,,,,,,,,,,,,,,,,,,,51.077084,5.606119,0.30558813,51.077084,5.606119,0.29627565,,,,,,,,,,,,,,,,,51.077084,5.696057,0.017997624,51.077084,5.696057,-0.0009809484,,,,,,,,,,,,,,,,,,,,51.077084,5.696057,-0.017264035,51.077084,5.696057,27.424038,51.077084,5.696057,-0.00057546777,51.077084,5.696057,1.0000001e-07,51.077084,5.696057,7.0,,,,,,,
51.077084,5.6360984,0.3589023,51.077084,5.6360984,0.40721405,,,,,,,,,,,,,,,,,,,,,,,,,,,,,,,,,,,,,,,,,,,,,,,,,,,,,,,,,,,,,51.077084,5.6360984,0.719908,51.077084,5.6360984,-0.38976386,,,,,,,,,,,,,,,,,51.077084,5.726036,-0.0054828725,51.077084,5.726036,-0.008033887,,,,,,,,,,,,,,,,,,,,51.077084,5.726036,-0.062205724,51.077084,5.726036,27.226295,51.077084,5.726036,-0.0020735245,51.077084,5.726036,1.0000001e-07,51.077084,5.726036,7.0,,,,,,,
51.077084,5.6660776,0.35374093,51.077084,5.6660776,0.41298527,,,,,,,,,,,,,,,,,,,,,,,,,,,,,,,,,,,,,,,,,,,,,,,,,,,,,,,,,,,,,51.077084,5.6660776,-0.051877566,51.077084,5.6660776,0.3648444,,,,,,,,,,,,,,,,,51.077084,5.7560153,-0.009972775,51.077084,5.7560153,0.007182298,,,,,,,,,,,,,,,,,,,,51.077084,5.7560153,-0.07486502,51.077084,5.7560153,27.170593,51.077084,5.7560153,-0.0024955007,51.077084,5.7560153,1.0000001e-07,51.077084,5.7560153,7.0,,,,,,,
51.077084,5.696057,0.3568496,51.077084,5.696057,0.41050127,,,,,,,,,,,,,,,,,,,,,,,,,,,,,,,,,,,,,,,,,,,,,,,,,,,,,,,,,,,,,51.077084,5.696057,0.42025244,51.077084,5.696057,0.025049157,,,,,,,,,,,,,,,,,51.077084,5.7859945,-0.00019680832,51.077084,5.7859945,0.021341072,,,,,,,,,,,,,,,,,,,,51.077084,5.7859945,-0.0072544366,51.077084,5.7859945,27.468082,51.077084,5.7859945,-0.00024181452,51.077084,5.7859945,1.0000001e-07,51.077084,5.7859945,7.0,,,,,,,
51.077084,5.726036,0.35371113,51.077084,5.726036,0.40960875,,,,,,,,,,,,,,,,,,,,,,,,,,,,,,,,,,,,,,,,,,,,,,,,,,,,,,,,,,,,,51.077084,5.726036,-0.023440944,51.077084,5.726036,-0.05408826,,,,,,,,,,,,,,,,,51.077084,5.8159738,0.03438408,51.077084,5.8159738,0.008063734,,,,,,,,,,,,,,,,,,,,51.077084,5.8159738,0.013329359,51.077084,5.8159738,27.55865,51.077084,5.8159738,0.00044431206,51.077084,5.8159738,1.0000001e-07,51.077084,5.8159738,7.0,,,,,,,
51.077084,5.7560153,0.35314596,51.077084,5.7560153,0.4115722,,,,,,,,,,,,,,,,,,,,,,,,,,,,,,,,,,,,,,,,,,,,,,,,,,,,,,,,,,,,,51.077084,5.7560153,-0.13052545,51.077084,5.7560153,0.20976959,,,,,,,,,,,,,,,,,51.077084,5.845953,0.015184302,51.077084,5.845953,-0.0027083738,,,,,,,,,,,,,,,,,,,,51.077084,5.845953,-0.043320294,51.077084,5.845953,27.309391,51.077084,5.845953,-0.0014440098,51.077084,5.845953,1.0000001e-07,51.077084,5.845953,7.0,,,,,,,
51.077084,5.7859945,0.3544251,51.077084,5.7859945,0.41323814,,,,,,,,,,,,,,,,,,,,,,,,,,,,,,,,,,,,,,,,,,,,,,,,,,,,,,,,,,,,,51.077084,5.7859945,0.034495726,51.077084,5.7859945,0.4232662,,,,,,,,,,,,,,,,,51.077084,5.875932,0.0072700647,51.077084,5.875932,0.019939058,,,,,,,,,,,,,,,,,,,,51.077084,5.875932,-0.07614846,51.077084,5.875932,27.164948,51.077084,5.875932,-0.0025382815,51.077084,5.875932,1.0000001e-07,51.077084,5.875932,7.0,,,,,,,
51.077084,5.8159738,0.35867918,51.077084,5.8159738,0.41157222,,,,,,,,,,,,,,,,,,,,,,,,,,,,,,,,,,,,,,,,,,,,,,,,,,,,,,,,,,,,,51.077084,5.8159738,0.68622756,51.077084,5.8159738,0.22926277,,,,,,,,,,,,,,,,,51.077084,5.9059114,0.01344372,51.077084,5.9059114,-0.0011895527,,,,,,,,,,,,,,,,,,,,51.077084,5.9059114,-0.007906682,51.077084,5.9059114,27.465212,51.077084,5.9059114,-0.00026355617,51.077084,5.9059114,1.0000001e-07,51.077084,5.9059114,7.0,,,,,,,
51.077084,5.845953,0.3563885,51.077084,5.845953,0.410174,,,,,,,,,,,,,,,,,,,,,,,,,,,,,,,,,,,,,,,,,,,,,,,,,,,,,,,,,,,,,51.077084,5.845953,0.36352393,51.077084,5.845953,-0.006139669,,,,,,,,,,,,,,,,,51.077084,5.9358907,0.011362828,51.077084,5.9358907,0.021094102,,,,,,,,,,,,,,,,,,,,51.077084,5.9358907,-0.05148047,51.077084,5.9358907,27.273485,51.077084,5.9358907,-0.0017160159,51.077084,5.9358907,1.0000001e-07,51.077084,5.9358907,7.0,,,,,,,
51.077084,5.875932,0.35533243,51.077084,5.875932,0.41304478,,,,,,,,,,,,,,,,,,,,,,,,,,,,,,,,,,,,,,,,,,,,,,,,,,,,,,,,,,,,,51.077084,5.875932,0.19256122,51.077084,5.875932,0.38590348,,,,,,,,,,,,,,,,,51.077084,5.96587,0.017360408,51.077084,5.96587,0.0017506528,,,,,,,,,,,,,,,,,,,,51.077084,5.96587,-0.0028913952,51.077084,5.96587,27.487276,51.077084,5.96587,-9.637987e-05,51.077084,5.96587,1.0000001e-07,51.077084,5.96587,7.0,,,,,,,
51.077084,5.9059114,0.35609102,51.077084,5.9059114,0.41039717,,,,,,,,,,,,,,,,,,,,,,,,,,,,,,,,,,,,,,,,,,,,,,,,,,,,,,,,,,,,,51.077084,5.9059114,0.3548885,51.077084,5.9059114,0.030351808,,,,,,,,,,,,,,,,,51.077084,5.995849,0.019443639,51.077084,5.995849,0.019246425,,,,,,,,,,,,,,,,,,,,51.077084,5.995849,0.0,51.077084,5.995849,27.5,51.077084,5.995849,0.0,51.077084,5.995849,1.0000001e-07,51.077084,5.995849,7.0,,,,,,,
51.077084,5.9358907,0.35583818,51.077084,5.9358907,0.41311914,,,,,,,,,,,,,,,,,,,,,,,,,,,,,,,,,,,,,,,,,,,,,,,,,,,,,,,,,,,,,51.077084,5.9358907,0.282011,51.077084,5.9358907,0.3848899,,,,,,,,,,,,,,,,,51.077084,6.0258284,-0.0020117739,51.077084,6.0258284,-0.01775931,,,,,,,,,,,,,,,,,,,,,,,,,,,,,51.077084,6.0258284,1.0000001e-07,51.077084,6.0258284,7.0,,,,,,,
51.077084,5.96587,0.3565075,51.077084,5.96587,0.41090286,,,,,,,,,,,,,,,,,,,,,,,,,,,,,,,,,,,,,,,,,,,,,,,,,,,,,,,,,,,,,51.077084,5.96587,0.35481438,51.077084,5.96587,0.076581836,,,,,,,,,,,,,,,,,51.077084,6.0558076,-0.008108179,51.077084,6.0558076,0.029241787,,,,,,,,,,,,,,,,,,,,,,,,,,,,,51.077084,6.0558076,1.0000001e-07,51.077084,6.0558076,7.0,,,,,,,
51.077084,5.995849,0.35676038,51.077084,5.995849,0.41280684,,,,,,,,,,,,,,,,,,,,,,,,,,,,,,,,,,,,,,,,,,,,,,,,,,,,,,,,,,,,,51.077084,5.995849,0.43522894,51.077084,5.995849,0.36125743,,,,,,,,,,,,,,,,,51.077084,6.085787,0.003909515,51.077084,6.085787,0.02635604,,,,,,,,,,,,,,,,,,,,,,,,,,,,,51.077084,6.085787,1.0000001e-07,51.077084,6.085787,7.0,,,,,,,
51.077084,6.0258284,0.35417226,51.077084,6.0258284,0.4084486,,,,,,,,,,,,,,,,,,,,,,,,,,,,,,,,,,,,,,,,,,,,,,,,,,,,,,,,,,,,,51.077084,6.0258284,0.04739608,51.077084,6.0258284,-0.2347068,,,,,,,,,,,,,,,,,51.077084,6.115766,-0.013686051,51.077084,6.115766,0.041452408,,,,,,,,,,,,,,,,,,,,,,,,,,,,,51.077084,6.115766,1.0000001e-07,51.077084,6.115766,7.0,,,,,,,
51.077084,6.0558076,0.3534434,51.077084,6.0558076,0.41387773,,,,,,,,,,,,,,,,,,,,,,,,,,,,,,,,,,,,,,,,,,,,,,,,,,,,,,,,,,,,,51.077084,6.0558076,-0.045618262,51.077084,6.0558076,0.46229813,,,,,,,,,,,,,,,,,51.077084,6.1457453,0.001733052,51.077084,6.1457453,0.010000134,,,,,,,,,,,,,,,,,,,,,,,,,,,,,51.077084,6.1457453,1.0000001e-07,51.077084,6.1457453,7.0,,,,,,,
51.077084,6.085787,0.35493082,51.077084,6.085787,0.41356537,,,,,,,,,,,,,,,,,,,,,,,,,,,,,,,,,,,,,,,,,,,,,,,,,,,,,,,,,,,,,51.077084,6.085787,0.18552163,51.077084,6.085787,0.46653113,,,,,,,,,,,,,,,,,51.077084,6.1757245,-0.004475614,51.077084,6.1757245,-0.024537733,,,,,,,,,,,,,,,,,,,,,,,,,,,,,51.077084,6.1757245,1.0000001e-07,51.077084,6.1757245,7.0,,,,,,,
51.077084,6.115766,0.35278893,51.077084,6.115766,0.41530564,,,,,,,,,,,,,,,,,,,,,,,,,,,,,,,,,,,,,,,,,,,,,,,,,,,,,,,,,,,,,51.077084,6.115766,-0.16935618,51.077084,6.115766,0.6788826,,,,,,,,,,,,,,,,,51.077084,6.2057037,0.035063922,51.077084,6.2057037,-0.02933022,,,,,,,,,,,,,,,,,,,,,,,,,,,,,51.077084,6.2057037,1.0000001e-07,51.077084,6.2057037,7.0,,,,,,,
51.077084,6.1457453,0.35458872,51.077084,6.1457453,0.4117507,,,,,,,,,,,,,,,,,,,,,,,,,,,,,,,,,,,,,,,,,,,,,,,,,,,,,,,,,,,,,51.077084,6.1457453,0.10488758,51.077084,6.1457453,0.21341103,,,,,,,,,,,,,,,,,51.077084,6.235683,0.0139751695,51.077084,6.235683,0.041431338,,,,,,,,,,,,,,,,,,,,,,,,,,,,,51.077084,6.235683,1.0000001e-07,51.077084,6.235683,7.0,,,,,,,
51.077084,6.1757245,0.35383013,51.077084,6.1757245,0.40782392,,,,,,,,,,,,,,,,,,,,,,,,,,,,,,,,,,,,,,,,,,,,,,,,,,,,,,,,,,,,,51.077084,6.1757245,-0.04067789,51.077084,6.1757245,-0.3009606,,,,,,,,,,,,,,,,,51.077084,6.2656627,0.007616164,51.077084,6.2656627,0.012402758,,,,,,,,,,,,,,,,,,,,,,,,,,,,,51.077084,6.2656627,1.0000001e-07,51.077084,6.2656627,7.0,,,,,,,
51.077084,6.2057037,0.35815856,51.077084,6.2057037,0.4073628,,,,,,,,,,,,,,,,,,,,,,,,,,,,,,,,,,,,,,,,,,,,,,,,,,,,,,,,,,,,,51.077084,6.2057037,0.6316598,51.077084,6.2057037,-0.36429563,,,,,,,,,,,,,,,,,51.077084,6.295642,0.013087085,51.077084,6.295642,-0.030071067,,,,,,,,,,,,,,,,,,,,,,,,,,,,,51.077084,6.295642,1.0000001e-07,51.077084,6.295642,7.0,,,,,,,
51.077084,6.235683,0.35588276,51.077084,6.235683,0.41503793,,,,,,,,,,,,,,,,,,,,,,,,,,,,,,,,,,,,,,,,,,,,,,,,,,,,,,,,,,,,,51.077084,6.235683,0.3126585,51.077084,6.235683,0.6619661,,,,,,,,,,,,,,,,,51.077084,6.325621,0.023918916,51.077084,6.325621,-0.03245545,,,,,,,,,,,,,,,,,,,,,,,,,,,,,51.077084,6.325621,1.0000001e-07,51.077084,6.325621,7.0,,,,,,,
51.077084,6.265662,0.3553473,51.077084,6.265662,0.41197383,,,,,,,,,,,,,,,,,,,,,,,,,,,,,,,,,,,,,,,,,,,,,,,,,,,,,,,,,,,,,51.077084,6.265662,0.19885749,51.077084,6.265662,0.2493513,,,,,,,,,,,,,,,,,51.077084,6.3556004,0.00346615,51.077084,6.3556004,0.04739052,,,,,,,,,,,,,,,,,,,,,,,,,,,,,51.077084,6.3556004,1.0000001e-07,51.077084,6.3556004,7.0,,,,,,,
51.077084,6.2956414,0.35574892,51.077084,6.2956414,0.40734792,,,,,,,,,,,,,,,,,,,,,,,,,,,,,,,,,,,,,,,,,,,,,,,,,,,,,,,,,,,,,51.077084,6.2956414,0.25344718,51.077084,6.2956414,-0.369724,,,,,,,,,,,,,,,,,51.077084,6.3855796,0.0385567,51.077084,6.3855796,-0.034167945,,,,,,,,,,,,,,,,,,,,,,,,,,,,,51.077084,6.3855796,1.0000001e-07,51.077084,6.3855796,7.0,,,,,,,
51.077084,6.3256207,0.35698354,51.077084,6.3256207,0.40713966,,,,,,,,,,,,,,,,,,,,,,,,,,,,,,,,,,,,,,,,,,,,,,,,,,,,,,,,,,,,,51.077084,6.3256207,0.49384323,51.077084,6.3256207,-0.41226274,,,,,,,,,,,,,,,,,51.077084,6.415559,0.017513456,51.077084,6.415559,0.0068459297,,,,,,,,,,,,,,,,,,,,,,,,,,,,,51.077084,6.415559,1.0000001e-07,51.077084,6.415559,7.0,,,,,,,
51.077084,6.3556,0.35473743,51.077084,6.3556,0.41554365,,,,,,,,,,,,,,,,,,,,,,,,,,,,,,,,,,,,,,,,,,,,,,,,,,,,,,,,,,,,,51.077084,6.3556,0.10929535,51.077084,6.3556,0.70090836,,,,,,,,,,,,,,,,,51.077084,6.445538,-0.023161348,51.077084,6.445538,0.004124763,,,,,,,,,,,,,,,,,,,,,,,,,,,,,51.077084,6.445538,1.0000001e-07,51.077084,6.445538,7.0,,,,,,,
51.077084,6.385579,0.35844117,51.077084,6.385579,0.40700582,,,,,,,,,,,,,,,,,,,,,,,,,,,,,,,,,,,,,,,,,,,,,,,,,,,,,,,,,,,,,51.077084,6.385579,0.6599942,51.077084,6.385579,-0.41918212,,,,,,,,,,,,,,,,,51.077084,6.4755173,-0.0162779,51.077084,6.4755173,-0.009122014,,,,,,,,,,,,,,,,,,,,,,,,,,,,,51.077084,6.4755173,1.0000001e-07,51.077084,6.4755173,7.0,,,,,,,
51.077084,6.415559,0.35637364,51.077084,6.415559,0.41121522,,,,,,,,,,,,,,,,,,,,,,,,,,,,,,,,,,,,,,,,,,,,,,,,,,,,,,,,,,,,,51.077084,6.415559,0.3799633,51.077084,6.415559,0.15111083,,,,,,,,,,,,,,,,,51.077084,6.5054965,0.018733345,51.077084,6.5054965,-0.0030614038,,,,,,,,,,,,,,,,,,,,,,,,,,,,,51.077084,6.5054965,1.0000001e-07,51.077084,6.5054965,7.0,,,,,,,
51.077084,6.445538,0.35195595,51.077084,6.445538,0.4109475,,,,,,,,,,,,,,,,,,,,,,,,,,,,,,,,,,,,,,,,,,,,,,,,,,,,,,,,,,,,,51.077084,6.445538,-0.28425205,51.077084,6.445538,0.10340569,,,,,,,,,,,,,,,,,51.077084,6.5354757,0.028472483,51.077084,6.5354757,0.033890128,,,,,,,,,,,,,,,,,,,,,,,,,,,,,51.077084,6.5354757,1.0000001e-07,51.077084,6.5354757,7.0,,,,,,,
51.077084,6.4755173,0.35261047,51.077084,6.4755173,0.40956417,,,,,,,,,,,,,,,,,,,,,,,,,,,,,,,,,,,,,,,,,,,,,,,,,,,,,,,,,,,,,51.077084,6.4755173,-0.19969566,51.077084,6.4755173,-0.07284515,,,,,,,,,,,,,,,,,51.077084,6.565455,-0.029114803,51.077084,6.565455,-0.014398653,,,,,,,,,,,,,,,,,,,,,,,,,,,,,51.077084,6.565455,1.0000001e-07,51.077084,6.565455,7.0,,,,,,,
51.077084,6.5054965,0.3560464,51.077084,6.5054965,0.4102781,,,,,,,,,,,,,,,,,,,,,,,,,,,,,,,,,,,,,,,,,,,,,,,,,,,,,,,,,,,,,51.077084,6.5054965,0.34641457,51.077084,6.5054965,-0.011492563,,,,,,,,,,,,,,,,,51.077084,6.595434,-0.007598723,51.077084,6.595434,0.07324055,,,,,,,,,,,,,,,,,,,,,,,,,,,,,51.077084,6.595434,1.0000001e-07,51.077084,6.595434,7.0,,,,,,,
51.077084,6.5354757,0.3571025,51.077084,6.5354757,0.41395214,,,,,,,,,,,,,,,,,,,,,,,,,,,,,,,,,,,,,,,,,,,,,,,,,,,,,,,,,,,,,51.077084,6.5354757,0.48185432,51.077084,6.5354757,0.51781225,,,,,,,,,,,,,,,,,51.077084,6.6254134,0.027774932,51.077084,6.6254134,-0.0026997114,,,,,,,,,,,,,,,,,,,,,,,,,,,,,51.077084,6.6254134,1.0000001e-07,51.077084,6.6254134,7.0,,,,,,,
51.077084,6.565455,0.3514651,51.077084,6.565455,0.4091477,,,,,,,,,,,,,,,,,,,,,,,,,,,,,,,,,,,,,,,,,,,,,,,,,,,,,,,,,,,,,51.077084,6.565455,-0.37953737,51.077084,6.565455,-0.13752997,,,,,,,,,,,,,,,,,51.077084,6.6553926,-0.00086708285,51.077084,6.6553926,-0.013890773,,,,,,,,,,,,,,,,,,,,,,,,,,,,,51.077084,6.6553926,1.0000001e-07,51.077084,6.6553926,7.0,,,,,,,
51.077084,6.595434,0.3536219,51.077084,6.595434,0.4176112,,,,,,,,,,,,,,,,,,,,,,,,,,,,,,,,,,,,,,,,,,,,,,,,,,,,,,,,,,,,,51.077084,6.595434,-0.07621011,51.077084,6.595434,0.98988694,,,,,,,,,,,,,,,,,51.077084,6.685372,-0.006685436,51.077084,6.685372,0.0024928642,,,,,,,,,,,,,,,,,,,,,,,,,,,,,51.077084,6.685372,1.0000001e-07,51.077084,6.685372,7.0,,,,,,,
51.077084,6.6254134,0.3570281,51.077084,6.6254134,0.41033763,,,,,,,,,,,,,,,,,,,,,,,,,,,,,,,,,,,,,,,,,,,,,,,,,,,,,,,,,,,,,51.077084,6.6254134,0.4629906,51.077084,6.6254134,0.024444528,,,,,,,,,,,,,,,,,51.077084,6.715351,0.040841594,51.077084,6.715351,0.0057772007,,,,,,,,,,,,,,,,,,,,,,,,,,,,,51.077084,6.715351,1.0000001e-07,51.077084,6.715351,7.0,,,,,,,
51.077084,6.6553926,0.3543061,51.077084,6.6553926,0.4091179,,,,,,,,,,,,,,,,,,,,,,,,,,,,,,,,,,,,,,,,,,,,,,,,,,,,,,,,,,,,,51.077084,6.6553926,0.07022001,51.077084,6.6553926,-0.13459003,,,,,,,,,,,,,,,,,51.077084,6.7453303,0.01717136,51.077084,6.7453303,0.012181405,,,,,,,,,,,,,,,,,,,,,,,,,,,,,51.077084,6.7453303,1.0000001e-07,51.077084,6.7453303,7.0,,,,,,,
51.077084,6.685372,0.3537855,51.077084,6.685372,0.41067973,,,,,,,,,,,,,,,,,,,,,,,,,,,,,,,,,,,,,,,,,,,,,,,,,,,,,,,,,,,,,51.077084,6.685372,0.020116277,51.077084,6.685372,0.06900322,,,,,,,,,,,,,,,,,51.077084,6.7753096,-0.015305936,51.077084,6.7753096,0.006678814,,,,,,,,,,,,,,,,,,,,,,,,,,,,,51.077084,6.7753096,1.0000001e-07,51.077084,6.7753096,7.0,,,,,,,
51.077084,6.715351,0.3581586,51.077084,6.715351,0.41111115,,,,,,,,,,,,,,,,,,,,,,,,,,,,,,,,,,,,,,,,,,,,,,,,,,,,,,,,,,,,,51.077084,6.715351,0.6029446,51.077084,6.715351,0.12017875,,,,,,,,,,,,,,,,,51.077084,6.805289,0.032583926,51.077084,6.805289,-0.043958202,,,,,,,,,,,,,,,,,,,,,,,,,,,,,51.077084,6.805289,1.0000001e-07,51.077084,6.805289,7.0,,,,,,,
51.077084,6.7453303,0.3559423,51.077084,6.7453303,0.4116615,,,,,,,,,,,,,,,,,,,,,,,,,,,,,,,,,,,,,,,,,,,,,,,,,,,,,,,,,,,,,51.077084,6.7453303,0.26404038,51.077084,6.7453303,0.1884676,,,,,,,,,,,,,,,,,51.077084,6.835268,0.015929222,51.077084,6.835268,-0.032875944,,,,,,,,,,,,,,,,,,,,,,,,,,,,,51.077084,6.835268,1.0000001e-07,51.077084,6.835268,7.0,,,,,,,
51.077084,6.7753096,0.35289302,51.077084,6.7753096,0.4111706,,,,,,,,,,,,,,,,,,,,,,,,,,,,,,,,,,,,,,,,,,,,,,,,,,,,,,,,,,,,,51.077084,6.7753096,-0.14533155,51.077084,6.7753096,0.142966,,,,,,,,,,,,,,,,,51.077084,6.8652472,-0.0009015857,51.077084,6.8652472,-0.015387929,,,,,,,,,,,,,,,,,,,,,,,,,,,,,51.077084,6.8652472,1.0000001e-07,51.077084,6.8652472,7.0,,,,,,,
51.077084,6.805289,0.35732564,51.077084,6.805289,0.4064852,,,,,,,,,,,,,,,,,,,,,,,,,,,,,,,,,,,,,,,,,,,,,,,,,,,,,,,,,,,,,51.077084,6.805289,0.49123323,51.077084,6.805289,-0.46563974,,,,,,,,,,,,,,,,,51.077084,6.8952265,-0.015278501,51.077084,6.8952265,-0.026561927,,,,,,,,,,,,,,,,,,,,,,,,,,,,,51.077084,6.8952265,1.0000001e-07,51.077084,6.8952265,7.0,,,,,,,
51.077084,6.835268,0.3557936,51.077084,6.835268,0.40755612,,,,,,,,,,,,,,,,,,,,,,,,,,,,,,,,,,,,,,,,,,,,,,,,,,,,,,,,,,,,,51.077084,6.835268,0.2938675,51.077084,6.835268,-0.35972175,,,,,,,,,,,,,,,,,51.077084,6.9252057,0.03327612,51.077084,6.9252057,0.056962416,,,,,,,,,,,,,,,,,,,,,,,,,,,,,51.077084,6.9252057,1.0000001e-07,51.077084,6.9252057,7.0,,,,,,,
51.077084,6.8652472,0.35426152,51.077084,6.8652472,0.4092072,,,,,,,,,,,,,,,,,,,,,,,,,,,,,,,,,,,,,,,,,,,,,,,,,,,,,,,,,,,,,51.077084,6.8652472,0.031164965,51.077084,6.8652472,-0.13917953,,,,,,,,,,,,,,,,,51.077084,6.955185,0.046213597,51.077084,6.955185,-0.02006682,,,,,,,,,,,,,,,,,,,,,,,,,,,,,51.077084,6.955185,1.0000001e-07,51.077084,6.955185,7.0,,,,,,,
51.077084,6.8952265,0.35290793,51.077084,6.8952265,0.40812138,,,,,,,,,,,,,,,,,,,,,,,,,,,,,,,,,,,,,,,,,,,,,,,,,,,,,,,,,,,,,51.077084,6.8952265,-0.13981166,51.077084,6.8952265,-0.23198622,,,,,,,,,,,,,,,,,51.077084,6.985164,0.030852139,51.077084,6.985164,-0.0162163,,,,,,,,,,,,,,,,,,,,,,,,,,,,,51.077084,6.985164,1.0000001e-07,51.077084,6.985164,7.0,,,,,,,
51.077084,6.9252057,0.35720658,51.077084,6.9252057,0.41543955,,,,,,,,,,,,,,,,,,,,,,,,,,,,,,,,,,,,,,,,,,,,,,,,,,,,,,,,,,,,,51.077084,6.9252057,0.473574,51.077084,6.9252057,0.71634656,,,,,,,,,,,,,,,,,51.077084,7.0151434,-0.014243952,51.077084,7.0151434,0.004988209,,,,,,,,,,,,,,,,,,,,,,,,,,,,,51.077084,7.0151434,1.0000001e-07,51.077084,7.0151434,7.0,,,,,,,
51.077084,6.955185,0.3583817,51.077084,6.955185,0.40870145,,,,,,,,,,,,,,,,,,,,,,,,,,,,,,,,,,,,,,,,,,,,,,,,,,,,,,,,,,,,,51.077084,6.955185,0.6709467,51.077084,6.955185,-0.1907412,,,,,,,,,,,,,,,,,51.077084,7.0451226,0.055414043,51.077084,7.0451226,0.0086536575,,,,,,,,,,,,,,,,,,,,,,,,,,,,,51.077084,7.0451226,1.0000001e-07,51.077084,7.0451226,7.0,,,,,,,
51.077084,6.985164,0.3571025,51.077084,6.985164,0.40905848,,,,,,,,,,,,,,,,,,,,,,,,,,,,,,,,,,,,,,,,,,,,,,,,,,,,,,,,,,,,,51.077084,6.985164,0.47091544,51.077084,6.985164,-0.14098398,,,,,,,,,,,,,,,,,51.077084,7.0751023,0.026028331,51.077084,7.0751023,0.038855698,,,,,,,,,,,,,,,,,,,,,,,,,,,,,51.077084,7.0751023,1.0000001e-07,51.077084,7.0751023,7.0,,,,,,,
51.077084,7.0151434,0.35314593,51.077084,7.0151434,0.41091773,,,,,,,,,,,,,,,,,,,,,,,,,,,,,,,,,,,,,,,,,,,,,,,,,,,,,,,,,,,,,51.077084,7.0151434,-0.08325687,51.077084,7.0151434,0.08363444,,,,,,,,,,,,,,,,,51.077084,7.1050816,0.031349234,51.077084,7.1050816,0.0068169176,,,,,,,,,,,,,,,,,,,,,,,,,,,,,51.077084,7.1050816,1.0000001e-07,51.077084,7.1050816,7.0,,,,,,,
51.077084,7.0451226,0.35905105,51.077084,7.0451226,0.41118547,,,,,,,,,,,,,,,,,,,,,,,,,,,,,,,,,,,,,,,,,,,,,,,,,,,,,,,,,,,,,51.077084,7.0451226,0.80030036,51.077084,7.0451226,0.12662418,,,,,,,,,,,,,,,,,51.077084,7.135061,0.0065531814,51.077084,7.135061,-0.052059907,,,,,,,,,,,,,,,,,,,,,,,,,,,,,51.077084,7.135061,1.0000001e-07,51.077084,7.135061,7.0,,,,,,,
51.077084,7.075102,0.35649264,51.077084,7.075102,0.41383314,,,,,,,,,,,,,,,,,,,,,,,,,,,,,,,,,,,,,,,,,,,,,,,,,,,,,,,,,,,,,51.077084,7.075102,0.3611592,51.077084,7.075102,0.480643,,,,,,,,,,,,,,,,,51.077084,7.16504,0.0013766711,51.077084,7.16504,-0.007718345,,,,,,,,,,,,,,,,,,,,,,,,,,,,,51.077084,7.16504,1.0000001e-07,51.077084,7.16504,7.0,,,,,,,
51.077084,7.105081,0.3569835,51.077084,7.105081,0.410888,,,,,,,,,,,,,,,,,,,,,,,,,,,,,,,,,,,,,,,,,,,,,,,,,,,,,,,,,,,,,51.077084,7.105081,0.46337065,51.077084,7.105081,0.097273126,,,,,,,,,,,,,,,,,51.077084,7.1950192,-0.021379799,51.077084,7.1950192,-0.04548242,,,,,,,,,,,,,,,,,,,,,,,,,,,,,51.077084,7.1950192,1.0000001e-07,51.077084,7.1950192,7.0,,,,,,,
51.077084,7.1350603,0.35491595,51.077084,7.1350603,0.40608355,,,,,,,,,,,,,,,,,,,,,,,,,,,,,,,,,,,,,,,,,,,,,,,,,,,,,,,,,,,,,51.077084,7.1350603,0.12133576,51.077084,7.1350603,-0.5631595,,,,,,,,,,,,,,,,,51.077084,7.2249985,0.005558789,51.077084,7.2249985,-0.016997537,,,,,,,,,,,,,,,,,,,,,,,,,,,,,51.077084,7.2249985,1.0000001e-07,51.077084,7.2249985,7.0,,,,,,,
51.077084,7.1650395,0.3543805,51.077084,7.1650395,0.40980214,,,,,,,,,,,,,,,,,,,,,,,,,,,,,,,,,,,,,,,,,,,,,,,,,,,,,,,,,,,,,51.077084,7.1650395,0.06326771,51.077084,7.1650395,-0.05094508,,,,,,,,,,,,,,,,,51.077084,7.2549777,0.035245895,51.077084,7.2549777,0.001407103,,,,,,,,,,,,,,,,,,,,,,,,,,,,,51.077084,7.2549777,1.0000001e-07,51.077084,7.2549777,7.0,,,,,,,
51.077084,7.195019,0.35255095,51.077084,7.195019,0.40679753,,,,,,,,,,,,,,,,,,,,,,,,,,,,,,,,,,,,,,,,,,,,,,,,,,,,,,,,,,,,,51.077084,7.195019,-0.21509522,51.077084,7.195019,-0.4764149,,,,,,,,,,,,,,,,,51.077084,7.284957,0.054250605,51.077084,7.284957,0.0693603,,,,,,,,,,,,,,,,,,,,,,,,,,,,,51.077084,7.284957,1.0000001e-07,51.077084,7.284957,7.0,,,,,,,
51.077084,7.224998,0.3547524,51.077084,7.224998,0.40911794,,,,,,,,,,,,,,,,,,,,,,,,,,,,,,,,,,,,,,,,,,,,,,,,,,,,,,,,,,,,,51.077084,7.224998,0.15383133,51.077084,7.224998,-0.14324334,,,,,,,,,,,,,,,,,51.077084,7.314936,0.03952586,51.077084,7.314936,0.01294343,,,,,,,,,,,,,,,,,,,,,,,,,,,,,51.077084,7.314936,1.0000001e-07,51.077084,7.314936,7.0,,,,,,,
51.077084,7.2549777,0.35726607,51.077084,7.2549777,0.41057563,,,,,,,,,,,,,,,,,,,,,,,,,,,,,,,,,,,,,,,,,,,,,,,,,,,,,,,,,,,,,51.077084,7.2549777,0.46804905,51.077084,7.2549777,0.07992815,,,,,,,,,,,,,,,,,51.077084,7.3449154,-0.010213424,51.077084,7.3449154,-0.011342757,,,,,,,,,,,,,,,,,,,,,,,,,,,,,51.077084,7.3449154,1.0000001e-07,51.077084,7.3449154,7.0,,,,,,,
51.077084,7.284957,0.3587238,51.077084,7.284957,0.41593042,,,,,,,,,,,,,,,,,,,,,,,,,,,,,,,,,,,,,,,,,,,,,,,,,,,,,,,,,,,,,51.077084,7.284957,0.7037781,51.077084,7.284957,0.7878624,,,,,,,,,,,,,,,,,51.077084,7.3748946,0.0038494181,51.077084,7.3748946,-0.045211706,,,,,,,,,,,,,,,,,,,,,,,,,,,,,51.077084,7.3748946,1.0000001e-07,51.077084,7.3748946,7.0,,,,,,,
51.077084,7.314936,0.35741484,51.077084,7.314936,0.41142347,,,,,,,,,,,,,,,,,,,,,,,,,,,,,,,,,,,,,,,,,,,,,,,,,,,,,,,,,,,,,51.077084,7.314936,0.52429783,51.077084,7.314936,0.15143739,,,,,,,,,,,,,,,,,51.077084,7.404874,-0.013710814,51.077084,7.404874,-0.003459576,,,,,,,,,,,,,,,,,,,,,,,,,,,,,51.077084,7.404874,1.0000001e-07,51.077084,7.404874,7.0,,,,,,,
51.077084,7.3449154,0.3535624,51.077084,7.3449154,0.40960878,,,,,,,,,,,,,,,,,,,,,,,,,,,,,,,,,,,,,,,,,,,,,,,,,,,,,,,,,,,,,51.077084,7.3449154,-0.030476358,51.077084,7.3449154,-0.0624558,,,,,,,,,,,,,,,,,51.077084,7.434853,-0.03142802,51.077084,7.434853,0.032530725,,,,,,,,,,,,,,,,,,,,,,,,,,,,,51.077084,7.434853,1.0000001e-07,51.077084,7.434853,7.0,,,,,,,
51.077084,7.3748946,0.35458875,51.077084,7.3748946,0.40688685,,,,,,,,,,,,,,,,,,,,,,,,,,,,,,,,,,,,,,,,,,,,,,,,,,,,,,,,,,,,,51.077084,7.3748946,0.10505505,51.077084,7.3748946,-0.4169244,,,,,,,,,,,,,,,,,51.077084,7.4648323,0.03662242,51.077084,7.4648323,-0.008899557,,,,,,,,,,,,,,,,,,,,,,,,,,,,,51.077084,7.4648323,1.0000001e-07,51.077084,7.4648323,7.0,,,,,,,
51.077084,7.404874,0.35322028,51.077084,7.404874,0.41020378,,,,,,,,,,,,,,,,,,,,,,,,,,,,,,,,,,,,,,,,,,,,,,,,,,,,,,,,,,,,,51.077084,7.404874,-0.0856585,51.077084,7.404874,-0.012545447,,,,,,,,,,,,,,,,,51.077084,7.4948115,-0.0249548,51.077084,7.4948115,0.030309293,,,,,,,,,,,,,,,,,,,,,,,,,,,,,51.077084,7.4948115,1.0000001e-07,51.077084,7.4948115,7.0,,,,,,,
51.077084,7.434853,0.3519411,51.077084,7.434853,0.41297042,,,,,,,,,,,,,,,,,,,,,,,,,,,,,,,,,,,,,,,,,,,,,,,,,,,,,,,,,,,,,51.077084,7.434853,-0.29556096,51.077084,7.434853,0.35011572,,,,,,,,,,,,,,,,,51.077084,7.524791,-0.028229455,51.077084,7.524791,-0.068959445,,,,,,,,,,,,,,,,,,,,,,,,,,,,,51.077084,7.524791,1.0000001e-07,51.077084,7.524791,7.0,,,,,,,
51.077084,7.4648323,0.35713223,51.077084,7.4648323,0.40972778,,,,,,,,,,,,,,,,,,,,,,,,,,,,,,,,,,,,,,,,,,,,,,,,,,,,,,,,,,,,,51.077084,7.4648323,0.49064907,51.077084,7.4648323,-0.045563005,,,,,,,,,,,,,,,,,51.077084,7.55477,0.08007405,51.077084,7.55477,0.026636912,,,,,,,,,,,,,,,,,,,,,,,,,,,,,51.077084,7.55477,1.0000001e-07,51.077084,7.55477,7.0,,,,,,,
51.077084,7.4948115,0.35232782,51.077084,7.4948115,0.41267288,,,,,,,,,,,,,,,,,,,,,,,,,,,,,,,,,,,,,,,,,,,,,,,,,,,,,,,,,,,,,51.077084,7.4948115,-0.25970057,51.077084,7.4948115,0.3445987,,,,,,,,,,,,,,,,,51.077084,7.584749,0.020902501,51.077084,7.584749,-0.009035734,,,,,,,,,,,,,,,,,,,,,,,,,,,,,51.077084,7.584749,1.0000001e-07,51.077084,7.584749,7.0,,,,,,,
51.077084,7.524791,0.3521642,51.077084,7.524791,0.40528035,,,,,,,,,,,,,,,,,,,,,,,,,,,,,,,,,,,,,,,,,,,,,,,,,,,,,,,,,,,,,51.077084,7.524791,-0.2596303,51.077084,7.524791,-0.65128356,,,,,,,,,,,,,,,,,51.077084,7.6147285,0.002258442,51.077084,7.6147285,-0.060475655,,,,,,,,,,,,,,,,,,,,,,,,,,,,,51.077084,7.6147285,1.0000001e-07,51.077084,7.6147285,7.0,,,,,,,
51.077084,7.55477,0.36022606,51.077084,7.55477,0.41246468,,,,,,,,,,,,,,,,,,,,,,,,,,,,,,,,,,,,,,,,,,,,,,,,,,,,,,,,,,,,,51.077084,7.55477,0.92048335,51.077084,7.55477,0.30510944,,,,,,,,,,,,,,,,,51.077084,7.6447077,0.03225366,51.077084,7.6447077,-0.047154266,,,,,,,,,,,,,,,,,,,,,,,,,,,,,51.077084,7.6447077,1.0000001e-07,51.077084,7.6447077,7.0,,,,,,,
51.077084,7.584749,0.35574892,51.077084,7.584749,0.40986168,,,,,,,,,,,,,,,,,,,,,,,,,,,,,,,,,,,,,,,,,,,,,,,,,,,,,,,,,,,,,51.077084,7.584749,0.26287362,51.077084,7.584749,-0.048214838,,,,,,,,,,,,,,,,,51.077084,7.674687,0.012365914,51.077084,7.674687,-0.06728447,,,,,,,,,,,,,,,,,,,,,,,,,,,,,51.077084,7.674687,1.0000001e-07,51.077084,7.674687,7.0,,,,,,,
51.077084,7.6147285,0.35457388,51.077084,7.6147285,0.40597942,,,,,,,,,,,,,,,,,,,,,,,,,,,,,,,,,,,,,,,,,,,,,,,,,,,,,,,,,,,,,51.077084,7.6147285,0.06924779,51.077084,7.6147285,-0.5804442,,,,,,,,,,,,,,,,,51.077084,7.704666,0.0017668816,51.077084,7.704666,-0.06355715,,,,,,,,,,,,,,,,,,,,,,,,,,,,,51.077084,7.704666,1.0000001e-07,51.077084,7.704666,7.0,,,,,,,
51.077084,7.6447077,0.35659677,51.077084,7.6447077,0.40693146,,,,,,,,,,,,,,,,,,,,,,,,,,,,,,,,,,,,,,,,,,,,,,,,,,,,,,,,,,,,,51.077084,7.6447077,0.40573844,51.077084,7.6447077,-0.45904267,,,,,,,,,,,,,,,,,51.077084,7.7346454,-0.070465244,51.077084,7.7346454,0.0059666405,,,,,,,,,,,,,,,,,,,,,,,,,,,,,51.077084,7.7346454,1.0000001e-07,51.077084,7.7346454,7.0,,,,,,,
51.077084,7.674687,0.35518372,51.077084,7.674687,0.40551835,,,,,,,,,,,,,,,,,,,,,,,,,,,,,,,,,,,,,,,,,,,,,,,,,,,,,,,,,,,,,51.077084,7.674687,0.1646517,51.077084,7.674687,-0.62219685,,,,,,,,,,,,,,,,,51.077084,7.7646246,0.012189824,51.077084,7.7646246,-0.02714898,,,,,,,,,,,,,,,,,,,,,,,,,,,,,51.077084,7.7646246,1.0000001e-07,51.077084,7.7646246,7.0,,,,,,,
51.077084,7.704666,0.3543805,51.077084,7.704666,0.40592,,,,,,,,,,,,,,,,,,,,,,,,,,,,,,,,,,,,,,,,,,,,,,,,,,,,,,,,,,,,,51.077084,7.704666,0.06700263,51.077084,7.704666,-0.5530134,,,,,,,,,,,,,,,,,51.077084,7.794604,0.036486574,51.077084,7.794604,-0.014387194,,,,,,,,,,,,,,,,,,,,,,,,,,,,,51.077084,7.794604,1.0000001e-07,51.077084,7.794604,7.0,,,,,,,
51.077084,7.7346454,0.34929347,51.077084,7.7346454,0.41093263,,,,,,,,,,,,,,,,,,,,,,,,,,,,,,,,,,,,,,,,,,,,,,,,,,,,,,,,,,,,,51.077084,7.7346454,-0.6396012,51.077084,7.7346454,0.11147743,,,,,,,,,,,,,,,,,51.077084,7.824583,-0.019281872,51.077084,7.824583,0.06747664,,,,,,,,,,,,,,,,,,,,,,,,,,,,,51.077084,7.824583,1.0000001e-07,51.077084,7.824583,7.0,,,,,,,
51.077084,7.7646246,0.35513908,51.077084,7.7646246,0.40847838,,,,,,,,,,,,,,,,,,,,,,,,,,,,,,,,,,,,,,,,,,,,,,,,,,,,,,,,,,,,,51.077084,7.7646246,0.18648317,51.077084,7.7646246,-0.22036321,,,,,,,,,,,,,,,,,51.077084,7.8545623,-0.028318316,51.077084,7.8545623,-0.048910398,,,,,,,,,,,,,,,,,,,,,,,,,,,,,51.077084,7.8545623,1.0000001e-07,51.077084,7.8545623,7.0,,,,,,,
51.077084,7.794604,0.35676035,51.077084,7.794604,0.40935588,,,,,,,,,,,,,,,,,,,,,,,,,,,,,,,,,,,,,,,,,,,,,,,,,,,,,,,,,,,,,51.077084,7.794604,0.42651913,51.077084,7.794604,-0.12571222,,,,,,,,,,,,,,,,,51.077084,7.8845415,0.005752807,51.077084,7.8845415,-0.07975307,,,,,,,,,,,,,,,,,,,,,,,,,,,,,51.077084,7.8845415,1.0000001e-07,51.077084,7.8845415,7.0,,,,,,,
51.077084,7.824583,0.3529674,51.077084,7.824583,0.41512716,,,,,,,,,,,,,,,,,,,,,,,,,,,,,,,,,,,,,,,,,,,,,,,,,,,,,,,,,,,,,51.077084,7.824583,-0.16232902,51.077084,7.824583,0.6539905,,,,,,,,,,,,,,,,,51.077084,7.914521,0.018782685,51.077084,7.914521,0.011346064,,,,,,,,,,,,,,,,,,,,,,,,,,,,,51.077084,7.914521,1.0000001e-07,51.077084,7.914521,7.0,,,,,,,
51.077084,7.8545623,0.35232782,51.077084,7.8545623,0.40710992,,,,,,,,,,,,,,,,,,,,,,,,,,,,,,,,,,,,,,,,,,,,,,,,,,,,,,,,,,,,,51.077084,7.8545623,-0.24285123,51.077084,7.8545623,-0.40394127,,,,,,,,,,,,,,,,,51.077084,7.9445004,-0.034314457,51.077084,7.9445004,0.025663877,,,,,,,,,,,,,,,,,,,,,,,,,,,,,51.077084,7.9445004,1.0000001e-07,51.077084,7.9445004,7.0,,,,,,,
51.077084,7.8845415,0.3546185,51.077084,7.8845415,0.40489364,,,,,,,,,,,,,,,,,,,,,,,,,,,,,,,,,,,,,,,,,,,,,,,,,,,,,,,,,,,,,51.077084,7.8845415,0.12277368,51.077084,7.8845415,-0.71082747,,,,,,,,,,,,,,,,,51.077084,7.9744797,-0.057411738,51.077084,7.9744797,-0.0051591406,,,,,,,,,,,,,,,,,,,,,,,,,,,,,51.077084,7.9744797,1.0000001e-07,51.077084,7.9744797,7.0,,,,,,,
51.077084,7.9145207,0.35551092,51.077084,7.9145207,0.41115573,,,,,,,,,,,,,,,,,,,,,,,,,,,,,,,,,,,,,,,,,,,,,,,,,,,,,,,,,,,,,51.077084,7.9145207,0.24092382,51.077084,7.9145207,0.12102827,,,,,,,,,,,,,,,,,51.077084,8.004458,-0.047409408,51.077084,8.004458,-0.044221036,,,,,,,,,,,,,,,,,,,,,,,,,,,,,51.077084,8.004458,1.0000001e-07,51.077084,8.004458,7.0,,,,,,,
51.077084,7.9445,0.35194114,51.077084,7.9445,0.41215232,,,,,,,,,,,,,,,,,,,,,,,,,,,,,,,,,,,,,,,,,,,,,,,,,,,,,,,,,,,,,51.077084,7.9445,-0.29679498,51.077084,7.9445,0.27371824,,,,,,,,,,,,,,,,,51.077084,8.034438,-0.026583843,51.077084,8.034438,-0.075099126,,,,,,,,,,,,,,,,,,,,,,,,,,,,,51.077084,8.034438,1.0000001e-07,51.077084,8.034438,7.0,,,,,,,
51.077084,7.974479,0.35045367,51.077084,7.974479,0.41006988,,,,,,,,,,,,,,,,,,,,,,,,,,,,,,,,,,,,,,,,,,,,,,,,,,,,,,,,,,,,,51.077084,7.974479,-0.48138252,51.077084,7.974479,-0.01853225,,,,,,,,,,,,,,,,,51.077084,8.064417,-0.01995859,51.077084,8.064417,-0.035074554,,,,,,,,,,,,,,,,,,,,,,,,,,,,,51.077084,8.064417,1.0000001e-07,51.077084,8.064417,7.0,,,,,,,
51.077084,8.004458,0.35113788,51.077084,8.004458,0.40742227,,,,,,,,,,,,,,,,,,,,,,,,,,,,,,,,,,,,,,,,,,,,,,,,,,,,,,,,,,,,,51.077084,8.004458,-0.41616714,51.077084,8.004458,-0.36994225,,,,,,,,,,,,,,,,,51.077084,8.094397,-0.0026399891,51.077084,8.094397,-0.061580922,,,,,,,,,,,,,,,,,,,,,,,,,,,,,51.077084,8.094397,1.0000001e-07,51.077084,8.094397,7.0,,,,,,,
51.077084,8.034438,0.3524617,51.077084,8.034438,0.40547377,,,,,,,,,,,,,,,,,,,,,,,,,,,,,,,,,,,,,,,,,,,,,,,,,,,,,,,,,,,,,51.077084,8.034438,-0.23727877,51.077084,8.034438,-0.6398687,,,,,,,,,,,,,,,,,51.077084,8.124375,-0.03279721,51.077084,8.124375,-0.04757487,,,,,,,,,,,,,,,,,,,,,,,,,,,,,51.077084,8.124375,1.0000001e-07,51.077084,8.124375,7.0,,,,,,,
51.077084,8.064417,0.35295254,51.077084,8.064417,0.40806186,,,,,,,,,,,,,,,,,,,,,,,,,,,,,,,,,,,,,,,,,,,,,,,,,,,,,,,,,,,,,51.077084,8.064417,-0.13111728,51.077084,8.064417,-0.27273738,,,,,,,,,,,,,,,,,51.077084,8.154355,-0.009102575,51.077084,8.154355,-0.043016687,,,,,,,,,,,,,,,,,,,,,,,,,,,,,51.077084,8.154355,1.0000001e-07,51.077084,8.154355,7.0,,,,,,,
51.077084,8.094397,0.3539789,51.077084,8.094397,0.4064852,,,,,,,,,,,,,,,,,,,,,,,,,,,,,,,,,,,,,,,,,,,,,,,,,,,,,,,,,,,,,51.077084,8.094397,-0.036685903,51.077084,8.094397,-0.4782496,,,,,,,,,,,,,,,,,51.077084,8.184334,0.019697303,51.077084,8.184334,0.012878062,,,,,,,,,,,,,,,,,,,,,,,,,,,,,51.077084,8.184334,1.0000001e-07,51.077084,8.184334,7.0,,,,,,,
51.077084,8.124375,0.3520155,51.077084,8.124375,0.40736276,,,,,,,,,,,,,,,,,,,,,,,,,,,,,,,,,,,,,,,,,,,,,,,,,,,,,,,,,,,,,51.077084,8.124375,-0.3146643,51.077084,8.124375,-0.400987,,,,,,,,,,,,,,,,,51.077084,8.2143135,-0.029331379,51.077084,8.2143135,-0.036359333,,,,,,,,,,,,,,,,,,,,,,,,,,,,,51.077084,8.2143135,1.0000001e-07,51.077084,8.2143135,7.0,,,,,,,
51.077084,8.154355,0.3536665,51.077084,8.154355,0.4077049,,,,,,,,,,,,,,,,,,,,,,,,,,,,,,,,,,,,,,,,,,,,,,,,,,,,,,,,,,,,,51.077084,8.154355,-0.051898878,51.077084,8.154355,-0.32527912,,,,,,,,,,,,,,,,,51.077084,8.244292,-0.0033212027,51.077084,8.244292,-0.0422229,,,,,,,,,,,,,,,,,,,,,,,,,,,,,51.077084,8.244292,1.0000001e-07,51.077084,8.244292,7.0,,,,,,,
51.077084,8.184334,0.35555556,51.077084,8.184334,0.41125983,,,,,,,,,,,,,,,,,,,,,,,,,,,,,,,,,,,,,,,,,,,,,,,,,,,,,,,,,,,,,51.077084,8.184334,0.23198925,51.077084,8.184334,0.13008085,,,,,,,,,,,,,,,,,51.077084,8.274272,0.032706182,51.077084,8.274272,-0.060252395,,,,,,,,,,,,,,,,,,,,,,,,,,,,,51.077084,8.274272,1.0000001e-07,51.077084,8.274272,7.0,,,,,,,
51.077084,8.2143135,0.35241708,51.077084,8.2143135,0.40801728,,,,,,,,,,,,,,,,,,,,,,,,,,,,,,,,,,,,,,,,,,,,,,,,,,,,,,,,,,,,,51.077084,8.2143135,-0.24766119,51.077084,8.2143135,-0.2844387,,,,,,,,,,,,,,,,,51.077084,8.304251,-0.007639346,51.077084,8.304251,0.05311563,,,,,,,,,,,,,,,,,,,,,,,,,,,,,51.077084,8.304251,1.0000001e-07,51.077084,8.304251,7.0,,,,,,,
51.077084,8.244292,0.3540979,51.077084,8.244292,0.407809,,,,,,,,,,,,,,,,,,,,,,,,,,,,,,,,,,,,,,,,,,,,,,,,,,,,,,,,,,,,,51.077084,8.244292,0.037908908,51.077084,8.244292,-0.3191717,,,,,,,,,,,,,,,,,51.077084,8.33423,0.015398092,51.077084,8.33423,-0.02998025,,,,,,,,,,,,,,,,,,,,,,,,,,,,,51.077084,8.33423,1.0000001e-07,51.077084,8.33423,7.0,,,,,,,
51.077084,8.274272,0.35631415,51.077084,8.274272,0.40670833,,,,,,,,,,,,,,,,,,,,,,,,,,,,,,,,,,,,,,,,,,,,,,,,,,,,,,,,,,,,,51.077084,8.274272,0.32651475,51.077084,8.274272,-0.48595393,,,,,,,,,,,,,,,,,51.077084,8.36421,0.032392915,51.077084,8.36421,0.032146078,,,,,,,,,,,,,,,,,,,,,,,,,,,,,51.077084,8.36421,1.0000001e-07,51.077084,8.36421,7.0,,,,,,,
51.077084,8.304251,0.35375574,51.077084,8.304251,0.41366947,,,,,,,,,,,,,,,,,,,,,,,,,,,,,,,,,,,,,,,,,,,,,,,,,,,,,,,,,,,,,51.077084,8.304251,-0.047140732,51.077084,8.304251,0.45813194,,,,,,,,,,,,,,,,,51.077084,8.394189,0.036907334,51.077084,8.394189,-0.05195979,,,,,,,,,,,,,,,,,,,,,,,,,,,,,51.077084,8.394189,1.0000001e-07,51.077084,8.394189,7.0,,,,,,,
51.077084,8.33423,0.3552878,51.077084,8.33423,0.40858248,,,,,,,,,,,,,,,,,,,,,,,,,,,,,,,,,,,,,,,,,,,,,,,,,,,,,,,,,,,,,51.077084,8.33423,0.23129743,51.077084,8.33423,-0.22651277,,,,,,,,,,,,,,,,,51.077084,8.424169,0.02356393,51.077084,8.424169,0.004730992,,,,,,,,,,,,,,,,,,,,,,,,,,,,,51.077084,8.424169,1.0000001e-07,51.077084,8.424169,7.0,,,,,,,
51.077084,8.364209,0.35625464,51.077084,8.364209,0.4123903,,,,,,,,,,,,,,,,,,,,,,,,,,,,,,,,,,,,,,,,,,,,,,,,,,,,,,,,,,,,,51.077084,8.364209,0.36479494,51.077084,8.364209,0.2951808,,,,,,,,,,,,,,,,,51.077084,8.454147,0.046463024,51.077084,8.454147,0.006523466,,,,,,,,,,,,,,,,,,,,,,,,,,,,,51.077084,8.454147,1.0000001e-07,51.077084,8.454147,7.0,,,,,,,
51.077084,8.394189,0.35643315,51.077084,8.394189,0.4072289,,,,,,,,,,,,,,,,,,,,,,,,,,,,,,,,,,,,,,,,,,,,,,,,,,,,,,,,,,,,,51.077084,8.394189,0.38235924,51.077084,8.394189,-0.3847218,,,,,,,,,,,,,,,,,51.077084,8.484127,0.072853856,51.077084,8.484127,-0.012210156,,,,,,,,,,,,,,,,,,,,,,,,,,,,,51.077084,8.484127,1.0000001e-07,51.077084,8.484127,7.0,,,,,,,
51.077084,8.424168,0.35565963,51.077084,8.424168,0.4106351,,,,,,,,,,,,,,,,,,,,,,,,,,,,,,,,,,,,,,,,,,,,,,,,,,,,,,,,,,,,,51.077084,8.424168,0.26494133,51.077084,8.424168,0.074889906,,,,,,,,,,,,,,,,,51.077084,8.514106,0.07891195,51.077084,8.514106,0.031981405,,,,,,,,,,,,,,,,,,,,,,,,,,,,,51.077084,8.514106,1.0000001e-07,51.077084,8.514106,7.0,,,,,,,
51.077084,8.454147,0.35690913,51.077084,8.454147,0.41082847,,,,,,,,,,,,,,,,,,,,,,,,,,,,,,,,,,,,,,,,,,,,,,,,,,,,,,,,,,,,,51.077084,8.454147,0.44461092,51.077084,8.454147,0.08097413,,,,,,,,,,,,,,,,,51.077084,8.5440855,0.039176747,51.077084,8.5440855,0.0034238712,,,,,,,,,,,,,,,,,,,,,,,,,,,,,51.077084,8.5440855,1.0000001e-07,51.077084,8.5440855,7.0,,,,,,,
51.077084,8.484126,0.3585007,51.077084,8.484126,0.40974265,,,,,,,,,,,,,,,,,,,,,,,,,,,,,,,,,,,,,,,,,,,,,,,,,,,,,,,,,,,,,51.077084,8.484126,0.65295595,51.077084,8.484126,-0.045785062,,,,,,,,,,,,,,,,,51.077084,8.574064,-0.03249104,51.077084,8.574064,-0.035273913,,,,,,,,,,,,,,,,,,,,,,,,,,,,,51.077084,8.574064,1.0000001e-07,51.077084,8.574064,7.0,,,,,,,
51.077084,8.514106,0.35890228,51.077084,8.514106,0.4123308,,,,,,,,,,,,,,,,,,,,,,,,,,,,,,,,,,,,,,,,,,,,,,,,,,,,,,,,,,,,,51.077084,8.514106,0.7346231,51.077084,8.514106,0.3109373,,,,,,,,,,,,,,,,,51.077084,8.604044,0.032103106,51.077084,8.604044,-0.014316257,,,,,,,,,,,,,,,,,,,,,,,,,,,,,51.077084,8.604044,1.0000001e-07,51.077084,8.604044,7.0,,,,,,,
51.077084,8.5440855,0.3564034,51.077084,8.5440855,0.41067976,,,,,,,,,,,,,,,,,,,,,,,,,,,,,,,,,,,,,,,,,,,,,,,,,,,,,,,,,,,,,51.077084,8.5440855,0.4002594,51.077084,8.5440855,0.08333114,,,,,,,,,,,,,,,,,51.077084,8.634023,0.027399037,51.077084,8.634023,0.009149262,,,,,,,,,,,,,,,,,,,,,,,,,,,,,51.077084,8.634023,1.0000001e-07,51.077084,8.634023,7.0,,,,,,,
51.077084,8.574064,0.35229805,51.077084,8.574064,0.40838912,,,,,,,,,,,,,,,,,,,,,,,,,,,,,,,,,,,,,,,,,,,,,,,,,,,,,,,,,,,,,51.077084,8.574064,-0.2491041,51.077084,8.574064,-0.24637969,,,,,,,,,,,,,,,,,51.077084,8.664002,0.0077894744,51.077084,8.664002,-0.020385735,,,,,,,,,,,,,,,,,,,,,,,,,,,,,51.077084,8.664002,1.0000001e-07,51.077084,8.664002,7.0,,,,,,,
51.077084,8.604044,0.35601667,51.077084,8.604044,0.40954936,,,,,,,,,,,,,,,,,,,,,,,,,,,,,,,,,,,,,,,,,,,,,,,,,,,,,,,,,,,,,51.077084,8.604044,0.2581762,51.077084,8.604044,-0.09042594,,,,,,,,,,,,,,,,,51.077084,8.693981,0.033311848,51.077084,8.693981,0.05202285,,,,,,,,,,,,,,,,,,,,,,,,,,,,,51.077084,8.693981,1.0000001e-07,51.077084,8.693981,7.0,,,,,,,
51.077084,8.634023,0.3557936,51.077084,8.634023,0.41091776,,,,,,,,,,,,,,,,,,,,,,,,,,,,,,,,,,,,,,,,,,,,,,,,,,,,,,,,,,,,,51.077084,8.634023,0.27409422,51.077084,8.634023,0.08416055,,,,,,,,,,,,,,,,,51.077084,8.723961,-0.0074217003,51.077084,8.723961,-0.027580265,,,,,,,,,,,,,,,,,,,,,,,,,,,,,51.077084,8.723961,1.0000001e-07,51.077084,8.723961,7.0,,,,,,,
51.077084,8.664002,0.35464823,51.077084,8.664002,0.40926674,,,,,,,,,,,,,,,,,,,,,,,,,,,,,,,,,,,,,,,,,,,,,,,,,,,,,,,,,,,,,51.077084,8.664002,0.14561267,51.077084,8.664002,-0.10498122,,,,,,,,,,,,,,,,,51.077084,8.75394,-0.0483312,51.077084,8.75394,0.078242555,,,,,,,,,,,,,,,,,,,,,,,,,,,,,51.077084,8.75394,1.0000001e-07,51.077084,8.75394,7.0,,,,,,,
51.077084,8.693981,0.35601664,51.077084,8.693981,0.4133125,,,,,,,,,,,,,,,,,,,,,,,,,,,,,,,,,,,,,,,,,,,,,,,,,,,,,,,,,,,,,51.077084,8.693981,0.2932559,51.077084,8.693981,0.41813958,,,,,,,,,,,,,,,,,51.077084,8.783919,0.036492046,51.077084,8.783919,-0.02498833,,,,,,,,,,,,,,,,,,,,,,,,,,,,,51.077084,8.783919,1.0000001e-07,51.077084,8.783919,7.0,,,,,,,
51.077084,8.723961,0.3538004,51.077084,8.723961,0.4088651,,,,,,,,,,,,,,,,,,,,,,,,,,,,,,,,,,,,,,,,,,,,,,,,,,,,,,,,,,,,,51.077084,8.723961,-0.008128973,51.077084,8.723961,-0.16529427,,,,,,,,,,,,,,,,,51.077084,8.813898,0.10985366,51.077084,8.813898,-0.07713939,,,,,,,,,,,,,,,,,,,,,,,,,,,,,51.077084,8.813898,1.0000001e-07,51.077084,8.813898,7.0,,,,,,,
51.077084,8.75394,0.35155433,51.077084,8.75394,0.41475528,,,,,,,,,,,,,,,,,,,,,,,,,,,,,,,,,,,,,,,,,,,,,,,,,,,,,,,,,,,,,51.077084,8.75394,-0.32210377,51.077084,8.75394,0.61625475,,,,,,,,,,,,,,,,,51.077084,8.843878,0.051795926,51.077084,8.843878,0.06653484,,,,,,,,,,,,,,,,,,,,,,,,,,,,,51.077084,8.843878,1.0000001e-07,51.077084,8.843878,7.0,,,,,,,
51.077084,8.783919,0.3562547,51.077084,8.783919,0.40907335,,,,,,,,,,,,,,,,,,,,,,,,,,,,,,,,,,,,,,,,,,,,,,,,,,,,,,,,,,,,,51.077084,8.783919,0.3322392,51.077084,8.783919,-0.1410182,,,,,,,,,,,,,,,,,51.077084,8.873857,0.01514151,51.077084,8.873857,-0.016772486,,,,,,,,,,,,,,,,,,,,,,,,,,,,,51.077084,8.873857,1.0000001e-07,51.077084,8.873857,7.0,,,,,,,
51.077084,8.813898,0.36034513,51.077084,8.813898,0.40624723,,,,,,,,,,,,,,,,,,,,,,,,,,,,,,,,,,,,,,,,,,,,,,,,,,,,,,,,,,,,,51.077084,8.813898,0.94716,51.077084,8.813898,-0.54711235,,,,,,,,,,,,,,,,,51.077084,8.903836,-0.049364865,51.077084,8.903836,-0.03697663,,,,,,,,,,,,,,,,,,,,,,,,,,,,,51.077084,8.903836,1.0000001e-07,51.077084,8.903836,7.0,,,,,,,
51.077084,8.843878,0.35699832,51.077084,8.843878,0.41399676,,,,,,,,,,,,,,,,,,,,,,,,,,,,,,,,,,,,,,,,,,,,,,,,,,,,,,,,,,,,,51.077084,8.843878,0.47407955,51.077084,8.843878,0.50740325,,,,,,,,,,,,,,,,,51.077084,8.933815,0.07110994,51.077084,8.933815,-0.0027707699,,,,,,,,,,,,,,,,,,,,,,,,,,,,,51.077084,8.933815,1.0000001e-07,51.077084,8.933815,7.0,,,,,,,
51.077084,8.873857,0.35503495,51.077084,8.873857,0.40946007,,,,,,,,,,,,,,,,,,,,,,,,,,,,,,,,,,,,,,,,,,,,,,,,,,,,,,,,,,,,,51.077084,8.873857,0.20309556,51.077084,8.873857,-0.09345287,,,,,,,,,,,,,,,,,51.077084,8.963795,0.020175586,51.077084,8.963795,0.007875626,,,,,,,,,,,,,,,,,,,,,,,,,,,,,51.077084,8.963795,1.0000001e-07,51.077084,8.963795,7.0,,,,,,,
51.077084,8.903836,0.35152462,51.077084,8.903836,0.40844864,,,,,,,,,,,,,,,,,,,,,,,,,,,,,,,,,,,,,,,,,,,,,,,,,,,,,,,,,,,,,51.077084,8.903836,-0.39541915,51.077084,8.903836,-0.24756844,,,,,,,,,,,,,,,,,51.077084,8.993773,0.0031029806,51.077084,8.993773,-0.0038165217,,,,,,,,,,,,,,,,,,,,,,,,,,,,,51.077084,8.993773,1.0000001e-07,51.077084,8.993773,7.0,,,,,,,
51.077084,8.933815,0.3581437,51.077084,8.933815,0.4101889,,,,,,,,,,,,,,,,,,,,,,,,,,,,,,,,,,,,,,,,,,,,,,,,,,,,,,,,,,,,,51.077084,8.933815,0.6308419,51.077084,8.933815,0.004646831,,,,,,,,,,,,,,,,,51.077084,9.023753,0.0009633581,51.077084,9.023753,0.009968049,,,,,,,,,,,,,,,,,,,,,,,,,,,,,51.077084,9.023753,1.0000001e-07,51.077084,9.023753,7.0,,,,,,,
51.077084,8.963795,0.3552432,51.077084,8.963795,0.41079876,,,,,,,,,,,,,,,,,,,,,,,,,,,,,,,,,,,,,,,,,,,,,,,,,,,,,,,,,,,,,51.077084,8.963795,0.1689886,51.077084,8.963795,0.07742088,,,,,,,,,,,,,,,,,51.077084,9.053732,0.01962821,51.077084,9.053732,-0.069556504,,,,,,,,,,,,,,,,,,,,,,,,,,,,,51.077084,9.053732,1.0000001e-07,51.077084,9.053732,7.0,,,,,,,
51.077084,8.993773,0.3544103,51.077084,8.993773,0.41012943,,,,,,,,,,,,,,,,,,,,,,,,,,,,,,,,,,,,,,,,,,,,,,,,,,,,,,,,,,,,,51.077084,8.993773,0.07164114,51.077084,8.993773,-0.018677631,,,,,,,,,,,,,,,,,51.077084,9.083712,-0.0048758816,51.077084,9.083712,-0.008103596,,,,,,,,,,,,,,,,,,,,,,,,,,,,,51.077084,9.083712,1.0000001e-07,51.077084,9.083712,7.0,,,,,,,
51.077084,9.023753,0.3542169,51.077084,9.023753,0.4109475,,,,,,,,,,,,,,,,,,,,,,,,,,,,,,,,,,,,,,,,,,,,,,,,,,,,,,,,,,,,,51.077084,9.023753,0.01038987,51.077084,9.023753,0.09633712,,,,,,,,,,,,,,,,,51.077084,9.11369,-0.14210936,51.077084,9.11369,0.084862836,,,,,,,,,,,,,,,,,,,,,,,,,,,,,51.077084,9.11369,1.0000001e-07,51.077084,9.11369,7.0,,,,,,,
51.077084,9.053732,0.35524318,51.077084,9.053732,0.40681243,,,,,,,,,,,,,,,,,,,,,,,,,,,,,,,,,,,,,,,,,,,,,,,,,,,,,,,,,,,,,51.077084,9.053732,0.18237525,51.077084,9.053732,-0.43294793,,,,,,,,,,,,,,,,,51.077084,9.14367,-0.009952844,51.077084,9.14367,0.021669341,,,,,,,,,,,,,,,,,,,,,,,,,,,,,51.077084,9.14367,1.0000001e-07,51.077084,9.14367,7.0,,,,,,,
51.077084,9.083712,0.35394916,51.077084,9.083712,0.40998065,,,,,,,,,,,,,,,,,,,,,,,,,,,,,,,,,,,,,,,,,,,,,,,,,,,,,,,,,,,,,51.077084,9.083712,-0.011393504,51.077084,9.083712,-0.014575634,,,,,,,,,,,,,,,,,51.077084,9.17365,0.024917778,51.077084,9.17365,0.0352396,,,,,,,,,,,,,,,,,,,,,,,,,,,,,51.077084,9.17365,1.0000001e-07,51.077084,9.17365,7.0,,,,,,,
51.077084,9.11369,0.34692848,51.077084,9.11369,0.4147702,,,,,,,,,,,,,,,,,,,,,,,,,,,,,,,,,,,,,,,,,,,,,,,,,,,,,,,,,,,,,51.077084,9.11369,-1.0211459,51.077084,9.11369,0.6237826,,,,,,,,,,,,,,,,,51.077084,9.203629,0.07001907,51.077084,9.203629,-0.0004263626,,,,,,,,,,,,,,,,,,,,,,,,,,,,,51.077084,9.203629,1.0000001e-07,51.077084,9.203629,7.0,,,,,,,
51.077084,9.14367,0.35371113,51.077084,9.14367,0.41149786,,,,,,,,,,,,,,,,,,,,,,,,,,,,,,,,,,,,,,,,,,,,,,,,,,,,,,,,,,,,,51.077084,9.14367,-0.032345526,51.077084,9.14367,0.18609542,,,,,,,,,,,,,,,,,51.077084,9.233608,0.008454389,51.077084,9.233608,0.021407535,,,,,,,,,,,,,,,,,,,,,,,,,,,,,51.077084,9.233608,1.0000001e-07,51.077084,9.233608,7.0,,,,,,,
51.077084,9.173649,0.35543653,51.077084,9.173649,0.41213742,,,,,,,,,,,,,,,,,,,,,,,,,,,,,,,,,,,,,,,,,,,,,,,,,,,,,,,,,,,,,51.077084,9.173649,0.23923916,51.077084,9.173649,0.27531016,,,,,,,,,,,,,,,,,51.077084,9.263587,-0.036059123,51.077084,9.263587,-0.04108326,,,,,,,,,,,,,,,,,,,,,,,,,,,,,51.077084,9.263587,1.0000001e-07,51.077084,9.263587,7.0,,,,,,,
51.077084,9.203629,0.35774207,51.077084,9.203629,0.4104715,,,,,,,,,,,,,,,,,,,,,,,,,,,,,,,,,,,,,,,,,,,,,,,,,,,,,,,,,,,,,51.077084,9.203629,0.5593791,51.077084,9.203629,0.046808925,,,,,,,,,,,,,,,,,51.077084,9.293567,0.027601723,51.077084,9.293567,0.08917548,,,,,,,,,,,,,,,,,,,,,,,,,,,,,51.077084,9.293567,1.0000001e-07,51.077084,9.293567,7.0,,,,,,,
51.077084,9.233607,0.35463336,51.077084,9.233607,0.41142347,,,,,,,,,,,,,,,,,,,,,,,,,,,,,,,,,,,,,,,,,,,,,,,,,,,,,,,,,,,,,51.077084,9.233607,0.11892477,51.077084,9.233607,0.18518394,,,,,,,,,,,,,,,,,51.077084,9.323545,0.014701107,51.077084,9.323545,-0.053733155,,,,,,,,,,,,,,,,,,,,,,,,,,,,,51.077084,9.323545,1.0000001e-07,51.077084,9.323545,7.0,,,,,,,
51.077084,9.263587,0.35243195,51.077084,9.263587,0.40844858,,,,,,,,,,,,,,,,,,,,,,,,,,,,,,,,,,,,,,,,,,,,,,,,,,,,,,,,,,,,,51.077084,9.263587,-0.23770054,51.077084,9.263587,-0.22342378,,,,,,,,,,,,,,,,,51.077084,9.353525,0.05415943,51.077084,9.353525,-0.12660395,,,,,,,,,,,,,,,,,,,,,,,,,,,,,51.077084,9.353525,1.0000001e-07,51.077084,9.353525,7.0,,,,,,,
51.077084,9.293566,0.35551092,51.077084,9.293566,0.41472557,,,,,,,,,,,,,,,,,,,,,,,,,,,,,,,,,,,,,,,,,,,,,,,,,,,,,,,,,,,,,51.077084,9.293566,0.2520187,51.077084,9.293566,0.58496064,,,,,,,,,,,,,,,,,51.077084,9.383504,0.019335372,51.077084,9.383504,0.009100801,,,,,,,,,,,,,,,,,,,,,,,,,,,,,51.077084,9.383504,1.0000001e-07,51.077084,9.383504,7.0,,,,,,,
51.077084,9.323545,0.35488623,51.077084,9.323545,0.40769,,,,,,,,,,,,,,,,,,,,,,,,,,,,,,,,,,,,,,,,,,,,,,,,,,,,,,,,,,,,,51.077084,9.323545,0.14027657,51.077084,9.323545,-0.334647,,,,,,,,,,,,,,,,,51.077084,9.413484,0.061008587,51.077084,9.413484,-0.04694575,,,,,,,,,,,,,,,,,,,,,,,,,,,,,51.077084,9.413484,1.0000001e-07,51.077084,9.413484,7.0,,,,,,,
51.077084,9.353524,0.356805,51.077084,9.353524,0.40419456,,,,,,,,,,,,,,,,,,,,,,,,,,,,,,,,,,,,,,,,,,,,,,,,,,,,,,,,,,,,,51.077084,9.353524,0.42380905,51.077084,9.353524,-0.79395473,,,,,,,,,,,,,,,,,51.077084,9.443462,-0.06360005,51.077084,9.443462,-0.12625057,,,,,,,,,,,,,,,,,,,,,,,,,,,,,51.077084,9.443462,1.0000001e-07,51.077084,9.443462,7.0,,,,,,,
51.077084,9.383504,0.35522833,51.077084,9.383504,0.41073927,,,,,,,,,,,,,,,,,,,,,,,,,,,,,,,,,,,,,,,,,,,,,,,,,,,,,,,,,,,,,51.077084,9.383504,0.20340958,51.077084,9.383504,0.05925478,,,,,,,,,,,,,,,,,51.077084,9.473442,-0.027370043,51.077084,9.473442,0.0020718228,,,,,,,,,,,,,,,,,,,,,,,,,,,,,51.077084,9.473442,1.0000001e-07,51.077084,9.473442,7.0,,,,,,,
51.077084,9.413484,0.35707274,51.077084,9.413484,0.40807673,,,,,,,,,,,,,,,,,,,,,,,,,,,,,,,,,,,,,,,,,,,,,,,,,,,,,,,,,,,,,51.077084,9.413484,0.42527312,51.077084,9.413484,-0.24822515,,,,,,,,,,,,,,,,,51.077084,9.503421,-0.08589776,51.077084,9.503421,0.0022089328,,,,,,,,,,,,,,,,,,,,,,,,,,,,,51.077084,9.503421,1.0000001e-07,51.077084,9.503421,7.0,,,,,,,
51.077084,9.443462,0.35109326,51.077084,9.443462,0.40438795,,,,,,,,,,,,,,,,,,,,,,,,,,,,,,,,,,,,,,,,,,,,,,,,,,,,,,,,,,,,,51.077084,9.443462,-0.40744293,51.077084,9.443462,-0.7613986,,,,,,,,,,,,,,,,,51.077084,9.533401,-0.06329986,51.077084,9.533401,-0.013922161,,,,,,,,,,,,,,,,,,,,,,,,,,,,,51.077084,9.533401,1.0000001e-07,51.077084,9.533401,7.0,,,,,,,
51.077084,9.473442,0.3528187,51.077084,9.473442,0.41038227,,,,,,,,,,,,,,,,,,,,,,,,,,,,,,,,,,,,,,,,,,,,,,,,,,,,,,,,,,,,,51.077084,9.473442,-0.15020387,51.077084,9.473442,0.022231234,,,,,,,,,,,,,,,,,51.077084,9.563379,-0.0385677,51.077084,9.563379,0.0048697274,,,,,,,,,,,,,,,,,,,,,,,,,,,,,51.077084,9.563379,1.0000001e-07,51.077084,9.563379,7.0,,,,,,,
51.077084,9.503421,0.3500967,51.077084,9.503421,0.41056076,,,,,,,,,,,,,,,,,,,,,,,,,,,,,,,,,,,,,,,,,,,,,,,,,,,,,,,,,,,,,51.077084,9.503421,-0.5719952,51.077084,9.503421,0.05489568,,,,,,,,,,,,,,,,,51.077084,9.593359,0.07196819,51.077084,9.593359,-0.02786439,,,,,,,,,,,,,,,,,,,,,,,,,,,,,51.077084,9.593359,1.0000001e-07,51.077084,9.593359,7.0,,,,,,,
51.077084,9.533401,0.35131633,51.077084,9.533401,0.40972778,,,,,,,,,,,,,,,,,,,,,,,,,,,,,,,,,,,,,,,,,,,,,,,,,,,,,,,,,,,,,51.077084,9.533401,-0.36489436,51.077084,9.533401,-0.044680316,,,,,,,,,,,,,,,,,51.077084,9.623338,-0.006621518,51.077084,9.623338,0.09628091,,,,,,,,,,,,,,,,,,,,,,,,,,,,,51.077084,9.623338,1.0000001e-07,51.077084,9.623338,7.0,,,,,,,
51.077084,9.563379,0.3523725,51.077084,9.563379,0.4106797,,,,,,,,,,,,,,,,,,,,,,,,,,,,,,,,,,,,,,,,,,,,,,,,,,,,,,,,,,,,,51.077084,9.563379,-0.23494805,51.077084,9.563379,0.07793229,,,,,,,,,,,,,,,,,51.077084,9.653317,-0.0018501861,51.077084,9.653317,0.09768493,,,,,,,,,,,,,,,,,,,,,,,,,,,,,51.077084,9.653317,1.0000001e-07,51.077084,9.653317,7.0,,,,,,,
51.077084,9.593359,0.35753387,51.077084,9.593359,0.40907332,,,,,,,,,,,,,,,,,,,,,,,,,,,,,,,,,,,,,,,,,,,,,,,,,,,,,,,,,,,,,51.077084,9.593359,0.5296021,51.077084,9.593359,-0.122284226,,,,,,,,,,,,,,,,,51.077084,9.683296,0.025444912,51.077084,9.683296,-0.033491492,,,,,,,,,,,,,,,,,,,,,,,,,,,,,51.077084,9.683296,1.0000001e-07,51.077084,9.683296,7.0,,,,,,,
51.077084,9.623338,0.3538599,51.077084,9.623338,0.41472557,,,,,,,,,,,,,,,,,,,,,,,,,,,,,,,,,,,,,,,,,,,,,,,,,,,,,,,,,,,,,51.077084,9.623338,0.0038069221,51.077084,9.623338,0.5978487,,,,,,,,,,,,,,,,,51.077084,9.713276,-0.09001253,51.077084,9.713276,0.021914624,,,,,,,,,,,,,,,,,,,,,,,,,,,,,51.077084,9.713276,1.0000001e-07,51.077084,9.713276,7.0,,,,,,,
51.077084,9.653317,0.35409787,51.077084,9.653317,0.41481483,,,,,,,,,,,,,,,,,,,,,,,,,,,,,,,,,,,,,,,,,,,,,,,,,,,,,,,,,,,,,51.077084,9.653317,-0.002789047,51.077084,9.653317,0.6307255,,,,,,,,,,,,,,,,,51.077084,9.743255,-0.015007713,51.077084,9.743255,0.034619153,,,,,,,,,,,,,,,,,,,,,,,,,,,,,51.077084,9.743255,1.0000001e-07,51.077084,9.743255,7.0,,,,,,,
51.077084,9.683296,0.3553473,51.077084,9.683296,0.40896925,,,,,,,,,,,,,,,,,,,,,,,,,,,,,,,,,,,,,,,,,,,,,,,,,,,,,,,,,,,,,51.077084,9.683296,0.20197661,51.077084,9.683296,-0.15549186,,,,,,,,,,,,,,,,,51.077084,9.773234,0.030107148,51.077084,9.773234,0.044323515,,,,,,,,,,,,,,,,,,,,,,,,,,,,,51.077084,9.773234,1.0000001e-07,51.077084,9.773234,7.0,,,,,,,
51.077084,9.713276,0.3502603,51.077084,9.713276,0.41139376,,,,,,,,,,,,,,,,,,,,,,,,,,,,,,,,,,,,,,,,,,,,,,,,,,,,,,,,,,,,,51.077084,9.713276,-0.5525078,51.077084,9.713276,0.16544558,,,,,,,,,,,,,,,,,51.077084,9.803213,-0.03408646,51.077084,9.803213,0.036345128,,,,,,,,,,,,,,,,,,,,,,,,,,,,,51.077084,9.803213,1.0000001e-07,51.077084,9.803213,7.0,,,,,,,
51.077084,9.743255,0.35347316,51.077084,9.743255,0.4119292,,,,,,,,,,,,,,,,,,,,,,,,,,,,,,,,,,,,,,,,,,,,,,,,,,,,,,,,,,,,,51.077084,9.743255,-0.11577913,51.077084,9.743255,0.2257142,,,,,,,,,,,,,,,,,51.077084,9.833193,0.03135015,51.077084,9.833193,-0.050316647,,,,,,,,,,,,,,,,,,,,,,,,,,,,,51.077084,9.833193,1.0000001e-07,51.077084,9.833193,7.0,,,,,,,
51.077084,9.773234,0.3554663,51.077084,9.773234,0.4122564,,,,,,,,,,,,,,,,,,,,,,,,,,,,,,,,,,,,,,,,,,,,,,,,,,,,,,,,,,,,,51.077084,9.773234,0.23466428,51.077084,9.773234,0.30320713,,,,,,,,,,,,,,,,,51.077084,9.863172,0.08918026,51.077084,9.863172,-0.030463986,,,,,,,,,,,,,,,,,,,,,,,,,,,,,51.077084,9.863172,1.0000001e-07,51.077084,9.863172,7.0,,,,,,,
51.077084,9.803213,0.35274434,51.077084,9.803213,0.4119292,,,,,,,,,,,,,,,,,,,,,,,,,,,,,,,,,,,,,,,,,,,,,,,,,,,,,,,,,,,,,51.077084,9.803213,-0.16774653,51.077084,9.803213,0.23003237,,,,,,,,,,,,,,,,,51.077084,9.893151,0.049722563,51.077084,9.893151,0.022875778,,,,,,,,,,,,,,,,,,,,,,,,,,,,,51.077084,9.893151,1.0000001e-07,51.077084,9.893151,7.0,,,,,,,
51.077084,9.833193,0.3555407,51.077084,9.833193,0.40807676,,,,,,,,,,,,,,,,,,,,,,,,,,,,,,,,,,,,,,,,,,,,,,,,,,,,,,,,,,,,,51.077084,9.833193,0.24734275,51.077084,9.833193,-0.26752308,,,,,,,,,,,,,,,,,51.077084,9.92313,0.023269303,51.077084,9.92313,0.017497063,,,,,,,,,,,,,,,,,,,,,,,,,,,,,51.077084,9.92313,1.0000001e-07,51.077084,9.92313,7.0,,,,,,,
51.077084,9.863172,0.3581437,51.077084,9.863172,0.40908822,,,,,,,,,,,,,,,,,,,,,,,,,,,,,,,,,,,,,,,,,,,,,,,,,,,,,,,,,,,,,51.077084,9.863172,0.62517333,51.077084,9.863172,-0.14651585,,,,,,,,,,,,,,,,,51.077084,9.95311,-0.017121313,51.077084,9.95311,-0.050943132,,,,,,,,,,,,,,,,,,,,,,,,,,,,,51.077084,9.95311,1.0000001e-07,51.077084,9.95311,7.0,,,,,,,
51.077084,9.893151,0.3563588,51.077084,9.893151,0.41127473,,,,,,,,,,,,,,,,,,,,,,,,,,,,,,,,,,,,,,,,,,,,,,,,,,,,,,,,,,,,,51.077084,9.893151,0.3496284,51.077084,9.893151,0.15322757,,,,,,,,,,,,,,,,,51.077084,9.9830885,-0.008074378,51.077084,9.9830885,0.009324747,,,,,,,,,,,,,,,,,,,,,,,,,,,,,51.077084,9.9830885,1.0000001e-07,51.077084,9.9830885,7.0,,,,,,,
51.077084,9.92313,0.35521343,51.077084,9.92313,0.4111111,,,,,,,,,,,,,,,,,,,,,,,,,,,,,,,,,,,,,,,,,,,,,,,,,,,,,,,,,,,,,51.077084,9.92313,0.17318684,51.077084,9.92313,0.13814841,,,,,,,,,,,,,,,,,51.077084,10.013068,0.02462222,51.077084,10.013068,0.08210453,,,,,,,,,,,,,,,,,,,,,,,,,,,,,51.077084,10.013068,1.0000001e-07,51.077084,10.013068,7.0,,,,,,,
51.077084,9.95311,0.35347316,51.077084,9.95311,0.40815112,,,,,,,,,,,,,,,,,,,,,,,,,,,,,,,,,,,,,,,,,,,,,,,,,,,,,,,,,,,,,51.077084,9.95311,-0.05201671,51.077084,9.95311,-0.2647363,,,,,,,,,,,,,,,,,51.077084,10.043048,0.04127248,51.077084,10.043048,0.07543569,,,,,,,,,,,,,,,,,,,,,,,,,,,,,51.077084,10.043048,1.0000001e-07,51.077084,10.043048,7.0,,,,,,,
51.077084,9.9830885,0.35390452,51.077084,9.9830885,0.41073924,,,,,,,,,,,,,,,,,,,,,,,,,,,,,,,,,,,,,,,,,,,,,,,,,,,,,,,,,,,,,51.077084,9.9830885,0.0061181504,51.077084,9.9830885,0.07502028,,,,,,,,,,,,,,,,,51.077084,10.073027,-0.07618959,51.077084,10.073027,-0.094511546,,,,,,,,,,,,,,,,,,,,,,,,,,,,,51.077084,10.073027,1.0000001e-07,51.077084,10.073027,7.0,,,,,,,
51.077084,10.013068,0.35516882,51.077084,10.013068,0.41386285,,,,,,,,,,,,,,,,,,,,,,,,,,,,,,,,,,,,,,,,,,,,,,,,,,,,,,,,,,,,,51.077084,10.013068,0.19189198,51.077084,10.013068,0.4951139,,,,,,,,,,,,,,,,,51.077084,10.103006,0.040646926,51.077084,10.103006,0.06991883,,,,,,,,,,,,,,,,,,,,,,,,,,,,,51.077084,10.103006,1.0000001e-07,51.077084,10.103006,7.0,,,,,,,
51.077084,10.043047,0.3560018,51.077084,10.043047,0.41352075,,,,,,,,,,,,,,,,,,,,,,,,,,,,,,,,,,,,,,,,,,,,,,,,,,,,,,,,,,,,,51.077084,10.043047,0.30852544,51.077084,10.043047,0.4562672,,,,,,,,,,,,,,,,,51.077084,10.132985,0.07248149,51.077084,10.132985,-0.010805571,,,,,,,,,,,,,,,,,,,,,,,,,,,,,51.077084,10.132985,1.0000001e-07,51.077084,10.132985,7.0,,,,,,,
51.077084,10.073027,0.35092962,51.077084,10.073027,0.40638107,,,,,,,,,,,,,,,,,,,,,,,,,,,,,,,,,,,,,,,,,,,,,,,,,,,,,,,,,,,,,51.077084,10.073027,-0.43644306,51.077084,10.073027,-0.5206945,,,,,,,,,,,,,,,,,51.077084,10.162965,0.03991204,51.077084,10.162965,-0.029633544,,,,,,,,,,,,,,,,,,,,,,,,,,,,,51.077084,10.162965,1.0000001e-07,51.077084,10.162965,7.0,,,,,,,
51.077084,10.103005,0.35586792,51.077084,10.103005,0.41325298,,,,,,,,,,,,,,,,,,,,,,,,,,,,,,,,,,,,,,,,,,,,,,,,,,,,,,,,,,,,,51.077084,10.103005,0.31876957,51.077084,10.103005,0.41955793,,,,,,,,,,,,,,,,,51.077084,10.192944,0.016512714,51.077084,10.192944,0.02633753,,,,,,,,,,,,,,,,,,,,,,,,,,,,,51.077084,10.192944,1.0000001e-07,51.077084,10.192944,7.0,,,,,,,
51.077084,10.132985,0.35717684,51.077084,10.132985,0.40989143,,,,,,,,,,,,,,,,,,,,,,,,,,,,,,,,,,,,,,,,,,,,,,,,,,,,,,,,,,,,,51.077084,10.132985,0.5224769,51.077084,10.132985,-0.04719884,,,,,,,,,,,,,,,,,51.077084,10.222923,-0.05823236,51.077084,10.222923,0.13598235,,,,,,,,,,,,,,,,,,,,,,,,,,,,,51.077084,10.222923,1.0000001e-07,51.077084,10.222923,7.0,,,,,,,
51.077084,10.162964,0.35582325,51.077084,10.162964,0.40908822,,,,,,,,,,,,,,,,,,,,,,,,,,,,,,,,,,,,,,,,,,,,,,,,,,,,,,,,,,,,,51.077084,10.162964,0.24126881,51.077084,10.162964,-0.15929689,,,,,,,,,,,,,,,,,51.077084,10.252902,0.010847424,51.077084,10.252902,-0.0917919,,,,,,,,,,,,,,,,,,,,,,,,,,,,,51.077084,10.252902,1.0000001e-07,51.077084,10.252902,7.0,,,,,,,
51.077084,10.192944,0.35476723,51.077084,10.192944,0.41146812,,,,,,,,,,,,,,,,,,,,,,,,,,,,,,,,,,,,,,,,,,,,,,,,,,,,,,,,,,,,,51.077084,10.192944,0.13715069,51.077084,10.192944,0.1640079,,,,,,,,,,,,,,,,,51.077084,10.282882,0.032684628,51.077084,10.282882,-0.0068746414,,,,,,,,,,,,,,,,,,,,,,,,,,,,,51.077084,10.282882,1.0000001e-07,51.077084,10.282882,7.0,,,,,,,
51.077084,10.222922,0.35180724,51.077084,10.222922,0.41581142,,,,,,,,,,,,,,,,,,,,,,,,,,,,,,,,,,,,,,,,,,,,,,,,,,,,,,,,,,,,,51.077084,10.222922,-0.33298478,51.077084,10.222922,0.7389147,,,,,,,,,,,,,,,,,51.077084,10.3128605,0.028902987,51.077084,10.3128605,0.13063346,,,,,,,,,,,,,,,,,,,,,,,,,,,,,51.077084,10.3128605,1.0000001e-07,51.077084,10.3128605,7.0,,,,,,,
51.077084,10.252902,0.35461846,51.077084,10.252902,0.4065744,,,,,,,,,,,,,,,,,,,,,,,,,,,,,,,,,,,,,,,,,,,,,,,,,,,,,,,,,,,,,51.077084,10.252902,0.10178521,51.077084,10.252902,-0.50998795,,,,,,,,,,,,,,,,,51.077084,10.34284,0.094526246,51.077084,10.34284,-0.0047904127,,,,,,,,,,,,,,,,,,,,,,,,,,,,,51.077084,10.34284,1.0000001e-07,51.077084,10.34284,7.0,,,,,,,
51.077084,10.282882,0.35551092,51.077084,10.282882,0.40999553,,,,,,,,,,,,,,,,,,,,,,,,,,,,,,,,,,,,,,,,,,,,,,,,,,,,,,,,,,,,,51.077084,10.282882,0.22941136,51.077084,10.282882,-0.021321706,,,,,,,,,,,,,,,,,51.077084,10.372819,-0.0033936766,51.077084,10.372819,-0.15080397,,,,,,,,,,,,,,,,,,,,,,,,,,,,,51.077084,10.372819,1.0000001e-07,51.077084,10.372819,7.0,,,,,,,
51.077084,10.3128605,0.35527292,51.077084,10.3128605,0.41558826,,,,,,,,,,,,,,,,,,,,,,,,,,,,,,,,,,,,,,,,,,,,,,,,,,,,,,,,,,,,,51.077084,10.3128605,0.158515,51.077084,10.3128605,0.7313837,,,,,,,,,,,,,,,,,51.077084,10.402799,0.056065805,51.077084,10.402799,0.012853408,,,,,,,,,,,,,,,,,,,,,,,,,,,,,51.077084,10.402799,1.0000001e-07,51.077084,10.402799,7.0,,,,,,,
51.077084,10.34284,0.3579652,51.077084,10.34284,0.41009963,,,,,,,,,,,,,,,,,,,,,,,,,,,,,,,,,,,,,,,,,,,,,,,,,,,,,,,,,,,,,51.077084,10.34284,0.60562134,51.077084,10.34284,0.004358179,,,,,,,,,,,,,,,,,51.077084,10.432777,-0.005344543,51.077084,10.432777,0.059973292,,,,,,,,,,,,,,,,,,,,,,,,,,,,,51.077084,10.432777,1.0000001e-07,51.077084,10.432777,7.0,,,,,,,
51.077084,10.372819,0.35400864,51.077084,10.372819,0.40440276,,,,,,,,,,,,,,,,,,,,,,,,,,,,,,,,,,,,,,,,,,,,,,,,,,,,,,,,,,,,,51.077084,10.372819,-0.00057606236,51.077084,10.372819,-0.7766769,,,,,,,,,,,,,,,,,51.077084,10.462757,-0.08682142,51.077084,10.462757,0.026512511,,,,,,,,,,,,,,,,,,,,,,,,,,,,,51.077084,10.462757,1.0000001e-07,51.077084,10.462757,7.0,,,,,,,
51.077084,10.402799,0.35637364,51.077084,10.402799,0.41084337,,,,,,,,,,,,,,,,,,,,,,,,,,,,,,,,,,,,,,,,,,,,,,,,,,,,,,,,,,,,,51.077084,10.402799,0.35819313,51.077084,10.402799,0.070839725,,,,,,,,,,,,,,,,,51.077084,10.492736,0.011744138,51.077084,10.492736,-0.16766378,,,,,,,,,,,,,,,,,,,,,,,,,,,,,51.077084,10.492736,1.0000001e-07,51.077084,10.492736,7.0,,,,,,,
51.077084,10.432777,0.35397884,51.077084,10.432777,0.4126729,,,,,,,,,,,,,,,,,,,,,,,,,,,,,,,,,,,,,,,,,,,,,,,,,,,,,,,,,,,,,51.077084,10.432777,-0.006739888,51.077084,10.432777,0.315899,,,,,,,,,,,,,,,,,51.077084,10.522716,-0.011740241,51.077084,10.522716,0.0067442837,,,,,,,,,,,,,,,,,,,,,,,,,,,,,51.077084,10.522716,1.0000001e-07,51.077084,10.522716,7.0,,,,,,,
51.077084,10.462757,0.35081065,51.077084,10.462757,0.41142344,,,,,,,,,,,,,,,,,,,,,,,,,,,,,,,,,,,,,,,,,,,,,,,,,,,,,,,,,,,,,51.077084,10.462757,-0.4682107,51.077084,10.462757,0.18342102,,,,,,,,,,,,,,,,,51.077084,10.552694,-0.061652884,51.077084,10.552694,0.035608783,,,,,,,,,,,,,,,,,,,,,,,,,,,,,51.077084,10.552694,1.0000001e-07,51.077084,10.552694,7.0,,,,,,,
51.077084,10.492736,0.35463336,51.077084,10.492736,0.40389708,,,,,,,,,,,,,,,,,,,,,,,,,,,,,,,,,,,,,,,,,,,,,,,,,,,,,,,,,,,,,51.077084,10.492736,0.11309668,51.077084,10.492736,-0.8285185,,,,,,,,,,,,,,,,,51.077084,10.582674,0.029025823,51.077084,10.582674,0.0046656826,,,,,,,,,,,,,,,,,,,,,,,,,,,,,51.077084,10.582674,1.0000001e-07,51.077084,10.582674,7.0,,,,,,,
51.077084,10.522716,0.35363677,51.077084,10.522716,0.41053104,,,,,,,,,,,,,,,,,,,,,,,,,,,,,,,,,,,,,,,,,,,,,,,,,,,,,,,,,,,,,51.077084,10.522716,-0.015015463,51.077084,10.522716,0.031019144,,,,,,,,,,,,,,,,,51.077084,10.612653,0.011312041,51.077084,10.612653,-0.029469378,,,,,,,,,,,,,,,,,,,,,,,,,,,,,51.077084,10.612653,1.0000001e-07,51.077084,10.612653,7.0,,,,,,,
51.077084,10.552694,0.3518221,51.077084,10.552694,0.4117061,,,,,,,,,,,,,,,,,,,,,,,,,,,,,,,,,,,,,,,,,,,,,,,,,,,,,,,,,,,,,51.077084,10.552694,-0.29767364,51.077084,10.552694,0.22536819,,,,,,,,,,,,,,,,,51.077084,10.6426325,0.13014792,51.077084,10.6426325,-0.026606545,,,,,,,,,,,,,,,,,,,,,,,,,,,,,51.077084,10.6426325,1.0000001e-07,51.077084,10.6426325,7.0,,,,,,,
51.077084,10.582674,0.35527295,51.077084,10.582674,0.41044176,,,,,,,,,,,,,,,,,,,,,,,,,,,,,,,,,,,,,,,,,,,,,,,,,,,,,,,,,,,,,51.077084,10.582674,0.20129316,51.077084,10.582674,0.033879705,,,,,,,,,,,,,,,,,51.077084,10.672611,0.010287749,51.077084,10.672611,0.020532094,,,,,,,,,,,,,,,,,,,,,,,,,,,,,51.077084,10.672611,1.0000001e-07,51.077084,10.672611,7.0,,,,,,,
51.077084,10.612653,0.35457385,51.077084,10.612653,0.40922207,,,,,,,,,,,,,,,,,,,,,,,,,,,,,,,,,,,,,,,,,,,,,,,,,,,,,,,,,,,,,51.077084,10.612653,0.06544755,51.077084,10.612653,-0.1360777,,,,,,,,,,,,,,,,,51.077084,10.702591,0.024478331,51.077084,10.702591,0.09744559,,,,,,,,,,,,,,,,,,,,,,,,,,,,,51.077084,10.702591,1.0000001e-07,51.077084,10.702591,7.0,,,,,,,
51.077084,10.6426325,0.35896176,51.077084,10.6426325,0.4093708,,,,,,,,,,,,,,,,,,,,,,,,,,,,,,,,,,,,,,,,,,,,,,,,,,,,,,,,,,,,,51.077084,10.6426325,0.7629973,51.077084,10.6426325,-0.09115896,,,,,,,,,,,,,,,,,51.077084,10.73257,-0.03134921,51.077084,10.73257,0.020375963,,,,,,,,,,,,,,,,,,,,,,,,,,,,,51.077084,10.73257,1.0000001e-07,51.077084,10.73257,7.0,,,,,,,
51.077084,10.672611,0.35461846,51.077084,10.672611,0.4111111,,,,,,,,,,,,,,,,,,,,,,,,,,,,,,,,,,,,,,,,,,,,,,,,,,,,,,,,,,,,,51.077084,10.672611,0.1425123,51.077084,10.672611,0.1240121,,,,,,,,,,,,,,,,,51.077084,10.762549,-0.06975906,51.077084,10.762549,0.047202036,,,,,,,,,,,,,,,,,,,,,,,,,,,,,51.077084,10.762549,1.0000001e-07,51.077084,10.762549,7.0,,,,,,,
51.077084,10.702591,0.35506472,51.077084,10.702591,0.41398188,,,,,,,,,,,,,,,,,,,,,,,,,,,,,,,,,,,,,,,,,,,,,,,,,,,,,,,,,,,,,51.077084,10.702591,0.16062734,51.077084,10.702591,0.49492925,,,,,,,,,,,,,,,,,51.077084,10.792528,-0.0047702254,51.077084,10.792528,0.0071678525,,,,,,,,,,,,,,,,,,,,,,,,,,,,,51.077084,10.792528,1.0000001e-07,51.077084,10.792528,7.0,,,,,,,
51.077084,10.73257,0.35290793,51.077084,10.73257,0.41105163,,,,,,,,,,,,,,,,,,,,,,,,,,,,,,,,,,,,,,,,,,,,,,,,,,,,,,,,,,,,,51.077084,10.73257,-0.16355088,51.077084,10.73257,0.12249748,,,,,,,,,,,,,,,,,51.077084,10.822508,0.060399935,51.077084,10.822508,0.019577716,,,,,,,,,,,,,,,,,,,,,,,,,,,,,51.077084,10.822508,1.0000001e-07,51.077084,10.822508,7.0,,,,,,,
51.077084,10.762549,0.35143536,51.077084,10.762549,0.41206306,,,,,,,,,,,,,,,,,,,,,,,,,,,,,,,,,,,,,,,,,,,,,,,,,,,,,,,,,,,,,51.077084,10.762549,-0.3600748,51.077084,10.762549,0.23823892,,,,,,,,,,,,,,,,,51.077084,10.852488,-0.018483661,51.077084,10.852488,0.10999857,,,,,,,,,,,,,,,,,,,,,,,,,,,,,51.077084,10.852488,1.0000001e-07,51.077084,10.852488,7.0,,,,,,,
51.077084,10.792528,0.353845,51.077084,10.792528,0.41054595,,,,,,,,,,,,,,,,,,,,,,,,,,,,,,,,,,,,,,,,,,,,,,,,,,,,,,,,,,,,,51.077084,10.792528,-0.00063609664,51.077084,10.792528,0.034819935,,,,,,,,,,,,,,,,,51.077084,10.882466,-0.019955419,51.077084,10.882466,0.081663445,,,,,,,,,,,,,,,,,,,,,,,,,,,,,51.077084,10.882466,1.0000001e-07,51.077084,10.882466,7.0,,,,,,,
51.077084,10.822508,0.35638854,51.077084,10.822508,0.41094747,,,,,,,,,,,,,,,,,,,,,,,,,,,,,,,,,,,,,,,,,,,,,,,,,,,,,,,,,,,,,51.077084,10.822508,0.39442182,51.077084,10.822508,0.11295194,,,,,,,,,,,,,,,,,51.077084,10.912446,0.019956969,51.077084,10.912446,0.019141778,,,,,,,,,,,,,,,,,,,,,,,,,,,,,51.077084,10.912446,1.0000001e-07,51.077084,10.912446,7.0,,,,,,,
51.077084,10.852487,0.35347313,51.077084,10.852487,0.41423473,,,,,,,,,,,,,,,,,,,,,,,,,,,,,,,,,,,,,,,,,,,,,,,,,,,,,,,,,,,,,51.077084,10.852487,-0.028358804,51.077084,10.852487,0.5223173,,,,,,,,,,,,,,,,,51.077084,10.942425,-0.027355924,51.077084,10.942425,0.021134928,,,,,,,,,,,,,,,,,,,,,,,,,,,,,51.077084,10.942425,1.0000001e-07,51.077084,10.942425,7.0,,,,,,,
51.077084,10.882466,0.3534285,51.077084,10.882466,0.41322327,,,,,,,,,,,,,,,,,,,,,,,,,,,,,,,,,,,,,,,,,,,,,,,,,,,,,,,,,,,,,51.077084,10.882466,-0.052874062,51.077084,10.882466,0.41567358,,,,,,,,,,,,,,,,,51.077084,10.9724045,0.080851525,51.077084,10.9724045,0.051195636,,,,,,,,,,,,,,,,,,,,,,,,,,,,,51.077084,10.9724045,1.0000001e-07,51.077084,10.9724045,7.0,,,,,,,
51.077084,10.912445,0.35487133,51.077084,10.912445,0.41100702,,,,,,,,,,,,,,,,,,,,,,,,,,,,,,,,,,,,,,,,,,,,,,,,,,,,,,,,,,,,,51.077084,10.912445,0.09425624,51.077084,10.912445,0.129228,,,,,,,,,,,,,,,,,51.077084,11.002383,-0.007146419,51.077084,11.002383,-0.048672274,,,,,,,,,,,,,,,,,,,,,,,,,,,,,51.077084,11.002383,1.0000001e-07,51.077084,11.002383,7.0,,,,,,,
51.077084,10.942425,0.3531757,51.077084,10.942425,0.4110516,,,,,,,,,,,,,,,,,,,,,,,,,,,,,,,,,,,,,,,,,,,,,,,,,,,,,,,,,,,,,51.077084,10.942425,-0.14905812,51.077084,10.942425,0.10803817,,,,,,,,,,,,,,,,,51.077084,11.032363,-0.005030617,51.077084,11.032363,0.12143016,,,,,,,,,,,,,,,,,,,,,,,,,,,,,51.077084,11.032363,1.0000001e-07,51.077084,11.032363,7.0,,,,,,,
51.077084,10.972404,0.35690913,51.077084,10.972404,0.4121672,,,,,,,,,,,,,,,,,,,,,,,,,,,,,,,,,,,,,,,,,,,,,,,,,,,,,,,,,,,,,51.077084,10.972404,0.4425897,51.077084,10.972404,0.28153908,,,,,,,,,,,,,,,,,51.077084,11.062342,-0.04325064,51.077084,11.062342,-0.021148946,,,,,,,,,,,,,,,,,,,,,,,,,,,,,51.077084,11.062342,1.0000001e-07,51.077084,11.062342,7.0,,,,,,,
51.077084,11.002383,0.3538896,51.077084,11.002383,0.40861222,,,,,,,,,,,,,,,,,,,,,,,,,,,,,,,,,,,,,,,,,,,,,,,,,,,,,,,,,,,,,51.077084,11.002383,-0.003250483,51.077084,11.002383,-0.20611884,,,,,,,,,,,,,,,,,51.077084,11.092321,-0.05730547,51.077084,11.092321,-0.030181043,,,,,,,,,,,,,,,,,,,,,,,,,,,,,51.077084,11.092321,1.0000001e-07,51.077084,11.092321,7.0,,,,,,,
51.077084,11.032362,0.35402352,51.077084,11.032362,0.41445783,,,,,,,,,,,,,,,,,,,,,,,,,,,,,,,,,,,,,,,,,,,,,,,,,,,,,,,,,,,,,51.077084,11.032362,0.019841006,51.077084,11.032362,0.57724917,,,,,,,,,,,,,,,,,51.077084,11.1223,0.06511268,51.077084,11.1223,-0.09022238,,,,,,,,,,,,,,,,,,,,,,,,,,,,,51.077084,11.1223,1.0000001e-07,51.077084,11.1223,7.0,,,,,,,
51.077084,11.062342,0.3526848,51.077084,11.062342,0.40962368,,,,,,,,,,,,,,,,,,,,,,,,,,,,,,,,,,,,,,,,,,,,,,,,,,,,,,,,,,,,,51.077084,11.062342,-0.1936746,51.077084,11.062342,-0.09151391,,,,,,,,,,,,,,,,,51.077084,11.15228,0.03891523,51.077084,11.15228,-0.17195258,,,,,,,,,,,,,,,,,,,,,,,,,,,,,51.077084,11.15228,1.0000001e-07,51.077084,11.15228,7.0,,,,,,,
51.077084,11.092321,0.3522981,51.077084,11.092321,0.40929642,,,,,,,,,,,,,,,,,,,,,,,,,,,,,,,,,,,,,,,,,,,,,,,,,,,,,,,,,,,,,51.077084,11.092321,-0.2268529,51.077084,11.092321,-0.119665585,,,,,,,,,,,,,,,,,51.077084,11.182259,0.056027405,51.077084,11.182259,-0.012941269,,,,,,,,,,,,,,,,,,,,,,,,,,,,,51.077084,11.182259,1.0000001e-07,51.077084,11.182259,7.0,,,,,,,
51.077084,11.1223,0.35646287,51.077084,11.1223,0.4071248,,,,,,,,,,,,,,,,,,,,,,,,,,,,,,,,,,,,,,,,,,,,,,,,,,,,,,,,,,,,,51.077084,11.1223,0.37424412,51.077084,11.1223,-0.40405914,,,,,,,,,,,,,,,,,51.077084,11.212238,0.033618834,51.077084,11.212238,0.025851969,,,,,,,,,,,,,,,,,,,,,,,,,,,,,51.077084,11.212238,1.0000001e-07,51.077084,11.212238,7.0,,,,,,,
51.077084,11.15228,0.35549608,51.077084,11.15228,0.40450692,,,,,,,,,,,,,,,,,,,,,,,,,,,,,,,,,,,,,,,,,,,,,,,,,,,,,,,,,,,,,51.077084,11.15228,0.2356178,51.077084,11.15228,-0.76663065,,,,,,,,,,,,,,,,,51.077084,11.242217,-0.04767271,51.077084,11.242217,-0.056078408,,,,,,,,,,,,,,,,,,,,,,,,,,,,,51.077084,11.242217,1.0000001e-07,51.077084,11.242217,7.0,,,,,,,
51.077084,11.182259,0.35610592,51.077084,11.182259,0.4098319,,,,,,,,,,,,,,,,,,,,,,,,,,,,,,,,,,,,,,,,,,,,,,,,,,,,,,,,,,,,,51.077084,11.182259,0.35466787,51.077084,11.182259,-0.045494363,,,,,,,,,,,,,,,,,51.077084,11.272197,-0.06730247,51.077084,11.272197,-0.14073093,,,,,,,,,,,,,,,,,,,,,,,,,,,,,51.077084,11.272197,1.0000001e-07,51.077084,11.272197,7.0,,,,,,,
51.077084,11.212238,0.3552432,51.077084,11.212238,0.41118547,,,,,,,,,,,,,,,,,,,,,,,,,,,,,,,,,,,,,,,,,,,,,,,,,,,,,,,,,,,,,51.077084,11.212238,0.18714589,51.077084,11.212238,0.13943884,,,,,,,,,,,,,,,,,51.077084,11.3021755,0.043358266,51.077084,11.3021755,0.048781794,,,,,,,,,,,,,,,,,,,,,,,,,,,,,51.077084,11.3021755,1.0000001e-07,51.077084,11.3021755,7.0,,,,,,,
51.077084,11.242217,0.35247657,51.077084,11.242217,0.4085676,,,,,,,,,,,,,,,,,,,,,,,,,,,,,,,,,,,,,,,,,,,,,,,,,,,,,,,,,,,,,51.077084,11.242217,-0.23771647,51.077084,11.242217,-0.22850603,,,,,,,,,,,,,,,,,51.077084,11.332155,-0.051771678,51.077084,11.332155,-0.11101057,,,,,,,,,,,,,,,,,,,,,,,,,,,,,51.077084,11.332155,1.0000001e-07,51.077084,11.332155,7.0,,,,,,,
51.077084,11.272197,0.35185182,51.077084,11.272197,0.40565225,,,,,,,,,,,,,,,,,,,,,,,,,,,,,,,,,,,,,,,,,,,,,,,,,,,,,,,,,,,,,51.077084,11.272197,-0.29259938,51.077084,11.272197,-0.61448777,,,,,,,,,,,,,,,,,51.077084,11.362134,-0.1415658,51.077084,11.362134,0.07943234,,,,,,,,,,,,,,,,,,,,,,,,,,,,,51.077084,11.362134,1.0000001e-07,51.077084,11.362134,7.0,,,,,,,
51.077084,11.3021755,0.3555853,51.077084,11.3021755,0.41194406,,,,,,,,,,,,,,,,,,,,,,,,,,,,,,,,,,,,,,,,,,,,,,,,,,,,,,,,,,,,,51.077084,11.3021755,0.22984976,51.077084,11.3021755,0.25759974,,,,,,,,,,,,,,,,,51.077084,11.392114,0.04163334,51.077084,11.392114,0.15768689,,,,,,,,,,,,,,,,,,,,,,,,,,,,,51.077084,11.392114,1.0000001e-07,51.077084,11.392114,7.0,,,,,,,
51.077084,11.332155,0.3523576,51.077084,11.332155,0.40663397,,,,,,,,,,,,,,,,,,,,,,,,,,,,,,,,,,,,,,,,,,,,,,,,,,,,,,,,,,,,,51.077084,11.332155,-0.21996213,51.077084,11.332155,-0.46249166,,,,,,,,,,,,,,,,,51.077084,11.422092,-0.014608247,51.077084,11.422092,-0.00070717867,,,,,,,,,,,,,,,,,,,,,,,,,,,,,51.077084,11.422092,1.0000001e-07,51.077084,11.422092,7.0,,,,,,,
51.077084,11.362134,0.34953147,51.077084,11.362134,0.41288117,,,,,,,,,,,,,,,,,,,,,,,,,,,,,,,,,,,,,,,,,,,,,,,,,,,,,,,,,,,,,51.077084,11.362134,-0.6387498,51.077084,11.362134,0.37910825,,,,,,,,,,,,,,,,,51.077084,11.452072,0.01613061,51.077084,11.452072,-0.10704532,,,,,,,,,,,,,,,,,,,,,,,,,,,,,51.077084,11.452072,1.0000001e-07,51.077084,11.452072,7.0,,,,,,,
51.077084,11.392114,0.35549605,51.077084,11.392114,0.41548416,,,,,,,,,,,,,,,,,,,,,,,,,,,,,,,,,,,,,,,,,,,,,,,,,,,,,,,,,,,,,51.077084,11.392114,0.2314025,51.077084,11.392114,0.6936162,,,,,,,,,,,,,,,,,51.077084,11.482051,0.1486212,51.077084,11.482051,-0.12925357,,,,,,,,,,,,,,,,,,,,,,,,,,,,,51.077084,11.482051,1.0000001e-07,51.077084,11.482051,7.0,,,,,,,
51.077084,11.422092,0.35348803,51.077084,11.422092,0.41035253,,,,,,,,,,,,,,,,,,,,,,,,,,,,,,,,,,,,,,,,,,,,,,,,,,,,,,,,,,,,,51.077084,11.422092,-0.053458434,51.077084,11.422092,0.02257847,,,,,,,,,,,,,,,,,51.077084,11.512031,-0.071326844,51.077084,11.512031,0.10119304,,,,,,,,,,,,,,,,,,,,,,,,,,,,,51.077084,11.512031,1.0000001e-07,51.077084,11.512031,7.0,,,,,,,
51.077084,11.452072,0.35470772,51.077084,11.452072,0.4068719,,,,,,,,,,,,,,,,,,,,,,,,,,,,,,,,,,,,,,,,,,,,,,,,,,,,,,,,,,,,,51.077084,11.452072,0.096636556,51.077084,11.452072,-0.4748017,,,,,,,,,,,,,,,,,51.077084,11.542009,0.018020255,51.077084,11.542009,-0.025732327,,,,,,,,,,,,,,,,,,,,,,,,,,,,,51.077084,11.542009,1.0000001e-07,51.077084,11.542009,7.0,,,,,,,
51.077084,11.482051,0.3589618,51.077084,11.482051,0.40614307,,,,,,,,,,,,,,,,,,,,,,,,,,,,,,,,,,,,,,,,,,,,,,,,,,,,,,,,,,,,,51.077084,11.482051,0.75945115,51.077084,11.482051,-0.5330476,,,,,,,,,,,,,,,,,51.077084,11.571989,0.101985626,51.077084,11.571989,-0.05844719,,,,,,,,,,,,,,,,,,,,,,,,,,,,,51.077084,11.571989,1.0000001e-07,51.077084,11.571989,7.0,,,,,,,
51.077084,11.512031,0.35195598,51.077084,11.512031,0.41356534,,,,,,,,,,,,,,,,,,,,,,,,,,,,,,,,,,,,,,,,,,,,,,,,,,,,,,,,,,,,,51.077084,11.512031,-0.29374236,51.077084,11.512031,0.45522743,,,,,,,,,,,,,,,,,51.077084,11.601968,-0.06877007,51.077084,11.601968,-0.06888586,,,,,,,,,,,,,,,,,,,,,,,,,,,,,51.077084,11.601968,1.0000001e-07,51.077084,11.601968,7.0,,,,,,,
51.077084,11.542009,0.35457385,51.077084,11.542009,0.40962368,,,,,,,,,,,,,,,,,,,,,,,,,,,,,,,,,,,,,,,,,,,,,,,,,,,,,,,,,,,,,51.077084,11.542009,0.083131984,51.077084,11.542009,-0.096248366,,,,,,,,,,,,,,,,,51.077084,11.6319475,0.010071048,51.077084,11.6319475,0.087072864,,,,,,,,,,,,,,,,,,,,,,,,,,,,,51.077084,11.6319475,1.0000001e-07,51.077084,11.6319475,7.0,,,,,,,
51.077084,11.571989,0.35737023,51.077084,11.571989,0.40835938,,,,,,,,,,,,,,,,,,,,,,,,,,,,,,,,,,,,,,,,,,,,,,,,,,,,,,,,,,,,,51.077084,11.571989,0.5220464,51.077084,11.571989,-0.26808476,,,,,,,,,,,,,,,,,51.077084,11.661927,0.07257238,51.077084,11.661927,0.007163038,,,,,,,,,,,,,,,,,,,,,,,,,,,,,51.077084,11.661927,1.0000001e-07,51.077084,11.661927,7.0,,,,,,,
51.077084,11.601968,0.3520452,51.077084,11.601968,0.40816602,,,,,,,,,,,,,,,,,,,,,,,,,,,,,,,,,,,,,,,,,,,,,,,,,,,,,,,,,,,,,51.077084,11.601968,-0.29329833,51.077084,11.601968,-0.24108155,,,,,,,,,,,,,,,,,51.077084,11.691906,0.006324041,51.077084,11.691906,0.005196358,,,,,,,,,,,,,,,,,,,,,,,,,,,,,51.077084,11.691906,1.0000001e-07,51.077084,11.691906,7.0,,,,,,,
51.077084,11.6319475,0.35452923,51.077084,11.6319475,0.41310427,,,,,,,,,,,,,,,,,,,,,,,,,,,,,,,,,,,,,,,,,,,,,,,,,,,,,,,,,,,,,51.077084,11.6319475,0.0876645,51.077084,11.6319475,0.38208124,,,,,,,,,,,,,,,,,51.077084,11.721886,0.071281165,51.077084,11.721886,0.058618084,,,,,,,,,,,,,,,,,,,,,,,,,,,,,51.077084,11.721886,1.0000001e-07,51.077084,11.721886,7.0,,,,,,,
51.077084,11.661926,0.35640338,51.077084,11.661926,0.4104715,,,,,,,,,,,,,,,,,,,,,,,,,,,,,,,,,,,,,,,,,,,,,,,,,,,,,,,,,,,,,51.077084,11.661926,0.31060016,51.077084,11.661926,0.0124617815,,,,,,,,,,,,,,,,,51.077084,11.751864,0.096727625,51.077084,11.751864,-0.04870644,,,,,,,,,,,,,,,,,,,,,,,,,,,,,51.077084,11.751864,1.0000001e-07,51.077084,11.751864,7.0,,,,,,,
51.077084,11.691906,0.35432094,51.077084,11.691906,0.41051614,,,,,,,,,,,,,,,,,,,,,,,,,,,,,,,,,,,,,,,,,,,,,,,,,,,,,,,,,,,,,51.077084,11.691906,0.06695233,51.077084,11.691906,0.024627246,,,,,,,,,,,,,,,,,51.077084,11.781844,-0.0068623307,51.077084,11.781844,-0.0032003007,,,,,,,,,,,,,,,,,,,,,,,,,,,,,51.077084,11.781844,1.0000001e-07,51.077084,11.781844,7.0,,,,,,,
51.077084,11.721885,0.35629928,51.077084,11.721885,0.4120333,,,,,,,,,,,,,,,,,,,,,,,,,,,,,,,,,,,,,,,,,,,,,,,,,,,,,,,,,,,,,51.077084,11.721885,0.36125913,51.077084,11.721885,0.23493913,,,,,,,,,,,,,,,,,51.077084,11.811823,-0.061880376,51.077084,11.811823,0.0013343774,,,,,,,,,,,,,,,,,,,,,,,,,,,,,51.077084,11.811823,1.0000001e-07,51.077084,11.811823,7.0,,,,,,,
51.077084,11.751864,0.35707274,51.077084,11.751864,0.40882048,,,,,,,,,,,,,,,,,,,,,,,,,,,,,,,,,,,,,,,,,,,,,,,,,,,,,,,,,,,,,51.077084,11.751864,0.4695818,51.077084,11.751864,-0.16385025,,,,,,,,,,,,,,,,,51.077084,11.841803,-0.09460147,51.077084,11.841803,-0.1567333,,,,,,,,,,,,,,,,,,,,,,,,,,,,,51.077084,11.841803,1.0000001e-07,51.077084,11.841803,7.0,,,,,,,
51.077084,11.781843,0.353845,51.077084,11.781843,0.4101889,,,,,,,,,,,,,,,,,,,,,,,,,,,,,,,,,,,,,,,,,,,,,,,,,,,,,,,,,,,,,51.077084,11.781843,0.0020999312,51.077084,11.781843,0.013917749,,,,,,,,,,,,,,,,,51.077084,11.871781,-0.077263154,51.077084,11.871781,0.016075104,,,,,,,,,,,,,,,,,,,,,,,,,,,,,51.077084,11.871781,1.0000001e-07,51.077084,11.871781,7.0,,,,,,,
51.077084,11.811823,0.3522386,51.077084,11.811823,0.41026327,,,,,,,,,,,,,,,,,,,,,,,,,,,,,,,,,,,,,,,,,,,,,,,,,,,,,,,,,,,,,51.077084,11.811823,-0.266461,51.077084,11.811823,0.011158632,,,,,,,,,,,,,,,,,51.077084,11.901761,-0.120651156,51.077084,11.901761,0.023756716,,,,,,,,,,,,,,,,,,,,,,,,,,,,,51.077084,11.901761,1.0000001e-07,51.077084,11.901761,7.0,,,,,,,
51.077084,11.841802,0.35115275,51.077084,11.841802,0.40566716,,,,,,,,,,,,,,,,,,,,,,,,,,,,,,,,,,,,,,,,,,,,,,,,,,,,,,,,,,,,,51.077084,11.841802,-0.42263758,51.077084,11.841802,-0.60490024,,,,,,,,,,,,,,,,,51.077084,11.93174,0.010938825,51.077084,11.93174,-0.018372132,,,,,,,,,,,,,,,,,,,,,,,,,,,,,51.077084,11.93174,1.0000001e-07,51.077084,11.93174,7.0,,,,,,,
51.077084,11.871781,0.35186672,51.077084,11.871781,0.41073927,,,,,,,,,,,,,,,,,,,,,,,,,,,,,,,,,,,,,,,,,,,,,,,,,,,,,,,,,,,,,51.077084,11.871781,-0.31436133,51.077084,11.871781,0.08903175,,,,,,,,,,,,,,,,,51.077084,11.9617195,-0.0066909348,51.077084,11.9617195,0.15547541,,,,,,,,,,,,,,,,,,,,,,,,,,,,,51.077084,11.9617195,1.0000001e-07,51.077084,11.9617195,7.0,,,,,,,
51.077084,11.90176,0.35045367,51.077084,11.90176,0.41099212,,,,,,,,,,,,,,,,,,,,,,,,,,,,,,,,,,,,,,,,,,,,,,,,,,,,,,,,,,,,,51.077084,11.90176,-0.52171725,51.077084,11.90176,0.115157634,,,,,,,,,,,,,,,,,51.077084,11.991698,0.029521264,51.077084,11.991698,0.120680094,,,,,,,,,,,,,,,,,,,,,,,,,,,,,51.077084,11.991698,1.0000001e-07,51.077084,11.991698,7.0,,,,,,,
51.077084,11.93174,0.35445487,51.077084,11.93174,0.4098468,,,,,,,,,,,,,,,,,,,,,,,,,,,,,,,,,,,,,,,,,,,,,,,,,,,,,,,,,,,,,51.077084,11.93174,0.09384685,51.077084,11.93174,-0.038337424,,,,,,,,,,,,,,,,,51.077084,12.021678,-0.0131189795,51.077084,12.021678,-0.050499476,,,,,,,,,,,,,,,,,,,,,,,,,,,,,51.077084,12.021678,1.0000001e-07,51.077084,12.021678,7.0,,,,,,,
51.077084,11.9617195,0.35383013,51.077084,11.9617195,0.41502306,,,,,,,,,,,,,,,,,,,,,,,,,,,,,,,,,,,,,,,,,,,,,,,,,,,,,,,,,,,,,51.077084,11.9617195,-0.032204,51.077084,11.9617195,0.6336072,,,,,,,,,,,,,,,,,51.077084,12.051657,-0.13310283,51.077084,12.051657,-0.18164743,,,,,,,,,,,,,,,,,,,,,,,,,,,,,51.077084,12.051657,1.0000001e-07,51.077084,12.051657,7.0,,,,,,,
51.077084,11.991698,0.3549903,51.077084,11.991698,0.41390747,,,,,,,,,,,,,,,,,,,,,,,,,,,,,,,,,,,,,,,,,,,,,,,,,,,,,,,,,,,,,51.077084,11.991698,0.118654676,51.077084,11.991698,0.4989525,,,,,,,,,,,,,,,,,51.077084,12.081636,0.00080883625,51.077084,12.081636,-0.0074477694,,,,,,,,,,,,,,,,,,,,,,,,,,,,,51.077084,12.081636,1.0000001e-07,51.077084,12.081636,7.0,,,,,,,
51.077084,12.021678,0.35380042,51.077084,12.021678,0.40876096,,,,,,,,,,,,,,,,,,,,,,,,,,,,,,,,,,,,,,,,,,,,,,,,,,,,,,,,,,,,,51.077084,12.021678,0.026086655,51.077084,12.021678,-0.18088439,,,,,,,,,,,,,,,,,51.077084,12.111615,0.08297457,51.077084,12.111615,0.05951918,,,,,,,,,,,,,,,,,,,,,,,,,,,,,51.077084,12.111615,1.0000001e-07,51.077084,12.111615,7.0,,,,,,,
51.077084,12.051657,0.3502157,51.077084,12.051657,0.4050424,,,,,,,,,,,,,,,,,,,,,,,,,,,,,,,,,,,,,,,,,,,,,,,,,,,,,,,,,,,,,51.077084,12.051657,-0.5390009,51.077084,12.051657,-0.6923871,,,,,,,,,,,,,,,,,51.077084,12.141595,-0.073295355,51.077084,12.141595,0.07306969,,,,,,,,,,,,,,,,,,,,,,,,,,,,,51.077084,12.141595,1.0000001e-07,51.077084,12.141595,7.0,,,,,,,
51.077084,12.081636,0.35417223,51.077084,12.081636,0.41004014,,,,,,,,,,,,,,,,,,,,,,,,,,,,,,,,,,,,,,,,,,,,,,,,,,,,,,,,,,,,,51.077084,12.081636,0.010126458,51.077084,12.081636,-0.01853945,,,,,,,,,,,,,,,,,51.077084,12.171574,-0.027333507,51.077084,12.171574,0.14591233,,,,,,,,,,,,,,,,,,,,,,,,,,,,,51.077084,12.171574,1.0000001e-07,51.077084,12.171574,7.0,,,,,,,
51.077084,12.111615,0.356448,51.077084,12.111615,0.4120036,,,,,,,,,,,,,,,,,,,,,,,,,,,,,,,,,,,,,,,,,,,,,,,,,,,,,,,,,,,,,51.077084,12.111615,0.36647975,51.077084,12.111615,0.24675767,,,,,,,,,,,,,,,,,51.077084,12.201553,0.02918353,51.077084,12.201553,0.090813175,,,,,,,,,,,,,,,,,,,,,,,,,,,,,51.077084,12.201553,1.0000001e-07,51.077084,12.201553,7.0,,,,,,,
51.077084,12.141595,0.3519411,51.077084,12.141595,0.41243494,,,,,,,,,,,,,,,,,,,,,,,,,,,,,,,,,,,,,,,,,,,,,,,,,,,,,,,,,,,,,51.077084,12.141595,-0.2731734,51.077084,12.141595,0.31660646,,,,,,,,,,,,,,,,,51.077084,12.231532,0.04707849,51.077084,12.231532,-0.037301496,,,,,,,,,,,,,,,,,,,,,,,,,,,,,51.077084,12.231532,1.0000001e-07,51.077084,12.231532,7.0,,,,,,,
51.077084,12.171574,0.3533244,51.077084,12.171574,0.4144727,,,,,,,,,,,,,,,,,,,,,,,,,,,,,,,,,,,,,,,,,,,,,,,,,,,,,,,,,,,,,51.077084,12.171574,-0.045397963,51.077084,12.171574,0.5907511,,,,,,,,,,,,,,,,,51.077084,12.261512,0.120066606,51.077084,12.261512,-0.03959406,,,,,,,,,,,,,,,,,,,,,,,,,,,,,51.077084,12.261512,1.0000001e-07,51.077084,12.261512,7.0,,,,,,,
51.077084,12.201553,0.3550052,51.077084,12.201553,0.41291088,,,,,,,,,,,,,,,,,,,,,,,,,,,,,,,,,,,,,,,,,,,,,,,,,,,,,,,,,,,,,51.077084,12.201553,0.1513273,51.077084,12.201553,0.37898314,,,,,,,,,,,,,,,,,51.077084,12.291491,0.0038018625,51.077084,12.291491,0.08560897,,,,,,,,,,,,,,,,,,,,,,,,,,,,,51.077084,12.291491,1.0000001e-07,51.077084,12.291491,7.0,,,,,,,
51.077084,12.231532,0.35549608,51.077084,12.231532,0.40922207,,,,,,,,,,,,,,,,,,,,,,,,,,,,,,,,,,,,,,,,,,,,,,,,,,,,,,,,,,,,,51.077084,12.231532,0.2535207,51.077084,12.231532,-0.11486574,,,,,,,,,,,,,,,,,51.077084,12.32147,0.018945247,51.077084,12.32147,0.022239126,,,,,,,,,,,,,,,,,,,,,,,,,,,,,51.077084,12.32147,1.0000001e-07,51.077084,12.32147,7.0,,,,,,,
51.077084,12.261512,0.35748923,51.077084,12.261512,0.40911794,,,,,,,,,,,,,,,,,,,,,,,,,,,,,,,,,,,,,,,,,,,,,,,,,,,,,,,,,,,,,51.077084,12.261512,0.52836347,51.077084,12.261512,-0.14546774,,,,,,,,,,,,,,,,,51.077084,12.351449,-0.0059730727,51.077084,12.351449,0.1537085,,,,,,,,,,,,,,,,,,,,,,,,,,,,,51.077084,12.351449,1.0000001e-07,51.077084,12.351449,7.0,,,,,,,
51.077084,12.291491,0.3543061,51.077084,12.291491,0.41270268,,,,,,,,,,,,,,,,,,,,,,,,,,,,,,,,,,,,,,,,,,,,,,,,,,,,,,,,,,,,,51.077084,12.291491,0.08005765,51.077084,12.291491,0.31754205,,,,,,,,,,,,,,,,,51.077084,12.381429,-0.028795762,51.077084,12.381429,0.035321772,,,,,,,,,,,,,,,,,,,,,,,,,,,,,51.077084,12.381429,1.0000001e-07,51.077084,12.381429,7.0,,,,,,,
51.077084,12.32147,0.3547375,51.077084,12.32147,0.4109326,,,,,,,,,,,,,,,,,,,,,,,,,,,,,,,,,,,,,,,,,,,,,,,,,,,,,,,,,,,,,51.077084,12.32147,0.132276,51.077084,12.32147,0.119725704,,,,,,,,,,,,,,,,,51.077084,12.411407,0.012595479,51.077084,12.411407,0.014421986,,,,,,,,,,,,,,,,,,,,,,,,,,,,,51.077084,12.411407,1.0000001e-07,51.077084,12.411407,7.0,,,,,,,
51.077084,12.351449,0.35393423,51.077084,12.351449,0.41453218,,,,,,,,,,,,,,,,,,,,,,,,,,,,,,,,,,,,,,,,,,,,,,,,,,,,,,,,,,,,,51.077084,12.351449,0.0071504414,51.077084,12.351449,0.57237923,,,,,,,,,,,,,,,,,51.077084,12.441387,0.0038695368,51.077084,12.441387,-0.0032553237,,,,,,,,,,,,,,,,,,,,,,,,,,,,,51.077084,12.441387,1.0000001e-07,51.077084,12.441387,7.0,,,,,,,
51.077084,12.381429,0.35322028,51.077084,12.381429,0.41128957,,,,,,,,,,,,,,,,,,,,,,,,,,,,,,,,,,,,,,,,,,,,,,,,,,,,,,,,,,,,,51.077084,12.381429,-0.12233567,51.077084,12.381429,0.13040641,,,,,,,,,,,,,,,,,51.077084,12.471366,0.05573678,51.077084,12.471366,0.0071109757,,,,,,,,,,,,,,,,,,,,,,,,,,,,,51.077084,12.471366,1.0000001e-07,51.077084,12.471366,7.0,,,,,,,
51.077084,12.411407,0.3543954,51.077084,12.411407,0.41073924,,,,,,,,,,,,,,,,,,,,,,,,,,,,,,,,,,,,,,,,,,,,,,,,,,,,,,,,,,,,,51.077084,12.411407,0.05927411,51.077084,12.411407,0.065865815,,,,,,,,,,,,,,,,,51.077084,12.501346,0.11358178,51.077084,12.501346,-0.03739927,,,,,,,,,,,,,,,,,,,,,,,,,,,,,51.077084,12.501346,1.0000001e-07,51.077084,12.501346,7.0,,,,,,,
51.077084,12.441387,0.35423172,51.077084,12.441387,0.41021863,,,,,,,,,,,,,,,,,,,,,,,,,,,,,,,,,,,,,,,,,,,,,,,,,,,,,,,,,,,,,51.077084,12.441387,0.044446748,51.077084,12.441387,-0.01209014,,,,,,,,,,,,,,,,,51.077084,12.531325,0.0328525,51.077084,12.531325,0.074270606,,,,,,,,,,,,,,,,,,,,,,,,,,,,,51.077084,12.531325,1.0000001e-07,51.077084,12.531325,7.0,,,,,,,
51.077084,12.471366,0.3557192,51.077084,12.471366,0.41044176,,,,,,,,,,,,,,,,,,,,,,,,,,,,,,,,,,,,,,,,,,,,,,,,,,,,,,,,,,,,,51.077084,12.471366,0.25382757,51.077084,12.471366,0.03614958,,,,,,,,,,,,,,,,,51.077084,12.561304,0.008054597,51.077084,12.561304,0.047177322,,,,,,,,,,,,,,,,,,,,,,,,,,,,,51.077084,12.561304,1.0000001e-07,51.077084,12.561304,7.0,,,,,,,
51.077084,12.501346,0.35717684,51.077084,12.501346,0.40917745,,,,,,,,,,,,,,,,,,,,,,,,,,,,,,,,,,,,,,,,,,,,,,,,,,,,,,,,,,,,,51.077084,12.501346,0.4808623,51.077084,12.501346,-0.13343589,,,,,,,,,,,,,,,,,51.077084,12.591284,0.041633375,51.077084,12.591284,-0.057035048,,,,,,,,,,,,,,,,,,,,,,,,,,,,,51.077084,12.591284,1.0000001e-07,51.077084,12.591284,7.0,,,,,,,
51.077084,12.531324,0.35496056,51.077084,12.531324,0.41225645,,,,,,,,,,,,,,,,,,,,,,,,,,,,,,,,,,,,,,,,,,,,,,,,,,,,,,,,,,,,,51.077084,12.531324,0.11716911,51.077084,12.531324,0.28032207,,,,,,,,,,,,,,,,,51.077084,12.621263,0.010542178,51.077084,12.621263,0.111044325,,,,,,,,,,,,,,,,,,,,,,,,,,,,,51.077084,12.621263,1.0000001e-07,51.077084,12.621263,7.0,,,,,,,
51.077084,12.561304,0.35429123,51.077084,12.561304,0.4114532,,,,,,,,,,,,,,,,,,,,,,,,,,,,,,,,,,,,,,,,,,,,,,,,,,,,,,,,,,,,,51.077084,12.561304,0.04481528,51.077084,12.561304,0.17173064,,,,,,,,,,,,,,,,,51.077084,12.651242,-0.067617446,51.077084,12.651242,-0.1392012,,,,,,,,,,,,,,,,,,,,,,,,,,,,,51.077084,12.651242,1.0000001e-07,51.077084,12.651242,7.0,,,,,,,
51.077084,12.591283,0.35521346,51.077084,12.591283,0.40871635,,,,,,,,,,,,,,,,,,,,,,,,,,,,,,,,,,,,,,,,,,,,,,,,,,,,,,,,,,,,,51.077084,12.591283,0.18526882,51.077084,12.591283,-0.21222669,,,,,,,,,,,,,,,,,51.077084,12.681221,0.10885333,51.077084,12.681221,0.12725936,,,,,,,,,,,,,,,,,,,,,,,,,,,,,51.077084,12.681221,1.0000001e-07,51.077084,12.681221,7.0,,,,,,,
51.077084,12.621263,0.35427636,51.077084,12.621263,0.41328275,,,,,,,,,,,,,,,,,,,,,,,,,,,,,,,,,,,,,,,,,,,,,,,,,,,,,,,,,,,,,51.077084,12.621263,0.03031924,51.077084,12.621263,0.42159373,,,,,,,,,,,,,,,,,51.077084,12.711201,0.04335772,51.077084,12.711201,0.11843726,,,,,,,,,,,,,,,,,,,,,,,,,,,,,51.077084,12.711201,1.0000001e-07,51.077084,12.711201,7.0,,,,,,,
51.077084,12.651241,0.3522832,51.077084,12.651241,0.40660417,,,,,,,,,,,,,,,,,,,,,,,,,,,,,,,,,,,,,,,,,,,,,,,,,,,,,,,,,,,,,51.077084,12.651241,-0.22868466,51.077084,12.651241,-0.47545114,,,,,,,,,,,,,,,,,51.077084,12.741179,0.02044928,51.077084,12.741179,-0.07470134,,,,,,,,,,,,,,,,,,,,,,,,,,,,,51.077084,12.741179,1.0000001e-07,51.077084,12.741179,7.0,,,,,,,
51.077084,12.681221,0.35690916,51.077084,12.681221,0.41360998,,,,,,,,,,,,,,,,,,,,,,,,,,,,,,,,,,,,,,,,,,,,,,,,,,,,,,,,,,,,,51.077084,12.681221,0.44960868,51.077084,12.681221,0.4412163,,,,,,,,,,,,,,,,,51.077084,12.771159,0.0289649,51.077084,12.771159,-0.028886378,,,,,,,,,,,,,,,,,,,,,,,,,,,,,51.077084,12.771159,1.0000001e-07,51.077084,12.771159,7.0,,,,,,,
51.077084,12.7112,0.35536218,51.077084,12.7112,0.41335714,,,,,,,,,,,,,,,,,,,,,,,,,,,,,,,,,,,,,,,,,,,,,,,,,,,,,,,,,,,,,51.077084,12.7112,0.22198644,51.077084,12.7112,0.4177646,,,,,,,,,,,,,,,,,51.077084,12.801138,-0.038531143,51.077084,12.801138,0.034645822,,,,,,,,,,,,,,,,,,,,,,,,,,,,,51.077084,12.801138,1.0000001e-07,51.077084,12.801138,7.0,,,,,,,
51.077084,12.741179,0.35464823,51.077084,12.741179,0.40834454,,,,,,,,,,,,,,,,,,,,,,,,,,,,,,,,,,,,,,,,,,,,,,,,,,,,,,,,,,,,,51.077084,12.741179,0.13383235,51.077084,12.741179,-0.23510681,,,,,,,,,,,,,,,,,51.077084,12.831118,0.008083463,51.077084,12.831118,-0.01036994,,,,,,,,,,,,,,,,,,,,,,,,,,,,,51.077084,12.831118,1.0000001e-07,51.077084,12.831118,7.0,,,,,,,
51.077084,12.771158,0.3548416,51.077084,12.771158,0.40946004,,,,,,,,,,,,,,,,,,,,,,,,,,,,,,,,,,,,,,,,,,,,,,,,,,,,,,,,,,,,,51.077084,12.771158,0.14129594,51.077084,12.771158,-0.11894606,,,,,,,,,,,,,,,,,51.077084,12.861096,0.046252005,51.077084,12.861096,0.05797191,,,,,,,,,,,,,,,,,,,,,,,,,,,,,51.077084,12.861096,1.0000001e-07,51.077084,12.861096,7.0,,,,,,,
51.077084,12.801138,0.35314593,51.077084,12.801138,0.41115573,,,,,,,,,,,,,,,,,,,,,,,,,,,,,,,,,,,,,,,,,,,,,,,,,,,,,,,,,,,,,51.077084,12.801138,-0.088176675,51.077084,12.801138,0.121064715,,,,,,,,,,,,,,,,,51.077084,12.891076,-0.020523323,51.077084,12.891076,0.114657074,,,,,,,,,,,,,,,,,,,,,,,,,,,,,51.077084,12.891076,1.0000001e-07,51.077084,12.891076,7.0,,,,,,,
51.077084,12.831118,0.3542764,51.077084,12.831118,0.41005504,,,,,,,,,,,,,,,,,,,,,,,,,,,,,,,,,,,,,,,,,,,,,,,,,,,,,,,,,,,,,51.077084,12.831118,0.07881337,51.077084,12.831118,-0.008845349,,,,,,,,,,,,,,,,,51.077084,12.921055,0.082615815,51.077084,12.921055,-0.0356662,,,,,,,,,,,,,,,,,,,,,,,,,,,,,51.077084,12.921055,1.0000001e-07,51.077084,12.921055,7.0,,,,,,,
51.077084,12.861096,0.35525808,51.077084,12.861096,0.4117656,,,,,,,,,,,,,,,,,,,,,,,,,,,,,,,,,,,,,,,,,,,,,,,,,,,,,,,,,,,,,51.077084,12.861096,0.19928461,51.077084,12.861096,0.21258432,,,,,,,,,,,,,,,,,51.077084,12.951035,-0.030379858,51.077084,12.951035,0.060520403,,,,,,,,,,,,,,,,,,,,,,,,,,,,,51.077084,12.951035,1.0000001e-07,51.077084,12.951035,7.0,,,,,,,
51.077084,12.891076,0.3534434,51.077084,12.891076,0.41323814,,,,,,,,,,,,,,,,,,,,,,,,,,,,,,,,,,,,,,,,,,,,,,,,,,,,,,,,,,,,,51.077084,12.891076,-0.064434305,51.077084,12.891076,0.41167846,,,,,,,,,,,,,,,,,51.077084,12.981013,0.025990061,51.077084,12.981013,0.115683585,,,,,,,,,,,,,,,,,,,,,,,,,,,,,51.077084,12.981013,1.0000001e-07,51.077084,12.981013,7.0,,,,,,,
51.077084,12.921055,0.35621005,51.077084,12.921055,0.4093708,,,,,,,,,,,,,,,,,,,,,,,,,,,,,,,,,,,,,,,,,,,,,,,,,,,,,,,,,,,,,51.077084,12.921055,0.3328578,51.077084,12.921055,-0.118836164,,,,,,,,,,,,,,,,,51.077084,13.010993,0.07685203,51.077084,13.010993,-0.0025169253,,,,,,,,,,,,,,,,,,,,,,,,,,,,,51.077084,13.010993,1.0000001e-07,51.077084,13.010993,7.0,,,,,,,
51.077084,12.951035,0.35341364,51.077084,12.951035,0.41172093,,,,,,,,,,,,,,,,,,,,,,,,,,,,,,,,,,,,,,,,,,,,,,,,,,,,,,,,,,,,,51.077084,12.951035,-0.05843167,51.077084,12.951035,0.21053357,,,,,,,,,,,,,,,,,51.077084,13.040972,0.10999612,51.077084,13.040972,0.01774096,,,,,,,,,,,,,,,,,,,,,,,,,,,,,51.077084,13.040972,1.0000001e-07,51.077084,13.040972,7.0,,,,,,,
51.077084,12.981013,0.35473746,51.077084,12.981013,0.41308942,,,,,,,,,,,,,,,,,,,,,,,,,,,,,,,,,,,,,,,,,,,,,,,,,,,,,,,,,,,,,51.077084,12.981013,0.12309519,51.077084,12.981013,0.41450655,,,,,,,,,,,,,,,,,51.077084,13.070951,0.11483259,51.077084,13.070951,-0.012793015,,,,,,,,,,,,,,,,,,,,,,,,,,,,,51.077084,13.070951,1.0000001e-07,51.077084,13.070951,7.0,,,,,,,
51.077084,13.010993,0.35603154,51.077084,13.010993,0.41015917,,,,,,,,,,,,,,,,,,,,,,,,,,,,,,,,,,,,,,,,,,,,,,,,,,,,,,,,,,,,,51.077084,13.010993,0.3349234,51.077084,13.010993,0.0022676652,,,,,,,,,,,,,,,,,51.077084,13.10093,0.055489525,51.077084,13.10093,-0.08315949,,,,,,,,,,,,,,,,,,,,,,,,,,,,,51.077084,13.10093,1.0000001e-07,51.077084,13.10093,7.0,,,,,,,
51.077084,13.040972,0.356805,51.077084,13.040972,0.41073927,,,,,,,,,,,,,,,,,,,,,,,,,,,,,,,,,,,,,,,,,,,,,,,,,,,,,,,,,,,,,51.077084,13.040972,0.4238751,51.077084,13.040972,0.06702608,,,,,,,,,,,,,,,,,51.077084,13.13091,-0.06596075,51.077084,13.13091,0.020598091,,,,,,,,,,,,,,,,,,,,,,,,,,,,,51.077084,13.13091,1.0000001e-07,51.077084,13.13091,7.0,,,,,,,
51.077084,13.070951,0.35701326,51.077084,13.070951,0.40999556,,,,,,,,,,,,,,,,,,,,,,,,,,,,,,,,,,,,,,,,,,,,,,,,,,,,,,,,,,,,,51.077084,13.070951,0.4575935,51.077084,13.070951,-0.010338426,,,,,,,,,,,,,,,,,51.077084,13.160889,-0.24176963,51.077084,13.160889,0.029590057,,,,,,,,,,,,,,,,,,,,,,,,,,,,,51.077084,13.160889,1.0000001e-07,51.077084,13.160889,7.0,,,,,,,
51.077084,13.10093,0.35548118,51.077084,13.10093,0.40828502,,,,,,,,,,,,,,,,,,,,,,,,,,,,,,,,,,,,,,,,,,,,,,,,,,,,,,,,,,,,,51.077084,13.10093,0.20525898,51.077084,13.10093,-0.22976974,,,,,,,,,,,,,,,,,51.077084,13.190868,0.09949824,51.077084,13.190868,0.086184815,,,,,,,,,,,,,,,,,,,,,,,,,,,,,51.077084,13.190868,1.0000001e-07,51.077084,13.190868,7.0,,,,,,,
51.077084,13.13091,0.35235757,51.077084,13.13091,0.4107244,,,,,,,,,,,,,,,,,,,,,,,,,,,,,,,,,,,,,,,,,,,,,,,,,,,,,,,,,,,,,51.077084,13.13091,-0.2162394,51.077084,13.13091,0.097402915,,,,,,,,,,,,,,,,,51.077084,13.220847,-0.011932012,51.077084,13.220847,-0.05457533,,,,,,,,,,,,,,,,,,,,,,,,,,,,,51.077084,13.220847,1.0000001e-07,51.077084,13.220847,7.0,,,,,,,
51.077084,13.160889,0.3481333,51.077084,13.160889,0.41094747,,,,,,,,,,,,,,,,,,,,,,,,,,,,,,,,,,,,,,,,,,,,,,,,,,,,,,,,,,,,,51.077084,13.160889,-0.8690799,51.077084,13.160889,0.1381265,,,,,,,,,,,,,,,,,51.077084,13.250827,-0.120951995,51.077084,13.250827,-0.040796332,,,,,,,,,,,,,,,,,,,,,,,,,,,,,51.077084,13.250827,1.0000001e-07,51.077084,13.250827,7.0,,,,,,,
51.077084,13.190868,0.35656703,51.077084,13.190868,0.41233078,,,,,,,,,,,,,,,,,,,,,,,,,,,,,,,,,,,,,,,,,,,,,,,,,,,,,,,,,,,,,51.077084,13.190868,0.3971081,51.077084,13.190868,0.3029674,,,,,,,,,,,,,,,,,51.077084,13.280806,-0.00918078,51.077084,13.280806,-0.007376808,,,,,,,,,,,,,,,,,,,,,,,,,,,,,51.077084,13.280806,1.0000001e-07,51.077084,13.280806,7.0,,,,,,,
51.077084,13.220847,0.35381523,51.077084,13.220847,0.40898412,,,,,,,,,,,,,,,,,,,,,,,,,,,,,,,,,,,,,,,,,,,,,,,,,,,,,,,,,,,,,51.077084,13.220847,-0.004951048,51.077084,13.220847,-0.14218603,,,,,,,,,,,,,,,,,51.077084,13.310785,-0.03763878,51.077084,13.310785,0.002101096,,,,,,,,,,,,,,,,,,,,,,,,,,,,,51.077084,13.310785,1.0000001e-07,51.077084,13.310785,7.0,,,,,,,
51.077084,13.250827,0.35118252,51.077084,13.250827,0.40940055,,,,,,,,,,,,,,,,,,,,,,,,,,,,,,,,,,,,,,,,,,,,,,,,,,,,,,,,,,,,,51.077084,13.250827,-0.4154989,51.077084,13.250827,-0.09968194,,,,,,,,,,,,,,,,,51.077084,13.340765,-0.10158327,51.077084,13.340765,0.15274525,,,,,,,,,,,,,,,,,,,,,,,,,,,,,51.077084,13.340765,1.0000001e-07,51.077084,13.340765,7.0,,,,,,,
51.077084,13.280806,0.353845,51.077084,13.280806,0.4101145,,,,,,,,,,,,,,,,,,,,,,,,,,,,,,,,,,,,,,,,,,,,,,,,,,,,,,,,,,,,,51.077084,13.280806,-0.020863201,51.077084,13.280806,-0.017215649,,,,,,,,,,,,,,,,,51.077084,13.370744,0.062096067,51.077084,13.370744,-0.07742662,,,,,,,,,,,,,,,,,,,,,,,,,,,,,51.077084,13.370744,1.0000001e-07,51.077084,13.370744,7.0,,,,,,,
51.077084,13.310785,0.35317567,51.077084,13.310785,0.4103228,,,,,,,,,,,,,,,,,,,,,,,,,,,,,,,,,,,,,,,,,,,,,,,,,,,,,,,,,,,,,51.077084,13.310785,-0.12910189,51.077084,13.310785,0.0091411285,,,,,,,,,,,,,,,,,51.077084,13.400723,0.091532335,51.077084,13.400723,0.23118979,,,,,,,,,,,,,,,,,,,,,,,,,,,,,51.077084,13.400723,1.0000001e-07,51.077084,13.400723,7.0,,,,,,,
51.077084,13.340764,0.35161388,51.077084,13.340764,0.41392234,,,,,,,,,,,,,,,,,,,,,,,,,,,,,,,,,,,,,,,,,,,,,,,,,,,,,,,,,,,,,51.077084,13.340764,-0.37300378,51.077084,13.340764,0.50994194,,,,,,,,,,,,,,,,,51.077084,13.430702,-0.0396637,51.077084,13.430702,-0.20136184,,,,,,,,,,,,,,,,,,,,,,,,,,,,,51.077084,13.430702,1.0000001e-07,51.077084,13.430702,7.0,,,,,,,
51.077084,13.370744,0.35551092,51.077084,13.370744,0.40840396,,,,,,,,,,,,,,,,,,,,,,,,,,,,,,,,,,,,,,,,,,,,,,,,,,,,,,,,,,,,,51.077084,13.370744,0.21940224,51.077084,13.370744,-0.25605103,,,,,,,,,,,,,,,,,51.077084,13.460682,-0.024845107,51.077084,13.460682,0.01778486,,,,,,,,,,,,,,,,,,,,,,,,,,,,,51.077084,13.460682,1.0000001e-07,51.077084,13.460682,7.0,,,,,,,
51.077084,13.4007225,0.35628438,51.077084,13.4007225,0.41570726,,,,,,,,,,,,,,,,,,,,,,,,,,,,,,,,,,,,,,,,,,,,,,,,,,,,,,,,,,,,,51.077084,13.4007225,0.3813882,51.077084,13.4007225,0.7296236,,,,,,,,,,,,,,,,,51.077084,13.490661,0.15796965,51.077084,13.490661,-0.07814738,,,,,,,,,,,,,,,,,,,,,,,,,,,,,51.077084,13.490661,1.0000001e-07,51.077084,13.490661,7.0,,,,,,,
51.077084,13.430702,0.3532203,51.077084,13.430702,0.40554813,,,,,,,,,,,,,,,,,,,,,,,,,,,,,,,,,,,,,,,,,,,,,,,,,,,,,,,,,,,,,51.077084,13.430702,-0.101396985,51.077084,13.430702,-0.59804237,,,,,,,,,,,,,,,,,51.077084,13.52064,0.06979845,51.077084,13.52064,0.034698572,,,,,,,,,,,,,,,,,,,,,,,,,,,,,51.077084,13.52064,1.0000001e-07,51.077084,13.52064,7.0,,,,,,,
51.077084,13.460681,0.35351777,51.077084,13.460681,0.41067973,,,,,,,,,,,,,,,,,,,,,,,,,,,,,,,,,,,,,,,,,,,,,,,,,,,,,,,,,,,,,51.077084,13.460681,-0.04954194,51.077084,13.460681,0.061083104,,,,,,,,,,,,,,,,,51.077084,13.550619,0.2591887,51.077084,13.550619,-0.1576194,,,,,,,,,,,,,,,,,,,,,,,,,,,,,51.077084,13.550619,1.0000001e-07,51.077084,13.550619,7.0,,,,,,,
51.077084,13.490661,0.35777184,51.077084,13.490661,0.40843377,,,,,,,,,,,,,,,,,,,,,,,,,,,,,,,,,,,,,,,,,,,,,,,,,,,,,,,,,,,,,51.077084,13.490661,0.5862675,51.077084,13.490661,-0.20480062,,,,,,,,,,,,,,,,,51.077084,13.580599,-0.05025718,51.077084,13.580599,0.065605916,,,,,,,,,,,,,,,,,,,,,,,,,,,,,51.077084,13.580599,1.0000001e-07,51.077084,13.580599,7.0,,,,,,,
51.077084,13.520639,0.3557043,51.077084,13.520639,0.4110516,,,,,,,,,,,,,,,,,,,,,,,,,,,,,,,,,,,,,,,,,,,,,,,,,,,,,,,,,,,,,51.077084,13.520639,0.2835456,51.077084,13.520639,0.102885135,,,,,,,,,,,,,,,,,51.077084,13.610578,-0.002072311,51.077084,13.610578,0.016275564,,,,,,,,,,,,,,,,,,,,,,,,,,,,,51.077084,13.610578,1.0000001e-07,51.077084,13.610578,7.0,,,,,,,
51.077084,13.550619,0.35997322,51.077084,13.550619,0.40664878,,,,,,,,,,,,,,,,,,,,,,,,,,,,,,,,,,,,,,,,,,,,,,,,,,,,,,,,,,,,,51.077084,13.550619,0.8695712,51.077084,13.550619,-0.45719698,,,,,,,,,,,,,,,,,51.077084,13.640557,0.004286295,51.077084,13.640557,0.053307883,,,,,,,,,,,,,,,,,,,,,,,,,,,,,51.077084,13.640557,1.0000001e-07,51.077084,13.640557,7.0,,,,,,,
51.077084,13.580598,0.3529228,51.077084,13.580598,0.41175067,,,,,,,,,,,,,,,,,,,,,,,,,,,,,,,,,,,,,,,,,,,,,,,,,,,,,,,,,,,,,51.077084,13.580598,-0.17054005,51.077084,13.580598,0.20270461,,,,,,,,,,,,,,,,,51.077084,13.670536,0.112386264,51.077084,13.670536,-0.22012478,,,,,,,,,,,,,,,,,,,,,,,,,,,,,51.077084,13.670536,1.0000001e-07,51.077084,13.670536,7.0,,,,,,,
51.077084,13.610578,0.35402352,51.077084,13.610578,0.41062027,,,,,,,,,,,,,,,,,,,,,,,,,,,,,,,,,,,,,,,,,,,,,,,,,,,,,,,,,,,,,51.077084,13.610578,0.014958143,51.077084,13.610578,0.04916778,,,,,,,,,,,,,,,,,51.077084,13.700516,0.11751204,51.077084,13.700516,0.11595747,,,,,,,,,,,,,,,,,,,,,,,,,,,,,51.077084,13.700516,1.0000001e-07,51.077084,13.700516,7.0,,,,,,,
51.077084,13.640556,0.35420197,51.077084,13.640556,0.4114681,,,,,,,,,,,,,,,,,,,,,,,,,,,,,,,,,,,,,,,,,,,,,,,,,,,,,,,,,,,,,51.077084,13.640556,0.008740099,51.077084,13.640556,0.16969255,,,,,,,,,,,,,,,,,51.077084,13.7304945,-0.18903989,51.077084,13.7304945,-0.060927078,,,,,,,,,,,,,,,,,,,,,,,,,,,,,51.077084,13.7304945,1.0000001e-07,51.077084,13.7304945,7.0,,,,,,,
51.077084,13.670536,0.35670087,51.077084,13.670536,0.40532503,,,,,,,,,,,,,,,,,,,,,,,,,,,,,,,,,,,,,,,,,,,,,,,,,,,,,,,,,,,,,51.077084,13.670536,0.38825423,51.077084,13.670536,-0.6392086,,,,,,,,,,,,,,,,,51.077084,13.760474,0.18098873,51.077084,13.760474,0.098823644,,,,,,,,,,,,,,,,,,,,,,,,,,,,,51.077084,13.760474,1.0000001e-07,51.077084,13.760474,7.0,,,,,,,
51.077084,13.700516,0.35676038,51.077084,13.700516,0.41288117,,,,,,,,,,,,,,,,,,,,,,,,,,,,,,,,,,,,,,,,,,,,,,,,,,,,,,,,,,,,,51.077084,13.700516,0.43261814,51.077084,13.700516,0.3809247,,,,,,,,,,,,,,,,,51.077084,13.790453,0.11923447,51.077084,13.790453,-0.007056511,,,,,,,,,,,,,,,,,,,,,,,,,,,,,51.077084,13.790453,1.0000001e-07,51.077084,13.790453,7.0,,,,,,,
51.077084,13.7304945,0.34988844,51.077084,13.7304945,0.40885022,,,,,,,,,,,,,,,,,,,,,,,,,,,,,,,,,,,,,,,,,,,,,,,,,,,,,,,,,,,,,51.077084,13.7304945,-0.58833975,51.077084,13.7304945,-0.18120149,,,,,,,,,,,,,,,,,51.077084,13.820433,-0.066518694,51.077084,13.820433,0.08847681,,,,,,,,,,,,,,,,,,,,,,,,,,,,,51.077084,13.820433,1.0000001e-07,51.077084,13.820433,7.0,,,,,,,
51.077084,13.760474,0.3580544,51.077084,13.760474,0.41240516,,,,,,,,,,,,,,,,,,,,,,,,,,,,,,,,,,,,,,,,,,,,,,,,,,,,,,,,,,,,,51.077084,13.760474,0.6252056,51.077084,13.760474,0.31469017,,,,,,,,,,,,,,,,,51.077084,13.850411,-0.17129695,51.077084,13.850411,0.09146735,,,,,,,,,,,,,,,,,,,,,,,,,,,,,51.077084,13.850411,1.0000001e-07,51.077084,13.850411,7.0,,,,,,,
51.077084,13.790453,0.35670087,51.077084,13.790453,0.41011453,,,,,,,,,,,,,,,,,,,,,,,,,,,,,,,,,,,,,,,,,,,,,,,,,,,,,,,,,,,,,51.077084,13.790453,0.4272019,51.077084,13.790453,-0.007448885,,,,,,,,,,,,,,,,,51.077084,13.880391,0.09055533,51.077084,13.880391,-0.12012172,,,,,,,,,,,,,,,,,,,,,,,,,,,,,51.077084,13.880391,1.0000001e-07,51.077084,13.880391,7.0,,,,,,,
51.077084,13.820433,0.3526402,51.077084,13.820433,0.4122118,,,,,,,,,,,,,,,,,,,,,,,,,,,,,,,,,,,,,,,,,,,,,,,,,,,,,,,,,,,,,51.077084,13.820433,-0.19332854,51.077084,13.820433,0.2680841,,,,,,,,,,,,,,,,,51.077084,13.91037,-0.06819814,51.077084,13.91037,0.10025891,,,,,,,,,,,,,,,,,,,,,,,,,,,,,51.077084,13.91037,1.0000001e-07,51.077084,13.91037,7.0,,,,,,,
51.077084,13.850411,0.35023057,51.077084,13.850411,0.41231596,,,,,,,,,,,,,,,,,,,,,,,,,,,,,,,,,,,,,,,,,,,,,,,,,,,,,,,,,,,,,51.077084,13.850411,-0.57271457,51.077084,13.850411,0.29064095,,,,,,,,,,,,,,,,,51.077084,13.94035,0.21606667,51.077084,13.94035,-0.13081492,,,,,,,,,,,,,,,,,,,,,,,,,,,,,51.077084,13.94035,1.0000001e-07,51.077084,13.94035,7.0,,,,,,,
51.077084,13.880391,0.3560464,51.077084,13.880391,0.4076454,,,,,,,,,,,,,,,,,,,,,,,,,,,,,,,,,,,,,,,,,,,,,,,,,,,,,,,,,,,,,51.077084,13.880391,0.29190502,51.077084,13.880391,-0.29907405,,,,,,,,,,,,,,,,,51.077084,13.970328,0.031814773,51.077084,13.970328,-0.01820388,,,,,,,,,,,,,,,,,,,,,,,,,,,,,51.077084,13.970328,1.0000001e-07,51.077084,13.970328,7.0,,,,,,,
51.077084,13.91037,0.35261047,51.077084,13.91037,0.4124944,,,,,,,,,,,,,,,,,,,,,,,,,,,,,,,,,,,,,,,,,,,,,,,,,,,,,,,,,,,,,51.077084,13.91037,-0.21762514,51.077084,13.91037,0.32389545,,,,,,,,,,,,,,,,,51.077084,14.000308,-0.057779696,51.077084,14.000308,0.05867862,,,,,,,,,,,,,,,,,,,,,,,,,,,,,51.077084,14.000308,1.0000001e-07,51.077084,14.000308,7.0,,,,,,,
51.077084,13.94035,0.35878327,51.077084,13.94035,0.40755615,,,,,,,,,,,,,,,,,,,,,,,,,,,,,,,,,,,,,,,,,,,,,,,,,,,,,,,,,,,,,51.077084,13.94035,0.6695797,51.077084,13.94035,-0.33537033,,,,,,,,,,,,,,,,,51.077084,14.030287,0.057923336,51.077084,14.030287,-0.038857885,,,,,,,,,,,,,,,,,,,,,,,,,,,,,51.077084,14.030287,1.0000001e-07,51.077084,14.030287,7.0,,,,,,,
51.077084,13.970328,0.35464823,51.077084,13.970328,0.4099509,,,,,,,,,,,,,,,,,,,,,,,,,,,,,,,,,,,,,,,,,,,,,,,,,,,,,,,,,,,,,51.077084,13.970328,0.08504686,51.077084,13.970328,-0.018005379,,,,,,,,,,,,,,,,,51.077084,14.0602665,-0.017755363,51.077084,14.0602665,0.064511746,,,,,,,,,,,,,,,,,,,,,,,,,,,,,51.077084,14.0602665,1.0000001e-07,51.077084,14.0602665,7.0,,,,,,,
51.077084,14.000308,0.35284844,51.077084,14.000308,0.4115722,,,,,,,,,,,,,,,,,,,,,,,,,,,,,,,,,,,,,,,,,,,,,,,,,,,,,,,,,,,,,51.077084,14.000308,-0.13086514,51.077084,14.000308,0.18945295,,,,,,,,,,,,,,,,,51.077084,14.090245,-0.16150826,51.077084,14.090245,-0.04775148,,,,,,,,,,,,,,,,,,,,,,,,,,,,,51.077084,14.090245,1.0000001e-07,51.077084,14.090245,7.0,,,,,,,
51.077084,14.030287,0.3553473,51.077084,14.030287,0.40944517,,,,,,,,,,,,,,,,,,,,,,,,,,,,,,,,,,,,,,,,,,,,,,,,,,,,,,,,,,,,,51.077084,14.030287,0.22341697,51.077084,14.030287,-0.10641739,,,,,,,,,,,,,,,,,51.077084,14.120225,0.0851313,51.077084,14.120225,0.24890667,,,,,,,,,,,,,,,,,,,,,,,,,,,,,51.077084,14.120225,1.0000001e-07,51.077084,14.120225,7.0,,,,,,,
51.077084,14.0602665,0.3537112,51.077084,14.0602665,0.41173583,,,,,,,,,,,,,,,,,,,,,,,,,,,,,,,,,,,,,,,,,,,,,,,,,,,,,,,,,,,,,51.077084,14.0602665,-0.041386962,51.077084,14.0602665,0.20333368,,,,,,,,,,,,,,,,,51.077084,14.150205,-0.24179837,51.077084,14.150205,0.14360155,,,,,,,,,,,,,,,,,,,,,,,,,,,,,51.077084,14.150205,1.0000001e-07,51.077084,14.150205,7.0,,,,,,,
51.077084,14.090245,0.35058752,51.077084,14.090245,0.40928158,,,,,,,,,,,,,,,,,,,,,,,,,,,,,,,,,,,,,,,,,,,,,,,,,,,,,,,,,,,,,51.077084,14.090245,-0.5058295,51.077084,14.090245,-0.12915313,,,,,,,,,,,,,,,,,51.077084,14.180183,0.11022595,51.077084,14.180183,-0.0033149803,,,,,,,,,,,,,,,,,,,,,,,,,,,,,51.077084,14.180183,1.0000001e-07,51.077084,14.180183,7.0,,,,,,,
51.077084,14.120225,0.35583818,51.077084,14.120225,0.41552883,,,,,,,,,,,,,,,,,,,,,,,,,,,,,,,,,,,,,,,,,,,,,,,,,,,,,,,,,,,,,51.077084,14.120225,0.2416264,51.077084,14.120225,0.7262852,,,,,,,,,,,,,,,,,51.077084,14.210163,-0.098763496,51.077084,14.210163,-0.010348194,,,,,,,,,,,,,,,,,,,,,,,,,,,,,51.077084,14.210163,1.0000001e-07,51.077084,14.210163,7.0,,,,,,,
51.077084,14.150204,0.34902573,51.077084,14.150204,0.41335714,,,,,,,,,,,,,,,,,,,,,,,,,,,,,,,,,,,,,,,,,,,,,,,,,,,,,,,,,,,,,51.077084,14.150204,-0.71652436,51.077084,14.150204,0.4251024,,,,,,,,,,,,,,,,,51.077084,14.240142,0.079021335,51.077084,14.240142,-0.0681261,,,,,,,,,,,,,,,,,,,,,,,,,,,,,51.077084,14.240142,1.0000001e-07,51.077084,14.240142,7.0,,,,,,,
51.077084,14.180183,0.3562695,51.077084,14.180183,0.4101889,,,,,,,,,,,,,,,,,,,,,,,,,,,,,,,,,,,,,,,,,,,,,,,,,,,,,,,,,,,,,51.077084,14.180183,0.3463372,51.077084,14.180183,0.02158918,,,,,,,,,,,,,,,,,51.077084,14.270122,-0.09338699,51.077084,14.270122,-0.15384004,,,,,,,,,,,,,,,,,,,,,,,,,,,,,51.077084,14.270122,1.0000001e-07,51.077084,14.270122,7.0,,,,,,,
51.077084,14.210162,0.35189644,51.077084,14.210162,0.41008478,,,,,,,,,,,,,,,,,,,,,,,,,,,,,,,,,,,,,,,,,,,,,,,,,,,,,,,,,,,,,51.077084,14.210162,-0.3223931,51.077084,14.210162,0.012405039,,,,,,,,,,,,,,,,,51.077084,14.3001,0.036472917,51.077084,14.3001,0.08166034,,,,,,,,,,,,,,,,,,,,,,,,,,,,,51.077084,14.3001,1.0000001e-07,51.077084,14.3001,7.0,,,,,,,
51.077084,14.240142,0.35573402,51.077084,14.240142,0.40880558,,,,,,,,,,,,,,,,,,,,,,,,,,,,,,,,,,,,,,,,,,,,,,,,,,,,,,,,,,,,,51.077084,14.240142,0.2320772,51.077084,14.240142,-0.20556548,,,,,,,,,,,,,,,,,51.077084,14.33008,0.11196097,51.077084,14.33008,-0.11041849,,,,,,,,,,,,,,,,,,,,,,,,,,,,,51.077084,14.33008,1.0000001e-07,51.077084,14.33008,7.0,,,,,,,
51.077084,14.270121,0.35207498,51.077084,14.270121,0.4070207,,,,,,,,,,,,,,,,,,,,,,,,,,,,,,,,,,,,,,,,,,,,,,,,,,,,,,,,,,,,,51.077084,14.270121,-0.2905055,51.077084,14.270121,-0.39717564,,,,,,,,,,,,,,,,,51.077084,14.360059,-0.15510988,51.077084,14.360059,0.16227967,,,,,,,,,,,,,,,,,,,,,,,,,,,,,51.077084,14.360059,1.0000001e-07,51.077084,14.360059,7.0,,,,,,,
51.077084,14.3001,0.35476723,51.077084,14.3001,0.41201842,,,,,,,,,,,,,,,,,,,,,,,,,,,,,,,,,,,,,,,,,,,,,,,,,,,,,,,,,,,,,51.077084,14.3001,0.1365307,51.077084,14.3001,0.23059933,,,,,,,,,,,,,,,,,51.077084,14.3900385,-0.12973909,51.077084,14.3900385,0.07711203,,,,,,,,,,,,,,,,,,,,,,,,,,,,,51.077084,14.3900385,1.0000001e-07,51.077084,14.3900385,7.0,,,,,,,
51.077084,14.330079,0.35641825,51.077084,14.330079,0.40789828,,,,,,,,,,,,,,,,,,,,,,,,,,,,,,,,,,,,,,,,,,,,,,,,,,,,,,,,,,,,,51.077084,14.330079,0.3558613,51.077084,14.330079,-0.3046009,,,,,,,,,,,,,,,,,51.077084,14.420017,-0.10768446,51.077084,14.420017,-0.064895526,,,,,,,,,,,,,,,,,,,,,,,,,,,,,51.077084,14.420017,1.0000001e-07,51.077084,14.420017,7.0,,,,,,,
51.077084,14.360059,0.3508999,51.077084,14.360059,0.41362485,,,,,,,,,,,,,,,,,,,,,,,,,,,,,,,,,,,,,,,,,,,,,,,,,,,,,,,,,,,,,51.077084,14.360059,-0.46079573,51.077084,14.360059,0.47432974,,,,,,,,,,,,,,,,,51.077084,14.449997,-0.14570475,51.077084,14.449997,0.37629157,,,,,,,,,,,,,,,,,,,,,,,,,,,,,51.077084,14.449997,1.0000001e-07,51.077084,14.449997,7.0,,,,,,,
51.077084,14.390038,0.35150975,51.077084,14.390038,0.41188458,,,,,,,,,,,,,,,,,,,,,,,,,,,,,,,,,,,,,,,,,,,,,,,,,,,,,,,,,,,,,51.077084,14.390038,-0.3752017,51.077084,14.390038,0.21346217,,,,,,,,,,,,,,,,,51.077084,14.479976,0.09397916,51.077084,14.479976,0.23436244,,,,,,,,,,,,,,,,,,,,,,,,,,,,,51.077084,14.479976,1.0000001e-07,51.077084,14.479976,7.0,,,,,,,
51.077084,14.420017,0.351837,51.077084,14.420017,0.40899897,,,,,,,,,,,,,,,,,,,,,,,,,,,,,,,,,,,,,,,,,,,,,,,,,,,,,,,,,,,,,51.077084,14.420017,-0.3230481,51.077084,14.420017,-0.16732486,,,,,,,,,,,,,,,,,51.077084,14.509955,-0.035086922,51.077084,14.509955,0.15608072,,,,,,,,,,,,,,,,,,,,,,,,,,,,,51.077084,14.509955,1.0000001e-07,51.077084,14.509955,7.0,,,,,,,
51.077084,14.449996,0.35106352,51.077084,14.449996,0.41792354,,,,,,,,,,,,,,,,,,,,,,,,,,,,,,,,,,,,,,,,,,,,,,,,,,,,,,,,,,,,,51.077084,14.449996,-0.44720718,51.077084,14.449996,1.04519,,,,,,,,,,,,,,,,,51.077084,14.539934,-0.18119267,51.077084,14.539934,-0.12572575,,,,,,,,,,,,,,,,,,,,,,,,,,,,,51.077084,14.539934,1.0000001e-07,51.077084,14.539934,7.0,,,,,,,
51.077084,14.479976,0.3559274,51.077084,14.479976,0.41487432,,,,,,,,,,,,,,,,,,,,,,,,,,,,,,,,,,,,,,,,,,,,,,,,,,,,,,,,,,,,,51.077084,14.479976,0.2801833,51.077084,14.479976,0.63510346,,,,,,,,,,,,,,,,,51.077084,14.569914,-0.035059,51.077084,14.569914,0.024137624,,,,,,,,,,,,,,,,,,,,,,,,,,,,,51.077084,14.569914,1.0000001e-07,51.077084,14.569914,7.0,,,,,,,
51.077084,14.509955,0.3534583,51.077084,14.509955,0.41341662,,,,,,,,,,,,,,,,,,,,,,,,,,,,,,,,,,,,,,,,,,,,,,,,,,,,,,,,,,,,,51.077084,14.509955,-0.06965894,51.077084,14.509955,0.4414563,,,,,,,,,,,,,,,,,51.077084,14.599893,-0.017101128,51.077084,14.599893,0.14586784,,,,,,,,,,,,,,,,,,,,,,,,,,,,,51.077084,14.599893,1.0000001e-07,51.077084,14.599893,7.0,,,,,,,
51.077084,14.539934,0.3503049,51.077084,14.539934,0.40763053,,,,,,,,,,,,,,,,,,,,,,,,,,,,,,,,,,,,,,,,,,,,,,,,,,,,,,,,,,,,,51.077084,14.539934,-0.52585405,51.077084,14.539934,-0.32312107,,,,,,,,,,,,,,,,,51.077084,14.629872,0.088828966,51.077084,14.629872,0.12006663,,,,,,,,,,,,,,,,,,,,,,,,,,,,,51.077084,14.629872,1.0000001e-07,51.077084,14.629872,7.0,,,,,,,
51.077084,14.569914,0.35339877,51.077084,14.569914,0.41082847,,,,,,,,,,,,,,,,,,,,,,,,,,,,,,,,,,,,,,,,,,,,,,,,,,,,,,,,,,,,,51.077084,14.569914,-0.10759577,51.077084,14.569914,0.097032525,,,,,,,,,,,,,,,,,51.077084,14.659851,-0.2452458,51.077084,14.659851,-0.124959975,,,,,,,,,,,,,,,,,,,,,,,,,,,,,51.077084,14.659851,1.0000001e-07,51.077084,14.659851,7.0,,,,,,,
51.077084,14.599893,0.3536814,51.077084,14.599893,0.413015,,,,,,,,,,,,,,,,,,,,,,,,,,,,,,,,,,,,,,,,,,,,,,,,,,,,,,,,,,,,,51.077084,14.599893,-0.033632856,51.077084,14.599893,0.37493622,,,,,,,,,,,,,,,,,51.077084,14.689831,-0.078745276,51.077084,14.689831,-0.18378085,,,,,,,,,,,,,,,,,,,,,,,,,,,,,51.077084,14.689831,1.0000001e-07,51.077084,14.689831,7.0,,,,,,,
51.077084,14.629872,0.3557043,51.077084,14.629872,0.41264313,,,,,,,,,,,,,,,,,,,,,,,,,,,,,,,,,,,,,,,,,,,,,,,,,,,,,,,,,,,,,51.077084,14.629872,0.2367789,51.077084,14.629872,0.31943324,,,,,,,,,,,,,,,,,51.077084,14.71981,-0.0362913,51.077084,14.71981,-0.025382092,,,,,,,,,,,,,,,,,,,,,,,,,,,,,51.077084,14.71981,1.0000001e-07,51.077084,14.71981,7.0,,,,,,,
51.077084,14.659851,0.3492786,51.077084,14.659851,0.40782392,,,,,,,,,,,,,,,,,,,,,,,,,,,,,,,,,,,,,,,,,,,,,,,,,,,,,,,,,,,,,51.077084,14.659851,-0.7153857,51.077084,14.659851,-0.29565313,,,,,,,,,,,,,,,,,51.077084,14.749789,-0.017049693,51.077084,14.749789,-0.04079286,,,,,,,,,,,,,,,,,,,,,,,,,,,,,51.077084,14.749789,1.0000001e-07,51.077084,14.749789,7.0,,,,,,,
51.077084,14.689831,0.3524766,51.077084,14.689831,0.4066637,,,,,,,,,,,,,,,,,,,,,,,,,,,,,,,,,,,,,,,,,,,,,,,,,,,,,,,,,,,,,51.077084,14.689831,-0.24794078,51.077084,14.689831,-0.46424252,,,,,,,,,,,,,,,,,51.077084,14.779768,0.0350488,51.077084,14.779768,0.051251307,,,,,,,,,,,,,,,,,,,,,,,,,,,,,51.077084,14.779768,1.0000001e-07,51.077084,14.779768,7.0,,,,,,,
51.077084,14.71981,0.35336903,51.077084,14.71981,0.40981704,,,,,,,,,,,,,,,,,,,,,,,,,,,,,,,,,,,,,,,,,,,,,,,,,,,,,,,,,,,,,51.077084,14.71981,-0.10442037,51.077084,14.71981,-0.050830934,,,,,,,,,,,,,,,,,51.077084,14.809748,0.04093209,51.077084,14.809748,0.036372855,,,,,,,,,,,,,,,,,,,,,,,,,,,,,51.077084,14.809748,1.0000001e-07,51.077084,14.809748,7.0,,,,,,,
51.077084,14.749789,0.35375577,51.077084,14.749789,0.40960878,,,,,,,,,,,,,,,,,,,,,,,,,,,,,,,,,,,,,,,,,,,,,,,,,,,,,,,,,,,,,51.077084,14.749789,-0.023426257,51.077084,14.749789,-0.08852257,,,,,,,,,,,,,,,,,51.077084,14.839726,0.0061988616,51.077084,14.839726,0.2034107,,,,,,,,,,,,,,,,,,,,,,,,,,,,,51.077084,14.839726,1.0000001e-07,51.077084,14.839726,7.0,,,,,,,
51.077084,14.779768,0.354797,51.077084,14.779768,0.41118547,,,,,,,,,,,,,,,,,,,,,,,,,,,,,,,,,,,,,,,,,,,,,,,,,,,,,,,,,,,,,51.077084,14.779768,0.12881783,51.077084,14.779768,0.1684674,,,,,,,,,,,,,,,,,51.077084,14.869706,-0.10549321,51.077084,14.869706,-0.077592775,,,,,,,,,,,,,,,,,,,,,,,,,,,,,51.077084,14.869706,1.0000001e-07,51.077084,14.869706,7.0,,,,,,,
51.077084,14.809748,0.35491598,51.077084,14.809748,0.41096237,,,,,,,,,,,,,,,,,,,,,,,,,,,,,,,,,,,,,,,,,,,,,,,,,,,,,,,,,,,,,51.077084,14.809748,0.14922187,51.077084,14.809748,0.118227996,,,,,,,,,,,,,,,,,51.077084,14.899685,-0.058407843,51.077084,14.899685,0.16380522,,,,,,,,,,,,,,,,,,,,,,,,,,,,,51.077084,14.899685,1.0000001e-07,51.077084,14.899685,7.0,,,,,,,
51.077084,14.839726,0.35421684,51.077084,14.839726,0.41423473,,,,,,,,,,,,,,,,,,,,,,,,,,,,,,,,,,,,,,,,,,,,,,,,,,,,,,,,,,,,,51.077084,14.839726,0.024538606,51.077084,14.839726,0.534655,,,,,,,,,,,,,,,,,51.077084,14.929665,0.02058133,51.077084,14.929665,-0.12318577,,,,,,,,,,,,,,,,,,,,,,,,,,,,,51.077084,14.929665,1.0000001e-07,51.077084,14.929665,7.0,,,,,,,
51.077084,14.869706,0.3520452,51.077084,14.869706,0.40882045,,,,,,,,,,,,,,,,,,,,,,,,,,,,,,,,,,,,,,,,,,,,,,,,,,,,,,,,,,,,,51.077084,14.869706,-0.29226264,51.077084,14.869706,-0.16022274,,,,,,,,,,,,,,,,,51.077084,14.959643,-0.02314742,51.077084,14.959643,0.1177025,,,,,,,,,,,,,,,,,,,,,,,,,,,,,51.077084,14.959643,1.0000001e-07,51.077084,14.959643,7.0,,,,,,,
51.077084,14.899685,0.35293764,51.077084,14.899685,0.413372,,,,,,,,,,,,,,,,,,,,,,,,,,,,,,,,,,,,,,,,,,,,,,,,,,,,,,,,,,,,,51.077084,14.899685,-0.1235863,51.077084,14.899685,0.44268072,,,,,,,,,,,,,,,,,51.077084,14.989623,-0.11311383,51.077084,14.989623,-0.010366585,,,,,,,,,,,,,,,,,,,,,,,,,,,,,51.077084,14.989623,1.0000001e-07,51.077084,14.989623,7.0,,,,,,,
51.077084,14.929665,0.35441023,51.077084,14.929665,0.4078834,,,,,,,,,,,,,,,,,,,,,,,,,,,,,,,,,,,,,,,,,,,,,,,,,,,,,,,,,,,,,51.077084,14.929665,0.05300475,51.077084,14.929665,-0.2866717,,,,,,,,,,,,,,,,,51.077084,15.019603,0.064983316,51.077084,15.019603,-0.3604319,,,,,,,,,,,,,,,,,,,,,,,,,,,,,51.077084,15.019603,1.0000001e-07,51.077084,15.019603,7.0,,,,,,,
51.077084,14.959643,0.3536665,51.077084,14.959643,0.4125688,,,,,,,,,,,,,,,,,,,,,,,,,,,,,,,,,,,,,,,,,,,,,,,,,,,,,,,,,,,,,51.077084,14.959643,-0.046914037,51.077084,14.959643,0.33366877,,,,,,,,,,,,,,,,,51.077084,15.049582,-0.15412423,51.077084,15.049582,0.0775146,,,,,,,,,,,,,,,,,,,,,,,,,,,,,51.077084,15.049582,1.0000001e-07,51.077084,15.049582,7.0,,,,,,,
51.077084,14.989623,0.3519857,51.077084,14.989623,0.41002524,,,,,,,,,,,,,,,,,,,,,,,,,,,,,,,,,,,,,,,,,,,,,,,,,,,,,,,,,,,,,51.077084,14.989623,-0.28082392,51.077084,14.989623,-0.0077575147,,,,,,,,,,,,,,,,,51.077084,15.079561,0.031464145,51.077084,15.079561,0.053078927,,,,,,,,,,,,,,,,,,,,,,,,,,,,,51.077084,15.079561,1.0000001e-07,51.077084,15.079561,7.0,,,,,,,
51.077084,15.019602,0.35539192,51.077084,15.019602,0.40345082,,,,,,,,,,,,,,,,,,,,,,,,,,,,,,,,,,,,,,,,,,,,,,,,,,,,,,,,,,,,,51.077084,15.019602,0.22584984,51.077084,15.019602,-0.9056195,,,,,,,,,,,,,,,,,51.077084,15.10954,-0.021440387,51.077084,15.10954,0.09916522,,,,,,,,,,,,,,,,,,,,,,,,,,,,,51.077084,15.10954,1.0000001e-07,51.077084,15.10954,7.0,,,,,,,
51.077084,15.049582,0.35131633,51.077084,15.049582,0.41160196,,,,,,,,,,,,,,,,,,,,,,,,,,,,,,,,,,,,,,,,,,,,,,,,,,,,,,,,,,,,,51.077084,15.049582,-0.3771695,51.077084,15.049582,0.1701791,,,,,,,,,,,,,,,,,51.077084,15.13952,-0.046744175,51.077084,15.13952,0.13157375,,,,,,,,,,,,,,,,,,,,,,,,,,,,,51.077084,15.13952,1.0000001e-07,51.077084,15.13952,7.0,,,,,,,
51.077084,15.07956,0.35460362,51.077084,15.07956,0.41120037,,,,,,,,,,,,,,,,,,,,,,,,,,,,,,,,,,,,,,,,,,,,,,,,,,,,,,,,,,,,,51.077084,15.07956,0.109547414,51.077084,15.07956,0.11231494,,,,,,,,,,,,,,,,,51.077084,15.169498,-0.02700669,51.077084,15.169498,0.07785903,,,,,,,,,,,,,,,,,,,,,,,,,,,,,51.077084,15.169498,1.0000001e-07,51.077084,15.169498,7.0,,,,,,,
51.077084,15.10954,0.35359216,51.077084,15.10954,0.41207796,,,,,,,,,,,,,,,,,,,,,,,,,,,,,,,,,,,,,,,,,,,,,,,,,,,,,,,,,,,,,51.077084,15.10954,-0.027701948,51.077084,15.10954,0.26667708,,,,,,,,,,,,,,,,,51.077084,15.199478,-0.05400832,51.077084,15.199478,0.23965052,,,,,,,,,,,,,,,,,,,,,,,,,,,,,51.077084,15.199478,1.0000001e-07,51.077084,15.199478,7.0,,,,,,,
51.077084,15.139519,0.3531459,51.077084,15.139519,0.41264316,,,,,,,,,,,,,,,,,,,,,,,,,,,,,,,,,,,,,,,,,,,,,,,,,,,,,,,,,,,,,51.077084,15.139519,-0.121899635,51.077084,15.139519,0.31828907,,,,,,,,,,,,,,,,,51.077084,15.229457,0.02032078,51.077084,15.229457,0.23576348,,,,,,,,,,,,,,,,,,,,,,,,,,,,,51.077084,15.229457,1.0000001e-07,51.077084,15.229457,7.0,,,,,,,
51.077084,15.169498,0.35360706,51.077084,15.169498,0.4117061,,,,,,,,,,,,,,,,,,,,,,,,,,,,,,,,,,,,,,,,,,,,,,,,,,,,,,,,,,,,,51.077084,15.169498,-0.036779996,51.077084,15.169498,0.22193013,,,,,,,,,,,,,,,,,51.077084,15.259437,-0.08372123,51.077084,15.259437,-0.05203079,,,,,,,,,,,,,,,,,,,,,,,,,,,,,51.077084,15.259437,1.0000001e-07,51.077084,15.259437,7.0,,,,,,,
51.077084,15.199477,0.35302693,51.077084,15.199477,0.4148446,,,,,,,,,,,,,,,,,,,,,,,,,,,,,,,,,,,,,,,,,,,,,,,,,,,,,,,,,,,,,51.077084,15.199477,-0.14868064,51.077084,15.199477,0.6325453,,,,,,,,,,,,,,,,,51.077084,15.289415,-0.15988517,51.077084,15.289415,0.23265165,,,,,,,,,,,,,,,,,,,,,,,,,,,,,51.077084,15.289415,1.0000001e-07,51.077084,15.289415,7.0,,,,,,,
51.077084,15.229457,0.35448462,51.077084,15.229457,0.41453224,,,,,,,,,,,,,,,,,,,,,,,,,,,,,,,,,,,,,,,,,,,,,,,,,,,,,,,,,,,,,51.077084,15.229457,0.058951046,51.077084,15.229457,0.5874989,,,,,,,,,,,,,,,,,51.077084,15.319395,-0.013082622,51.077084,15.319395,0.14829911,,,,,,,,,,,,,,,,,,,,,,,,,,,,,51.077084,15.319395,1.0000001e-07,51.077084,15.319395,7.0,,,,,,,
51.077084,15.259436,0.3524171,51.077084,15.259436,0.40922207,,,,,,,,,,,,,,,,,,,,,,,,,,,,,,,,,,,,,,,,,,,,,,,,,,,,,,,,,,,,,51.077084,15.259436,-0.2761833,51.077084,15.259436,-0.13460357,,,,,,,,,,,,,,,,,51.077084,15.349374,0.014839669,51.077084,15.349374,-0.17446503,,,,,,,,,,,,,,,,,,,,,,,,,,,,,51.077084,15.349374,1.0000001e-07,51.077084,15.349374,7.0,,,,,,,
51.077084,15.289415,0.351123,51.077084,15.289415,0.41445786,,,,,,,,,,,,,,,,,,,,,,,,,,,,,,,,,,,,,,,,,,,,,,,,,,,,,,,,,,,,,51.077084,15.289415,-0.41448292,51.077084,15.289415,0.57018393,,,,,,,,,,,,,,,,,51.077084,15.379354,0.03332493,51.077084,15.379354,-0.0070453635,,,,,,,,,,,,,,,,,,,,,,,,,,,,,51.077084,15.379354,1.0000001e-07,51.077084,15.379354,7.0,,,,,,,
51.077084,15.319394,0.35380042,51.077084,15.319394,0.41288117,,,,,,,,,,,,,,,,,,,,,,,,,,,,,,,,,,,,,,,,,,,,,,,,,,,,,,,,,,,,,51.077084,15.319394,-0.035616815,51.077084,15.319394,0.37493098,,,,,,,,,,,,,,,,,51.077084,15.409332,0.038860075,51.077084,15.409332,0.027521845,,,,,,,,,,,,,,,,,,,,,,,,,,,,,51.077084,15.409332,1.0000001e-07,51.077084,15.409332,7.0,,,,,,,
51.077084,15.349374,0.35435072,51.077084,15.349374,0.40710992,,,,,,,,,,,,,,,,,,,,,,,,,,,,,,,,,,,,,,,,,,,,,,,,,,,,,,,,,,,,,51.077084,15.349374,0.07866956,51.077084,15.349374,-0.43674722,,,,,,,,,,,,,,,,,51.077084,15.439312,0.23417531,51.077084,15.439312,0.1776933,,,,,,,,,,,,,,,,,,,,,,,,,,,,,51.077084,15.439312,1.0000001e-07,51.077084,15.439312,7.0,,,,,,,
51.077084,15.379354,0.35461846,51.077084,15.379354,0.41014427,,,,,,,,,,,,,,,,,,,,,,,,,,,,,,,,,,,,,,,,,,,,,,,,,,,,,,,,,,,,,51.077084,15.379354,0.09778376,51.077084,15.379354,-0.018199798,,,,,,,,,,,,,,,,,51.077084,15.469291,0.20752668,51.077084,15.469291,0.095491424,,,,,,,,,,,,,,,,,,,,,,,,,,,,,51.077084,15.469291,1.0000001e-07,51.077084,15.469291,7.0,,,,,,,
51.077084,15.409332,0.35481182,51.077084,15.409332,0.41069463,,,,,,,,,,,,,,,,,,,,,,,,,,,,,,,,,,,,,,,,,,,,,,,,,,,,,,,,,,,,,51.077084,15.409332,0.10138195,51.077084,15.409332,0.048030574,,,,,,,,,,,,,,,,,51.077084,15.49927,0.09679017,51.077084,15.49927,0.112369746,,,,,,,,,,,,,,,,,,,,,,,,,,,,,51.077084,15.49927,1.0000001e-07,51.077084,15.49927,7.0,,,,,,,
51.077084,15.439312,0.35817343,51.077084,15.439312,0.4133869,,,,,,,,,,,,,,,,,,,,,,,,,,,,,,,,,,,,,,,,,,,,,,,,,,,,,,,,,,,,,51.077084,15.439312,0.59929925,51.077084,15.439312,0.44308442,,,,,,,,,,,,,,,,,51.077084,15.529249,0.041462675,51.077084,15.529249,0.1865406,,,,,,,,,,,,,,,,,,,,,,,,,,,,,51.077084,15.529249,1.0000001e-07,51.077084,15.529249,7.0,,,,,,,
51.077084,15.469291,0.3577272,51.077084,15.469291,0.41189945,,,,,,,,,,,,,,,,,,,,,,,,,,,,,,,,,,,,,,,,,,,,,,,,,,,,,,,,,,,,,51.077084,15.469291,0.5284831,51.077084,15.469291,0.22168568,,,,,,,,,,,,,,,,,51.077084,15.559229,-0.028948393,51.077084,15.559229,0.18428308,,,,,,,,,,,,,,,,,,,,,,,,,,,,,51.077084,15.559229,1.0000001e-07,51.077084,15.559229,7.0,,,,,,,
51.077084,15.49927,0.3557638,51.077084,15.49927,0.41219693,,,,,,,,,,,,,,,,,,,,,,,,,,,,,,,,,,,,,,,,,,,,,,,,,,,,,,,,,,,,,51.077084,15.49927,0.24971893,51.077084,15.49927,0.2946397,,,,,,,,,,,,,,,,,51.077084,15.589208,-0.08959305,51.077084,15.589208,-0.088626996,,,,,,,,,,,,,,,,,,,,,,,,,,,,,51.077084,15.589208,1.0000001e-07,51.077084,15.589208,7.0,,,,,,,
51.077084,15.529249,0.35475236,51.077084,15.529249,0.4134761,,,,,,,,,,,,,,,,,,,,,,,,,,,,,,,,,,,,,,,,,,,,,,,,,,,,,,,,,,,,,51.077084,15.529249,0.12983811,51.077084,15.529249,0.43950546,,,,,,,,,,,,,,,,,51.077084,15.619187,0.12611526,51.077084,15.619187,0.21525049,,,,,,,,,,,,,,,,,,,,,,,,,,,,,51.077084,15.619187,1.0000001e-07,51.077084,15.619187,7.0,,,,,,,
51.077084,15.559229,0.35368142,51.077084,15.559229,0.41347614,,,,,,,,,,,,,,,,,,,,,,,,,,,,,,,,,,,,,,,,,,,,,,,,,,,,,,,,,,,,,51.077084,15.559229,-0.025822017,51.077084,15.559229,0.4260162,,,,,,,,,,,,,,,,,51.077084,15.649166,0.07256052,51.077084,15.649166,0.030215284,,,,,,,,,,,,,,,,,,,,,,,,,,,,,51.077084,15.649166,1.0000001e-07,51.077084,15.649166,7.0,,,,,,,
51.077084,15.589208,0.35241705,51.077084,15.589208,0.40873122,,,,,,,,,,,,,,,,,,,,,,,,,,,,,,,,,,,,,,,,,,,,,,,,,,,,,,,,,,,,,51.077084,15.589208,-0.24920896,51.077084,15.589208,-0.20697653,,,,,,,,,,,,,,,,,51.077084,15.679146,-0.12569754,51.077084,15.679146,0.016381996,,,,,,,,,,,,,,,,,,,,,,,,,,,,,51.077084,15.679146,1.0000001e-07,51.077084,15.679146,7.0,,,,,,,
51.077084,15.619187,0.35618028,51.077084,15.619187,0.41396698,,,,,,,,,,,,,,,,,,,,,,,,,,,,,,,,,,,,,,,,,,,,,,,,,,,,,,,,,,,,,51.077084,15.619187,0.34609553,51.077084,15.619187,0.5024896,,,,,,,,,,,,,,,,,51.077084,15.709125,0.027744047,51.077084,15.709125,-0.026883475,,,,,,,,,,,,,,,,,,,,,,,,,,,,,51.077084,15.709125,1.0000001e-07,51.077084,15.709125,7.0,,,,,,,
51.077084,15.649166,0.35537708,51.077084,15.649166,0.410769,,,,,,,,,,,,,,,,,,,,,,,,,,,,,,,,,,,,,,,,,,,,,,,,,,,,,,,,,,,,,51.077084,15.649166,0.21218836,51.077084,15.649166,0.07326797,,,,,,,,,,,,,,,,,51.077084,15.739104,0.0656732,51.077084,15.739104,0.19834441,,,,,,,,,,,,,,,,,,,,,,,,,,,,,51.077084,15.739104,1.0000001e-07,51.077084,15.739104,7.0,,,,,,,
51.077084,15.679146,0.35197085,51.077084,15.679146,0.4105459,,,,,,,,,,,,,,,,,,,,,,,,,,,,,,,,,,,,,,,,,,,,,,,,,,,,,,,,,,,,,51.077084,15.679146,-0.26740882,51.077084,15.679146,0.035364833,,,,,,,,,,,,,,,,,51.077084,15.769083,-0.055316232,51.077084,15.769083,-0.09074444,,,,,,,,,,,,,,,,,,,,,,,,,,,,,51.077084,15.769083,1.0000001e-07,51.077084,15.769083,7.0,,,,,,,
51.077084,15.709125,0.35445485,51.077084,15.709125,0.40974268,,,,,,,,,,,,,,,,,,,,,,,,,,,,,,,,,,,,,,,,,,,,,,,,,,,,,,,,,,,,,51.077084,15.709125,0.083826914,51.077084,15.709125,-0.08201236,,,,,,,,,,,,,,,,,51.077084,15.799063,-0.06547156,51.077084,15.799063,0.05921738,,,,,,,,,,,,,,,,,,,,,,,,,,,,,51.077084,15.799063,1.0000001e-07,51.077084,15.799063,7.0,,,,,,,
51.077084,15.739104,0.35510933,51.077084,15.739104,0.41369927,,,,,,,,,,,,,,,,,,,,,,,,,,,,,,,,,,,,,,,,,,,,,,,,,,,,,,,,,,,,,51.077084,15.739104,0.15531601,51.077084,15.739104,0.49860632,,,,,,,,,,,,,,,,,51.077084,15.829042,-0.06887081,51.077084,15.829042,-0.20604146,,,,,,,,,,,,,,,,,,,,,,,,,,,,,51.077084,15.829042,1.0000001e-07,51.077084,15.829042,7.0,,,,,,,
51.077084,15.769083,0.35308644,51.077084,15.769083,0.40867174,,,,,,,,,,,,,,,,,,,,,,,,,,,,,,,,,,,,,,,,,,,,,,,,,,,,,,,,,,,,,51.077084,15.769083,-0.12491049,51.077084,15.769083,-0.21396968,,,,,,,,,,,,,,,,,51.077084,15.859021,-0.01829292,51.077084,15.859021,-0.10978463,,,,,,,,,,,,,,,,,,,,,,,,,,,,,51.077084,15.859021,1.0000001e-07,51.077084,15.859021,7.0,,,,,,,
51.077084,15.799063,0.35287818,51.077084,15.799063,0.4112598,,,,,,,,,,,,,,,,,,,,,,,,,,,,,,,,,,,,,,,,,,,,,,,,,,,,,,,,,,,,,51.077084,15.799063,-0.18882415,51.077084,15.799063,0.16669747,,,,,,,,,,,,,,,,,51.077084,15.889001,0.01533543,51.077084,15.889001,-0.09452323,,,,,,,,,,,,,,,,,,,,,,,,,,,,,51.077084,15.889001,1.0000001e-07,51.077084,15.889001,7.0,,,,,,,
51.077084,15.8290415,0.35287815,51.077084,15.8290415,0.40678272,,,,,,,,,,,,,,,,,,,,,,,,,,,,,,,,,,,,,,,,,,,,,,,,,,,,,,,,,,,,,51.077084,15.8290415,-0.14793675,51.077084,15.8290415,-0.44331798,,,,,,,,,,,,,,,,,51.077084,15.91898,-0.09380767,51.077084,15.91898,0.005970465,,,,,,,,,,,,,,,,,,,,,,,,,,,,,51.077084,15.91898,1.0000001e-07,51.077084,15.91898,7.0,,,,,,,
51.077084,15.859021,0.35360703,51.077084,15.859021,0.4084189,,,,,,,,,,,,,,,,,,,,,,,,,,,,,,,,,,,,,,,,,,,,,,,,,,,,,,,,,,,,,51.077084,15.859021,-0.08031111,51.077084,15.859021,-0.23750581,,,,,,,,,,,,,,,,,51.077084,15.948959,-0.14016968,51.077084,15.948959,-0.23982371,,,,,,,,,,,,,,,,,,,,,,,,,,,,,51.077084,15.948959,1.0000001e-07,51.077084,15.948959,7.0,,,,,,,
51.077084,15.889,0.3542466,51.077084,15.889,0.40861222,,,,,,,,,,,,,,,,,,,,,,,,,,,,,,,,,,,,,,,,,,,,,,,,,,,,,,,,,,,,,51.077084,15.889,0.036428645,51.077084,15.889,-0.19567941,,,,,,,,,,,,,,,,,51.077084,15.978938,-0.06734557,51.077084,15.978938,0.16890833,,,,,,,,,,,,,,,,,,,,,,,,,,,,,51.077084,15.978938,1.0000001e-07,51.077084,15.978938,7.0,,,,,,,
51.077084,15.91898,0.35253605,51.077084,15.91898,0.41036737,,,,,,,,,,,,,,,,,,,,,,,,,,,,,,,,,,,,,,,,,,,,,,,,,,,,,,,,,,,,,51.077084,15.91898,-0.21401021,51.077084,15.91898,0.042480256,,,,,,,,,,,,,,,,,51.077084,16.008917,-0.058969215,51.077084,16.008917,0.38512072,,,,,,,,,,,,,,,,,,,,,,,,,,,,,51.077084,16.008917,1.0000001e-07,51.077084,16.008917,7.0,,,,,,,
51.077084,15.948958,0.3517477,51.077084,15.948958,0.40617287,,,,,,,,,,,,,,,,,,,,,,,,,,,,,,,,,,,,,,,,,,,,,,,,,,,,,,,,,,,,,51.077084,15.948958,-0.30642653,51.077084,15.948958,-0.5236944,,,,,,,,,,,,,,,,,51.077084,16.038897,-0.22523294,51.077084,16.038897,0.05431582,,,,,,,,,,,,,,,,,,,,,,,,,,,,,51.077084,16.038897,1.0000001e-07,51.077084,16.038897,7.0,,,,,,,
51.077084,15.978938,0.3529228,51.077084,15.978938,0.4130299,,,,,,,,,,,,,,,,,,,,,,,,,,,,,,,,,,,,,,,,,,,,,,,,,,,,,,,,,,,,,51.077084,15.978938,-0.17414922,51.077084,15.978938,0.35951257,,,,,,,,,,,,,,,,,51.077084,16.068876,-0.07118367,51.077084,16.068876,-0.22793537,,,,,,,,,,,,,,,,,,,,,,,,,,,,,51.077084,16.068876,1.0000001e-07,51.077084,16.068876,7.0,,,,,,,
51.077084,16.008917,0.3530418,51.077084,16.008917,0.41670385,,,,,,,,,,,,,,,,,,,,,,,,,,,,,,,,,,,,,,,,,,,,,,,,,,,,,,,,,,,,,51.077084,16.008917,-0.20395745,51.077084,16.008917,0.8544935,,,,,,,,,,,,,,,,,51.077084,16.098856,-0.04475777,51.077084,16.098856,-0.076778345,,,,,,,,,,,,,,,,,,,,,,,,,,,,,51.077084,16.098856,1.0000001e-07,51.077084,16.098856,7.0,,,,,,,
51.077084,16.038897,0.35036442,51.077084,16.038897,0.41117057,,,,,,,,,,,,,,,,,,,,,,,,,,,,,,,,,,,,,,,,,,,,,,,,,,,,,,,,,,,,,51.077084,16.038897,-0.51341885,51.077084,16.038897,0.13944316,,,,,,,,,,,,,,,,,51.077084,16.128834,-0.25328344,51.077084,16.128834,0.16534747,,,,,,,,,,,,,,,,,,,,,,,,,,,,,51.077084,16.128834,1.0000001e-07,51.077084,16.128834,7.0,,,,,,,
51.077084,16.068876,0.35284844,51.077084,16.068876,0.4065,,,,,,,,,,,,,,,,,,,,,,,,,,,,,,,,,,,,,,,,,,,,,,,,,,,,,,,,,,,,,51.077084,16.068876,-0.17216843,51.077084,16.068876,-0.47466946,,,,,,,,,,,,,,,,,51.077084,16.158813,0.07334605,51.077084,16.158813,0.03889434,,,,,,,,,,,,,,,,,,,,,,,,,,,,,51.077084,16.158813,1.0000001e-07,51.077084,16.158813,7.0,,,,,,,
51.077084,16.098854,0.35330954,51.077084,16.098854,0.40898407,,,,,,,,,,,,,,,,,,,,,,,,,,,,,,,,,,,,,,,,,,,,,,,,,,,,,,,,,,,,,51.077084,16.098854,-0.080977954,51.077084,16.098854,-0.16705306,,,,,,,,,,,,,,,,,51.077084,16.188793,0.11934752,51.077084,16.188793,-0.07900475,,,,,,,,,,,,,,,,,,,,,,,,,,,,,51.077084,16.188793,1.0000001e-07,51.077084,16.188793,7.0,,,,,,,
51.077084,16.128834,0.34987354,51.077084,16.128834,0.41288114,,,,,,,,,,,,,,,,,,,,,,,,,,,,,,,,,,,,,,,,,,,,,,,,,,,,,,,,,,,,,51.077084,16.128834,-0.5877609,51.077084,16.128834,0.35036957,,,,,,,,,,,,,,,,,51.077084,16.218773,-0.02453153,51.077084,16.218773,-0.034074858,,,,,,,,,,,,,,,,,,,,,,,,,,,,,51.077084,16.218773,1.0000001e-07,51.077084,16.218773,7.0,,,,,,,
51.077084,16.158813,0.35518372,51.077084,16.158813,0.4107839,,,,,,,,,,,,,,,,,,,,,,,,,,,,,,,,,,,,,,,,,,,,,,,,,,,,,,,,,,,,,51.077084,16.158813,0.2035082,51.077084,16.158813,0.05427869,,,,,,,,,,,,,,,,,51.077084,16.24875,-0.06324652,51.077084,16.24875,0.1919921,,,,,,,,,,,,,,,,,,,,,,,,,,,,,51.077084,16.24875,1.0000001e-07,51.077084,16.24875,7.0,,,,,,,
51.077084,16.188793,0.35583818,51.077084,16.188793,0.40899897,,,,,,,,,,,,,,,,,,,,,,,,,,,,,,,,,,,,,,,,,,,,,,,,,,,,,,,,,,,,,51.077084,16.188793,0.2738375,51.077084,16.188793,-0.15008558,,,,,,,,,,,,,,,,,51.077084,16.27873,0.019899182,51.077084,16.27873,0.08971556,,,,,,,,,,,,,,,,,,,,,,,,,,,,,51.077084,16.27873,1.0000001e-07,51.077084,16.27873,7.0,,,,,,,
51.077084,16.218773,0.35360706,51.077084,16.218773,0.40974268,,,,,,,,,,,,,,,,,,,,,,,,,,,,,,,,,,,,,,,,,,,,,,,,,,,,,,,,,,,,,51.077084,16.218773,-0.1017555,51.077084,16.218773,-0.046009287,,,,,,,,,,,,,,,,,51.077084,16.30871,-0.03694447,51.077084,16.30871,-0.209953,,,,,,,,,,,,,,,,,,,,,,,,,,,,,51.077084,16.30871,1.0000001e-07,51.077084,16.30871,7.0,,,,,,,
51.077084,16.24875,0.35311615,51.077084,16.24875,0.41328275,,,,,,,,,,,,,,,,,,,,,,,,,,,,,,,,,,,,,,,,,,,,,,,,,,,,,,,,,,,,,51.077084,16.24875,-0.11774475,51.077084,16.24875,0.4018723,,,,,,,,,,,,,,,,,51.077084,16.33869,0.05326228,51.077084,16.33869,0.47749,,,,,,,,,,,,,,,,,,,,,,,,,,,,,51.077084,16.33869,1.0000001e-07,51.077084,16.33869,7.0,,,,,,,
51.077084,16.27873,0.35429126,51.077084,16.27873,0.4116317,,,,,,,,,,,,,,,,,,,,,,,,,,,,,,,,,,,,,,,,,,,,,,,,,,,,,,,,,,,,,51.077084,16.27873,0.05104249,51.077084,16.27873,0.19732496,,,,,,,,,,,,,,,,,51.077084,16.368668,-0.06300377,51.077084,16.368668,0.17927167,,,,,,,,,,,,,,,,,,,,,,,,,,,,,51.077084,16.368668,1.0000001e-07,51.077084,16.368668,7.0,,,,,,,
51.077084,16.30871,0.35348803,51.077084,16.30871,0.4069463,,,,,,,,,,,,,,,,,,,,,,,,,,,,,,,,,,,,,,,,,,,,,,,,,,,,,,,,,,,,,51.077084,16.30871,-0.0482616,51.077084,16.30871,-0.43616965,,,,,,,,,,,,,,,,,51.077084,16.398647,-0.114576526,51.077084,16.398647,0.093722925,,,,,,,,,,,,,,,,,,,,,,,,,,,,,51.077084,16.398647,1.0000001e-07,51.077084,16.398647,7.0,,,,,,,
51.077084,16.33869,0.3548862,51.077084,16.33869,0.41781938,,,,,,,,,,,,,,,,,,,,,,,,,,,,,,,,,,,,,,,,,,,,,,,,,,,,,,,,,,,,,51.077084,16.33869,0.13716187,51.077084,16.33869,1.0209265,,,,,,,,,,,,,,,,,51.077084,16.428627,0.026346121,51.077084,16.428627,-0.117199674,,,,,,,,,,,,,,,,,,,,,,,,,,,,,51.077084,16.428627,1.0000001e-07,51.077084,16.428627,7.0,,,,,,,
51.077084,16.368668,0.35305664,51.077084,16.368668,0.41305962,,,,,,,,,,,,,,,,,,,,,,,,,,,,,,,,,,,,,,,,,,,,,,,,,,,,,,,,,,,,,51.077084,16.368668,-0.11889306,51.077084,16.368668,0.36994827,,,,,,,,,,,,,,,,,51.077084,16.458607,-0.12840867,51.077084,16.458607,-0.06414997,,,,,,,,,,,,,,,,,,,,,,,,,,,,,51.077084,16.458607,1.0000001e-07,51.077084,16.458607,7.0,,,,,,,
51.077084,16.398647,0.3521642,51.077084,16.398647,0.4116466,,,,,,,,,,,,,,,,,,,,,,,,,,,,,,,,,,,,,,,,,,,,,,,,,,,,,,,,,,,,,51.077084,16.398647,-0.24800645,51.077084,16.398647,0.2055769,,,,,,,,,,,,,,,,,51.077084,16.488585,0.14905207,51.077084,16.488585,-0.10258436,,,,,,,,,,,,,,,,,,,,,,,,,,,,,51.077084,16.488585,1.0000001e-07,51.077084,16.488585,7.0,,,,,,,
51.077084,16.428627,0.35436562,51.077084,16.428627,0.40846348,,,,,,,,,,,,,,,,,,,,,,,,,,,,,,,,,,,,,,,,,,,,,,,,,,,,,,,,,,,,,51.077084,16.428627,0.0829736,51.077084,16.428627,-0.21174386,,,,,,,,,,,,,,,,,51.077084,16.518564,-0.09672372,51.077084,16.518564,0.066488214,,,,,,,,,,,,,,,,,,,,,,,,,,,,,51.077084,16.518564,1.0000001e-07,51.077084,16.518564,7.0,,,,,,,
51.077084,16.458607,0.3521196,51.077084,16.458607,0.40919232,,,,,,,,,,,,,,,,,,,,,,,,,,,,,,,,,,,,,,,,,,,,,,,,,,,,,,,,,,,,,51.077084,16.458607,-0.23380941,51.077084,16.458607,-0.12723246,,,,,,,,,,,,,,,,,51.077084,16.548544,-0.13041683,51.077084,16.548544,-0.020498075,,,,,,,,,,,,,,,,,,,,,,,,,,,,,51.077084,16.548544,1.0000001e-07,51.077084,16.548544,7.0,,,,,,,
51.077084,16.488585,0.35631415,51.077084,16.488585,0.40871635,,,,,,,,,,,,,,,,,,,,,,,,,,,,,,,,,,,,,,,,,,,,,,,,,,,,,,,,,,,,,51.077084,16.488585,0.3509642,51.077084,16.488585,-0.17990261,,,,,,,,,,,,,,,,,51.077084,16.578524,0.06023224,51.077084,16.578524,0.20167994,,,,,,,,,,,,,,,,,,,,,,,,,,,,,51.077084,16.578524,1.0000001e-07,51.077084,16.578524,7.0,,,,,,,
51.077084,16.518564,0.35244682,51.077084,16.518564,0.411245,,,,,,,,,,,,,,,,,,,,,,,,,,,,,,,,,,,,,,,,,,,,,,,,,,,,,,,,,,,,,51.077084,16.518564,-0.22815286,51.077084,16.518564,0.15391795,,,,,,,,,,,,,,,,,51.077084,16.608501,-0.030578772,51.077084,16.608501,-0.27051276,,,,,,,,,,,,,,,,,,,,,,,,,,,,,51.077084,16.608501,1.0000001e-07,51.077084,16.608501,7.0,,,,,,,
51.077084,16.548544,0.35203034,51.077084,16.548544,0.4098319,,,,,,,,,,,,,,,,,,,,,,,,,,,,,,,,,,,,,,,,,,,,,,,,,,,,,,,,,,,,,51.077084,16.548544,-0.30613557,51.077084,16.548544,-0.02351634,,,,,,,,,,,,,,,,,51.077084,16.638481,-0.0062487456,51.077084,16.638481,-0.3809156,,,,,,,,,,,,,,,,,,,,,,,,,,,,,51.077084,16.638481,1.0000001e-07,51.077084,16.638481,7.0,,,,,,,
51.077084,16.578524,0.35503495,51.077084,16.578524,0.4134315,,,,,,,,,,,,,,,,,,,,,,,,,,,,,,,,,,,,,,,,,,,,,,,,,,,,,,,,,,,,,51.077084,16.578524,0.176006,51.077084,16.578524,0.43080214,,,,,,,,,,,,,,,,,51.077084,16.66846,0.032930378,51.077084,16.66846,0.37742713,,,,,,,,,,,,,,,,,,,,,,,,,,,,,51.077084,16.66846,1.0000001e-07,51.077084,16.66846,7.0,,,,,,,
51.077084,16.608501,0.3535624,51.077084,16.608501,0.4059795,,,,,,,,,,,,,,,,,,,,,,,,,,,,,,,,,,,,,,,,,,,,,,,,,,,,,,,,,,,,,51.077084,16.608501,-0.07166594,51.077084,16.608501,-0.5497161,,,,,,,,,,,,,,,,,51.077084,16.69844,-0.016843684,51.077084,16.69844,-0.20643565,,,,,,,,,,,,,,,,,,,,,,,,,,,,,51.077084,16.69844,1.0000001e-07,51.077084,16.69844,7.0,,,,,,,
51.077084,16.638481,0.35393426,51.077084,16.638481,0.40444744,,,,,,,,,,,,,,,,,,,,,,,,,,,,,,,,,,,,,,,,,,,,,,,,,,,,,,,,,,,,,51.077084,16.638481,0.022218546,51.077084,16.638481,-0.76356596,,,,,,,,,,,,,,,,,51.077084,16.72842,-0.015899744,51.077084,16.72842,0.20441431,,,,,,,,,,,,,,,,,,,,,,,,,,,,,51.077084,16.72842,1.0000001e-07,51.077084,16.72842,7.0,,,,,,,
51.077084,16.66846,0.35463333,51.077084,16.66846,0.41591555,,,,,,,,,,,,,,,,,,,,,,,,,,,,,,,,,,,,,,,,,,,,,,,,,,,,,,,,,,,,,51.077084,16.66846,0.123594284,51.077084,16.66846,0.7594764,,,,,,,,,,,,,,,,,51.077084,16.758398,-0.025236301,51.077084,16.758398,-0.098027796,,,,,,,,,,,,,,,,,,,,,,,,,,,,,51.077084,16.758398,1.0000001e-07,51.077084,16.758398,7.0,,,,,,,
51.077084,16.69844,0.3537409,51.077084,16.69844,0.40703556,,,,,,,,,,,,,,,,,,,,,,,,,,,,,,,,,,,,,,,,,,,,,,,,,,,,,,,,,,,,,51.077084,16.69844,-0.058617804,51.077084,16.69844,-0.4226372,,,,,,,,,,,,,,,,,51.077084,16.788378,0.07448997,51.077084,16.788378,-0.111659355,,,,,,,,,,,,,,,,,,,,,,,,,,,,,51.077084,16.788378,1.0000001e-07,51.077084,16.788378,7.0,,,,,,,
51.077084,16.728418,0.35380042,51.077084,16.728418,0.41331252,,,,,,,,,,,,,,,,,,,,,,,,,,,,,,,,,,,,,,,,,,,,,,,,,,,,,,,,,,,,,51.077084,16.728418,-0.017622577,51.077084,16.728418,0.40823686,,,,,,,,,,,,,,,,,51.077084,16.818357,-0.037281428,51.077084,16.818357,-0.10568181,,,,,,,,,,,,,,,,,,,,,,,,,,,,,51.077084,16.818357,1.0000001e-07,51.077084,16.818357,7.0,,,,,,,
51.077084,16.758398,0.35360706,51.077084,16.758398,0.40871635,,,,,,,,,,,,,,,,,,,,,,,,,,,,,,,,,,,,,,,,,,,,,,,,,,,,,,,,,,,,,51.077084,16.758398,-0.05957399,51.077084,16.758398,-0.18852186,,,,,,,,,,,,,,,,,51.077084,16.848337,-0.13513477,51.077084,16.848337,0.08467479,,,,,,,,,,,,,,,,,,,,,,,,,,,,,51.077084,16.848337,1.0000001e-07,51.077084,16.848337,7.0,,,,,,,
51.077084,16.788378,0.3552432,51.077084,16.788378,0.40849322,,,,,,,,,,,,,,,,,,,,,,,,,,,,,,,,,,,,,,,,,,,,,,,,,,,,,,,,,,,,,51.077084,16.788378,0.16796044,51.077084,16.788378,-0.19637626,,,,,,,,,,,,,,,,,51.077084,16.878315,0.28717756,51.077084,16.878315,0.25792405,,,,,,,,,,,,,,,,,,,,,,,,,,,,,51.077084,16.878315,1.0000001e-07,51.077084,16.878315,7.0,,,,,,,
51.077084,16.818357,0.35341367,51.077084,16.818357,0.4086271,,,,,,,,,,,,,,,,,,,,,,,,,,,,,,,,,,,,,,,,,,,,,,,,,,,,,,,,,,,,,51.077084,16.818357,-0.06830201,51.077084,16.818357,-0.1905415,,,,,,,,,,,,,,,,,51.077084,16.908295,-0.1875914,51.077084,16.908295,-0.18579786,,,,,,,,,,,,,,,,,,,,,,,,,,,,,51.077084,16.908295,1.0000001e-07,51.077084,16.908295,7.0,,,,,,,
51.077084,16.848335,0.35203037,51.077084,16.848335,0.41143835,,,,,,,,,,,,,,,,,,,,,,,,,,,,,,,,,,,,,,,,,,,,,,,,,,,,,,,,,,,,,51.077084,16.848335,-0.23945226,51.077084,16.848335,0.18569987,,,,,,,,,,,,,,,,,51.077084,16.938274,0.2220348,51.077084,16.938274,0.22437552,,,,,,,,,,,,,,,,,,,,,,,,,,,,,51.077084,16.938274,1.0000001e-07,51.077084,16.938274,7.0,,,,,,,
51.077084,16.878315,0.35829243,51.077084,16.878315,0.4140116,,,,,,,,,,,,,,,,,,,,,,,,,,,,,,,,,,,,,,,,,,,,,,,,,,,,,,,,,,,,,51.077084,16.878315,0.6371262,51.077084,16.878315,0.5195032,,,,,,,,,,,,,,,,,51.077084,16.968254,0.04003039,51.077084,16.968254,0.10063318,,,,,,,,,,,,,,,,,,,,,,,,,,,,,51.077084,16.968254,1.0000001e-07,51.077084,16.968254,7.0,,,,,,,
51.077084,16.908295,0.35134614,51.077084,16.908295,0.4074818,,,,,,,,,,,,,,,,,,,,,,,,,,,,,,,,,,,,,,,,,,,,,,,,,,,,,,,,,,,,,51.077084,16.908295,-0.3462937,51.077084,16.908295,-0.35139057,,,,,,,,,,,,,,,,,51.077084,16.998232,-0.17918563,51.077084,16.998232,0.029519089,,,,,,,,,,,,,,,,,,,,,,,,,,,,,51.077084,16.998232,1.0000001e-07,51.077084,16.998232,7.0,,,,,,,
51.077084,16.938274,0.35728097,51.077084,16.938274,0.41362488,,,,,,,,,,,,,,,,,,,,,,,,,,,,,,,,,,,,,,,,,,,,,,,,,,,,,,,,,,,,,51.077084,16.938274,0.47804177,51.077084,16.938274,0.45275587,,,,,,,,,,,,,,,,,51.077084,17.028212,-0.16664854,51.077084,17.028212,-0.20860864,,,,,,,,,,,,,,,,,,,,,,,,,,,,,51.077084,17.028212,1.0000001e-07,51.077084,17.028212,7.0,,,,,,,
51.077084,16.968252,0.35467798,51.077084,16.968252,0.4117061,,,,,,,,,,,,,,,,,,,,,,,,,,,,,,,,,,,,,,,,,,,,,,,,,,,,,,,,,,,,,51.077084,16.968252,0.07977275,51.077084,16.968252,0.21922462,,,,,,,,,,,,,,,,,51.077084,17.058191,-0.04263275,51.077084,17.058191,-0.15411061,,,,,,,,,,,,,,,,,,,,,,,,,,,,,51.077084,17.058191,1.0000001e-07,51.077084,17.058191,7.0,,,,,,,
51.077084,16.998232,0.35150972,51.077084,16.998232,0.41072437,,,,,,,,,,,,,,,,,,,,,,,,,,,,,,,,,,,,,,,,,,,,,,,,,,,,,,,,,,,,,51.077084,16.998232,-0.37566438,51.077084,16.998232,0.068392314,,,,,,,,,,,,,,,,,51.077084,17.088171,0.08316067,51.077084,17.088171,-0.09751788,,,,,,,,,,,,,,,,,,,,,,,,,,,,,51.077084,17.088171,1.0000001e-07,51.077084,17.088171,7.0,,,,,,,
51.077084,17.028212,0.35156924,51.077084,17.028212,0.40719917,,,,,,,,,,,,,,,,,,,,,,,,,,,,,,,,,,,,,,,,,,,,,,,,,,,,,,,,,,,,,51.077084,17.028212,-0.32741797,51.077084,17.028212,-0.41917527,,,,,,,,,,,,,,,,,51.077084,17.118149,-0.09083141,51.077084,17.118149,0.04155539,,,,,,,,,,,,,,,,,,,,,,,,,,,,,51.077084,17.118149,1.0000001e-07,51.077084,17.118149,7.0,,,,,,,
51.077084,17.058191,0.35344338,51.077084,17.058191,0.40797266,,,,,,,,,,,,,,,,,,,,,,,,,,,,,,,,,,,,,,,,,,,,,,,,,,,,,,,,,,,,,51.077084,17.058191,-0.028687958,51.077084,17.058191,-0.30684114,,,,,,,,,,,,,,,,,51.077084,17.148129,-0.099683456,51.077084,17.148129,-0.07544678,,,,,,,,,,,,,,,,,,,,,,,,,,,,,51.077084,17.148129,1.0000001e-07,51.077084,17.148129,7.0,,,,,,,
51.077084,17.088171,0.35519853,51.077084,17.088171,0.40885025,,,,,,,,,,,,,,,,,,,,,,,,,,,,,,,,,,,,,,,,,,,,,,,,,,,,,,,,,,,,,51.077084,17.088171,0.19217832,51.077084,17.088171,-0.14462286,,,,,,,,,,,,,,,,,51.077084,17.178108,-0.1100527,51.077084,17.178108,0.025233869,,,,,,,,,,,,,,,,,,,,,,,,,,,,,51.077084,17.178108,1.0000001e-07,51.077084,17.178108,7.0,,,,,,,
51.077084,17.118149,0.3527443,51.077084,17.118149,0.4108136,,,,,,,,,,,,,,,,,,,,,,,,,,,,,,,,,,,,,,,,,,,,,,,,,,,,,,,,,,,,,51.077084,17.118149,-0.19070831,51.077084,17.118149,0.09611072,,,,,,,,,,,,,,,,,51.077084,17.208088,0.13815549,51.077084,17.208088,0.0054586497,,,,,,,,,,,,,,,,,,,,,,,,,,,,,51.077084,17.208088,1.0000001e-07,51.077084,17.208088,7.0,,,,,,,
51.077084,17.148129,0.35255092,51.077084,17.148129,0.40907332,,,,,,,,,,,,,,,,,,,,,,,,,,,,,,,,,,,,,,,,,,,,,,,,,,,,,,,,,,,,,51.077084,17.148129,-0.17911416,51.077084,17.148129,-0.12909986,,,,,,,,,,,,,,,,,51.077084,17.238066,-0.0902778,51.077084,17.238066,-0.024760203,,,,,,,,,,,,,,,,,,,,,,,,,,,,,51.077084,17.238066,1.0000001e-07,51.077084,17.238066,7.0,,,,,,,
51.077084,17.178108,0.3525212,51.077084,17.178108,0.4106351,,,,,,,,,,,,,,,,,,,,,,,,,,,,,,,,,,,,,,,,,,,,,,,,,,,,,,,,,,,,,51.077084,17.178108,-0.2180376,51.077084,17.178108,0.07212895,,,,,,,,,,,,,,,,,51.077084,17.268045,-0.0110768275,51.077084,17.268045,-0.4611057,,,,,,,,,,,,,,,,,,,,,,,,,,,,,51.077084,17.268045,1.0000001e-07,51.077084,17.268045,7.0,,,,,,,
51.077084,17.208088,0.35603154,51.077084,17.208088,0.41038227,,,,,,,,,,,,,,,,,,,,,,,,,,,,,,,,,,,,,,,,,,,,,,,,,,,,,,,,,,,,,51.077084,17.208088,0.3108637,51.077084,17.208088,0.02323618,,,,,,,,,,,,,,,,,51.077084,17.298025,0.015043395,51.077084,17.298025,-0.17210184,,,,,,,,,,,,,,,,,,,,,,,,,,,,,51.077084,17.298025,1.0000001e-07,51.077084,17.298025,7.0,,,,,,,
51.077084,17.238066,0.3528187,51.077084,17.238066,0.40981704,,,,,,,,,,,,,,,,,,,,,,,,,,,,,,,,,,,,,,,,,,,,,,,,,,,,,,,,,,,,,51.077084,17.238066,-0.15027724,51.077084,17.238066,-0.05173958,,,,,,,,,,,,,,,,,51.077084,17.328005,0.034204036,51.077084,17.328005,0.3709481,,,,,,,,,,,,,,,,,,,,,,,,,,,,,51.077084,17.328005,1.0000001e-07,51.077084,17.328005,7.0,,,,,,,
51.077084,17.268045,0.35393426,51.077084,17.268045,0.40373346,,,,,,,,,,,,,,,,,,,,,,,,,,,,,,,,,,,,,,,,,,,,,,,,,,,,,,,,,,,,,51.077084,17.268045,-0.019178335,51.077084,17.268045,-0.8561689,,,,,,,,,,,,,,,,,51.077084,17.357983,-0.16028863,51.077084,17.357983,-0.136923,,,,,,,,,,,,,,,,,,,,,,,,,,,,,51.077084,17.357983,1.0000001e-07,51.077084,17.357983,7.0,,,,,,,
51.077084,17.298025,0.3543061,51.077084,17.298025,0.40780902,,,,,,,,,,,,,,,,,,,,,,,,,,,,,,,,,,,,,,,,,,,,,,,,,,,,,,,,,,,,,51.077084,17.298025,0.064888515,51.077084,17.298025,-0.31632683,,,,,,,,,,,,,,,,,51.077084,17.387962,-0.0485972,51.077084,17.387962,-0.27159813,,,,,,,,,,,,,,,,,,,,,,,,,,,,,51.077084,17.387962,1.0000001e-07,51.077084,17.387962,7.0,,,,,,,
51.077084,17.328005,0.35449946,51.077084,17.328005,0.41543955,,,,,,,,,,,,,,,,,,,,,,,,,,,,,,,,,,,,,,,,,,,,,,,,,,,,,,,,,,,,,51.077084,17.328005,0.07244562,51.077084,17.328005,0.70029104,,,,,,,,,,,,,,,,,51.077084,17.417942,-0.07899532,51.077084,17.417942,0.09135261,,,,,,,,,,,,,,,,,,,,,,,,,,,,,51.077084,17.417942,1.0000001e-07,51.077084,17.417942,7.0,,,,,,,
51.077084,17.357983,0.35171795,51.077084,17.357983,0.40827015,,,,,,,,,,,,,,,,,,,,,,,,,,,,,,,,,,,,,,,,,,,,,,,,,,,,,,,,,,,,,51.077084,17.357983,-0.31414494,51.077084,17.357983,-0.25638193,,,,,,,,,,,,,,,,,51.077084,17.447922,0.00469799,51.077084,17.447922,-0.29223394,,,,,,,,,,,,,,,,,,,,,,,,,,,,,51.077084,17.447922,1.0000001e-07,51.077084,17.447922,7.0,,,,,,,
51.077084,17.387962,0.35335413,51.077084,17.387962,0.40633646,,,,,,,,,,,,,,,,,,,,,,,,,,,,,,,,,,,,,,,,,,,,,,,,,,,,,,,,,,,,,51.077084,17.387962,-0.08493472,51.077084,17.387962,-0.5326631,,,,,,,,,,,,,,,,,51.077084,17.477901,-0.052208666,51.077084,17.477901,-0.28326792,,,,,,,,,,,,,,,,,,,,,,,,,,,,,51.077084,17.477901,1.0000001e-07,51.077084,17.477901,7.0,,,,,,,
51.077084,17.417942,0.35302693,51.077084,17.417942,0.41160193,,,,,,,,,,,,,,,,,,,,,,,,,,,,,,,,,,,,,,,,,,,,,,,,,,,,,,,,,,,,,51.077084,17.417942,-0.12739703,51.077084,17.417942,0.20825839,,,,,,,,,,,,,,,,,51.077084,17.50788,0.052159574,51.077084,17.50788,0.06711519,,,,,,,,,,,,,,,,,,,,,,,,,,,,,51.077084,17.50788,1.0000001e-07,51.077084,17.50788,7.0,,,,,,,
51.077084,17.447922,0.35408297,51.077084,17.447922,0.4062472,,,,,,,,,,,,,,,,,,,,,,,,,,,,,,,,,,,,,,,,,,,,,,,,,,,,,,,,,,,,,51.077084,17.447922,0.042757683,51.077084,17.447922,-0.5448482,,,,,,,,,,,,,,,,,51.077084,17.537859,0.03716061,51.077084,17.537859,-0.041829832,,,,,,,,,,,,,,,,,,,,,,,,,,,,,51.077084,17.537859,1.0000001e-07,51.077084,17.537859,7.0,,,,,,,
51.077084,17.4779,0.3533393,51.077084,17.4779,0.4063067,,,,,,,,,,,,,,,,,,,,,,,,,,,,,,,,,,,,,,,,,,,,,,,,,,,,,,,,,,,,,51.077084,17.4779,-0.065291315,51.077084,17.4779,-0.5089681,,,,,,,,,,,,,,,,,51.077084,17.567839,-0.09258548,51.077084,17.567839,0.17604412,,,,,,,,,,,,,,,,,,,,,,,,,,,,,51.077084,17.567839,1.0000001e-07,51.077084,17.567839,7.0,,,,,,,
51.077084,17.50788,0.35482672,51.077084,17.50788,0.41120037,,,,,,,,,,,,,,,,,,,,,,,,,,,,,,,,,,,,,,,,,,,,,,,,,,,,,,,,,,,,,51.077084,17.50788,0.1426746,51.077084,17.50788,0.16248243,,,,,,,,,,,,,,,,,51.077084,17.597818,-0.03282246,51.077084,17.597818,0.06306024,,,,,,,,,,,,,,,,,,,,,,,,,,,,,51.077084,17.597818,1.0000001e-07,51.077084,17.597818,7.0,,,,,,,
51.077084,17.537859,0.35446972,51.077084,17.537859,0.40959394,,,,,,,,,,,,,,,,,,,,,,,,,,,,,,,,,,,,,,,,,,,,,,,,,,,,,,,,,,,,,51.077084,17.537859,0.11070287,51.077084,17.537859,-0.049609005,,,,,,,,,,,,,,,,,51.077084,17.627796,-0.009980287,51.077084,17.627796,0.14212972,,,,,,,,,,,,,,,,,,,,,,,,,,,,,51.077084,17.627796,1.0000001e-07,51.077084,17.627796,7.0,,,,,,,
51.077084,17.567839,0.3528782,51.077084,17.567839,0.41268778,,,,,,,,,,,,,,,,,,,,,,,,,,,,,,,,,,,,,,,,,,,,,,,,,,,,,,,,,,,,,51.077084,17.567839,-0.18067186,51.077084,17.567839,0.3522511,,,,,,,,,,,,,,,,,51.077084,17.657776,-0.038351994,51.077084,17.657776,-0.07306132,,,,,,,,,,,,,,,,,,,,,,,,,,,,,51.077084,17.657776,1.0000001e-07,51.077084,17.657776,7.0,,,,,,,
51.077084,17.597816,0.35356238,51.077084,17.597816,0.41108137,,,,,,,,,,,,,,,,,,,,,,,,,,,,,,,,,,,,,,,,,,,,,,,,,,,,,,,,,,,,,51.077084,17.597816,-0.058899555,51.077084,17.597816,0.102533646,,,,,,,,,,,,,,,,,51.077084,17.687756,-0.12117485,51.077084,17.687756,0.54289156,,,,,,,,,,,,,,,,,,,,,,,,,,,,,51.077084,17.687756,1.0000001e-07,51.077084,17.687756,7.0,,,,,,,
51.077084,17.627796,0.35387474,51.077084,17.627796,0.41207796,,,,,,,,,,,,,,,,,,,,,,,,,,,,,,,,,,,,,,,,,,,,,,,,,,,,,,,,,,,,,51.077084,17.627796,0.033756945,51.077084,17.627796,0.2740529,,,,,,,,,,,,,,,,,51.077084,17.717735,-0.04397817,51.077084,17.717735,0.13794388,,,,,,,,,,,,,,,,,,,,,,,,,,,,,51.077084,17.717735,1.0000001e-07,51.077084,17.717735,7.0,,,,,,,
51.077084,17.657776,0.353607,51.077084,17.657776,0.40916255,,,,,,,,,,,,,,,,,,,,,,,,,,,,,,,,,,,,,,,,,,,,,,,,,,,,,,,,,,,,,51.077084,17.657776,-0.052026358,51.077084,17.657776,-0.14285508,,,,,,,,,,,,,,,,,51.077084,17.747713,0.08535209,51.077084,17.747713,-0.11032393,,,,,,,,,,,,,,,,,,,,,,,,,,,,,51.077084,17.747713,1.0000001e-07,51.077084,17.747713,7.0,,,,,,,
51.077084,17.687756,0.35237244,51.077084,17.687756,0.41749218,,,,,,,,,,,,,,,,,,,,,,,,,,,,,,,,,,,,,,,,,,,,,,,,,,,,,,,,,,,,,51.077084,17.687756,-0.23006143,51.077084,17.687756,0.96521974,,,,,,,,,,,,,,,,,51.077084,17.777693,0.15395914,51.077084,17.777693,0.11307568,,,,,,,,,,,,,,,,,,,,,,,,,,,,,51.077084,17.777693,1.0000001e-07,51.077084,17.777693,7.0,,,,,,,
51.077084,17.717733,0.35335413,51.077084,17.717733,0.4121077,,,,,,,,,,,,,,,,,,,,,,,,,,,,,,,,,,,,,,,,,,,,,,,,,,,,,,,,,,,,,51.077084,17.717733,-0.07901064,51.077084,17.717733,0.24734882,,,,,,,,,,,,,,,,,51.077084,17.807673,-0.26271832,51.077084,17.807673,0.057593174,,,,,,,,,,,,,,,,,,,,,,,,,,,,,51.077084,17.807673,1.0000001e-07,51.077084,17.807673,7.0,,,,,,,
51.077084,17.747713,0.35515398,51.077084,17.747713,0.40877584,,,,,,,,,,,,,,,,,,,,,,,,,,,,,,,,,,,,,,,,,,,,,,,,,,,,,,,,,,,,,51.077084,17.747713,0.21535936,51.077084,17.747713,-0.18653625,,,,,,,,,,,,,,,,,51.077084,17.837652,-0.19348049,51.077084,17.837652,0.08271459,,,,,,,,,,,,,,,,,,,,,,,,,,,,,51.077084,17.837652,1.0000001e-07,51.077084,17.837652,7.0,,,,,,,
51.077084,17.777693,0.3560464,51.077084,17.777693,0.41172093,,,,,,,,,,,,,,,,,,,,,,,,,,,,,,,,,,,,,,,,,,,,,,,,,,,,,,,,,,,,,51.077084,17.777693,0.3530798,51.077084,17.777693,0.21634237,,,,,,,,,,,,,,,,,51.077084,17.86763,-0.029175665,51.077084,17.86763,0.00012535519,,,,,,,,,,,,,,,,,,,,,,,,,,,,,51.077084,17.86763,1.0000001e-07,51.077084,17.86763,7.0,,,,,,,
51.077084,17.807673,0.3505429,51.077084,17.807673,0.41105163,,,,,,,,,,,,,,,,,,,,,,,,,,,,,,,,,,,,,,,,,,,,,,,,,,,,,,,,,,,,,51.077084,17.807673,-0.4790212,51.077084,17.807673,0.13091956,,,,,,,,,,,,,,,,,51.077084,17.89761,-0.21042143,51.077084,17.89761,-0.6177006,,,,,,,,,,,,,,,,,,,,,,,,,,,,,51.077084,17.89761,1.0000001e-07,51.077084,17.89761,7.0,,,,,,,
51.077084,17.83765,0.35146514,51.077084,17.83765,0.411245,,,,,,,,,,,,,,,,,,,,,,,,,,,,,,,,,,,,,,,,,,,,,,,,,,,,,,,,,,,,,51.077084,17.83765,-0.39007092,51.077084,17.83765,0.13769044,,,,,,,,,,,,,,,,,51.077084,17.92759,-0.064799815,51.077084,17.92759,0.4728017,,,,,,,,,,,,,,,,,,,,,,,,,,,,,51.077084,17.92759,1.0000001e-07,51.077084,17.92759,7.0,,,,,,,
51.077084,17.86763,0.3537558,51.077084,17.86763,0.41018894,,,,,,,,,,,,,,,,,,,,,,,,,,,,,,,,,,,,,,,,,,,,,,,,,,,,,,,,,,,,,51.077084,17.86763,-0.017169364,51.077084,17.86763,0.004214207,,,,,,,,,,,,,,,,,51.077084,17.95757,0.16044168,51.077084,17.95757,-0.2164077,,,,,,,,,,,,,,,,,,,,,,,,,,,,,51.077084,17.95757,1.0000001e-07,51.077084,17.95757,7.0,,,,,,,
51.077084,17.89761,0.3513015,51.077084,17.89761,0.402008,,,,,,,,,,,,,,,,,,,,,,,,,,,,,,,,,,,,,,,,,,,,,,,,,,,,,,,,,,,,,51.077084,17.89761,-0.3749509,51.077084,17.89761,-1.0793685,,,,,,,,,,,,,,,,,51.077084,17.987547,0.3677641,51.077084,17.987547,0.16331135,,,,,,,,,,,,,,,,,,,,,,,,,,,,,51.077084,17.987547,1.0000001e-07,51.077084,17.987547,7.0,,,,,,,
51.077084,17.92759,0.35317567,51.077084,17.92759,0.41646588,,,,,,,,,,,,,,,,,,,,,,,,,,,,,,,,,,,,,,,,,,,,,,,,,,,,,,,,,,,,,51.077084,17.92759,-0.07958528,51.077084,17.92759,0.84707946,,,,,,,,,,,,,,,,,51.077084,18.017527,-0.18624379,51.077084,18.017527,0.27084503,,,,,,,,,,,,,,,,,,,,,,,,,,,,,51.077084,18.017527,1.0000001e-07,51.077084,18.017527,7.0,,,,,,,
51.077084,17.95757,0.3560613,51.077084,17.95757,0.40739253,,,,,,,,,,,,,,,,,,,,,,,,,,,,,,,,,,,,,,,,,,,,,,,,,,,,,,,,,,,,,51.077084,17.95757,0.2990279,51.077084,17.95757,-0.37083444,,,,,,,,,,,,,,,,,51.077084,18.047506,0.038468264,51.077084,18.047506,-0.06827419,,,,,,,,,,,,,,,,,,,,,,,,,,,,,51.077084,18.047506,1.0000001e-07,51.077084,18.047506,7.0,,,,,,,
51.077084,17.987547,0.35887253,51.077084,17.987547,0.4123754,,,,,,,,,,,,,,,,,,,,,,,,,,,,,,,,,,,,,,,,,,,,,,,,,,,,,,,,,,,,,51.077084,17.987547,0.7218594,51.077084,17.987547,0.30965185,,,,,,,,,,,,,,,,,51.077084,18.077486,-0.21391231,51.077084,18.077486,-0.23638542,,,,,,,,,,,,,,,,,,,,,,,,,,,,,51.077084,18.077486,1.0000001e-07,51.077084,18.077486,7.0,,,,,,,
51.077084,18.017527,0.3515395,51.077084,18.017527,0.41377366,,,,,,,,,,,,,,,,,,,,,,,,,,,,,,,,,,,,,,,,,,,,,,,,,,,,,,,,,,,,,51.077084,18.017527,-0.35443634,51.077084,18.017527,0.46733272,,,,,,,,,,,,,,,,,51.077084,18.107464,-0.047814853,51.077084,18.107464,-0.17861527,,,,,,,,,,,,,,,,,,,,,,,,,,,,,51.077084,18.107464,1.0000001e-07,51.077084,18.107464,7.0,,,,,,,
51.077084,18.047506,0.35451433,51.077084,18.047506,0.40941542,,,,,,,,,,,,,,,,,,,,,,,,,,,,,,,,,,,,,,,,,,,,,,,,,,,,,,,,,,,,,51.077084,18.047506,0.06624362,51.077084,18.047506,-0.10111418,,,,,,,,,,,,,,,,,51.077084,18.137444,0.2539816,51.077084,18.137444,-0.0012523002,,,,,,,,,,,,,,,,,,,,,,,,,,,,,51.077084,18.137444,1.0000001e-07,51.077084,18.137444,7.0,,,,,,,
51.077084,18.077486,0.3512123,51.077084,18.077486,0.40719917,,,,,,,,,,,,,,,,,,,,,,,,,,,,,,,,,,,,,,,,,,,,,,,,,,,,,,,,,,,,,51.077084,18.077486,-0.43025386,51.077084,18.077486,-0.3932613,,,,,,,,,,,,,,,,,51.077084,18.167423,0.08997593,51.077084,18.167423,0.5477327,,,,,,,,,,,,,,,,,,,,,,,,,,,,,51.077084,18.167423,1.0000001e-07,51.077084,18.167423,7.0,,,,,,,
51.077084,18.107464,0.35350287,51.077084,18.107464,0.40797263,,,,,,,,,,,,,,,,,,,,,,,,,,,,,,,,,,,,,,,,,,,,,,,,,,,,,,,,,,,,,51.077084,18.107464,-0.081267074,51.077084,18.107464,-0.30551794,,,,,,,,,,,,,,,,,51.077084,18.197403,-0.038959775,51.077084,18.197403,0.012566935,,,,,,,,,,,,,,,,,,,,,,,,,,,,,51.077084,18.197403,1.0000001e-07,51.077084,18.197403,7.0,,,,,,,
51.077084,18.137444,0.3573256,51.077084,18.137444,0.4102782,,,,,,,,,,,,,,,,,,,,,,,,,,,,,,,,,,,,,,,,,,,,,,,,,,,,,,,,,,,,,51.077084,18.137444,0.5116439,51.077084,18.137444,0.024761766,,,,,,,,,,,,,,,,,51.077084,18.22738,0.14164625,51.077084,18.22738,0.20564072,,,,,,,,,,,,,,,,,,,,,,,,,,,,,51.077084,18.22738,1.0000001e-07,51.077084,18.22738,7.0,,,,,,,
51.077084,18.167423,0.35527298,51.077084,18.167423,0.4172691,,,,,,,,,,,,,,,,,,,,,,,,,,,,,,,,,,,,,,,,,,,,,,,,,,,,,,,,,,,,,51.077084,18.167423,0.21001464,51.077084,18.167423,0.9332606,,,,,,,,,,,,,,,,,51.077084,18.25736,-0.09012364,51.077084,18.25736,-0.32521656,,,,,,,,,,,,,,,,,,,,,,,,,,,,,51.077084,18.25736,1.0000001e-07,51.077084,18.25736,7.0,,,,,,,
51.077084,18.197403,0.35351777,51.077084,18.197403,0.41035253,,,,,,,,,,,,,,,,,,,,,,,,,,,,,,,,,,,,,,,,,,,,,,,,,,,,,,,,,,,,,51.077084,18.197403,-0.07250512,51.077084,18.197403,0.03633878,,,,,,,,,,,,,,,,,51.077084,18.28734,-0.31202328,51.077084,18.28734,-0.12205868,,,,,,,,,,,,,,,,,,,,,,,,,,,,,51.077084,18.28734,1.0000001e-07,51.077084,18.28734,7.0,,,,,,,
51.077084,18.22738,0.35585302,51.077084,18.22738,0.4127324,,,,,,,,,,,,,,,,,,,,,,,,,,,,,,,,,,,,,,,,,,,,,,,,,,,,,,,,,,,,,51.077084,18.22738,0.2772494,51.077084,18.22738,0.35570237,,,,,,,,,,,,,,,,,51.077084,18.31732,-0.31088436,51.077084,18.31732,-0.01893272,,,,,,,,,,,,,,,,,,,,,,,,,,,,,51.077084,18.31732,1.0000001e-07,51.077084,18.31732,7.0,,,,,,,
51.077084,18.25736,0.35281867,51.077084,18.25736,0.4060241,,,,,,,,,,,,,,,,,,,,,,,,,,,,,,,,,,,,,,,,,,,,,,,,,,,,,,,,,,,,,51.077084,18.25736,-0.18222886,51.077084,18.25736,-0.5560616,,,,,,,,,,,,,,,,,51.077084,18.3473,0.18645924,51.077084,18.3473,-0.17643444,,,,,,,,,,,,,,,,,,,,,,,,,,,,,51.077084,18.3473,1.0000001e-07,51.077084,18.3473,7.0,,,,,,,
51.077084,18.28734,0.35012642,51.077084,18.28734,0.40862712,,,,,,,,,,,,,,,,,,,,,,,,,,,,,,,,,,,,,,,,,,,,,,,,,,,,,,,,,,,,,51.077084,18.28734,-0.57609165,51.077084,18.28734,-0.2062023,,,,,,,,,,,,,,,,,51.077084,18.377277,-0.05508496,51.077084,18.377277,-0.03115158,,,,,,,,,,,,,,,,,,,,,,,,,,,,,51.077084,18.377277,1.0000001e-07,51.077084,18.377277,7.0,,,,,,,
51.077084,18.31732,0.35014132,51.077084,18.31732,0.40996578,,,,,,,,,,,,,,,,,,,,,,,,,,,,,,,,,,,,,,,,,,,,,,,,,,,,,,,,,,,,,51.077084,18.31732,-0.5726811,51.077084,18.31732,-0.0053311787,,,,,,,,,,,,,,,,,51.077084,18.407257,0.0019032293,51.077084,18.407257,-0.07662893,,,,,,,,,,,,,,,,,,,,,,,,,,,,,51.077084,18.407257,1.0000001e-07,51.077084,18.407257,7.0,,,,,,,
51.077084,18.347298,0.35631415,51.077084,18.347298,0.40801725,,,,,,,,,,,,,,,,,,,,,,,,,,,,,,,,,,,,,,,,,,,,,,,,,,,,,,,,,,,,,51.077084,18.347298,0.3196417,51.077084,18.347298,-0.2680258,,,,,,,,,,,,,,,,,51.077084,18.437237,-0.016745515,51.077084,18.437237,-0.23500043,,,,,,,,,,,,,,,,,,,,,,,,,,,,,51.077084,18.437237,1.0000001e-07,51.077084,18.437237,7.0,,,,,,,
51.077084,18.377277,0.3533095,51.077084,18.377277,0.40981704,,,,,,,,,,,,,,,,,,,,,,,,,,,,,,,,,,,,,,,,,,,,,,,,,,,,,,,,,,,,,51.077084,18.377277,-0.07102089,51.077084,18.377277,-0.055306833,,,,,,,,,,,,,,,,,51.077084,18.467216,0.10948135,51.077084,18.467216,0.45445168,,,,,,,,,,,,,,,,,,,,,,,,,,,,,51.077084,18.467216,1.0000001e-07,51.077084,18.467216,7.0,,,,,,,
51.077084,18.407257,0.35403836,51.077084,18.407257,0.40916258,,,,,,,,,,,,,,,,,,,,,,,,,,,,,,,,,,,,,,,,,,,,,,,,,,,,,,,,,,,,,51.077084,18.407257,0.0006562736,51.077084,18.407257,-0.13092466,,,,,,,,,,,,,,,,,51.077084,18.497194,0.10515255,51.077084,18.497194,0.062265065,,,,,,,,,,,,,,,,,,,,,,,,,,,,,51.077084,18.497194,1.0000001e-07,51.077084,18.497194,7.0,,,,,,,
51.077084,18.437237,0.35381523,51.077084,18.437237,0.40724382,,,,,,,,,,,,,,,,,,,,,,,,,,,,,,,,,,,,,,,,,,,,,,,,,,,,,,,,,,,,,51.077084,18.437237,-0.02460731,51.077084,18.437237,-0.38269228,,,,,,,,,,,,,,,,,51.077084,18.527174,-0.11434448,51.077084,18.527174,0.12577587,,,,,,,,,,,,,,,,,,,,,,,,,,,,,51.077084,18.527174,1.0000001e-07,51.077084,18.527174,7.0,,,,,,,
51.077084,18.467215,0.35533243,51.077084,18.467215,0.41579652,,,,,,,,,,,,,,,,,,,,,,,,,,,,,,,,,,,,,,,,,,,,,,,,,,,,,,,,,,,,,51.077084,18.467215,0.23214978,51.077084,18.467215,0.7404635,,,,,,,,,,,,,,,,,51.077084,18.557154,0.023309588,51.077084,18.557154,0.122246794,,,,,,,,,,,,,,,,,,,,,,,,,,,,,51.077084,18.557154,1.0000001e-07,51.077084,18.557154,7.0,,,,,,,
51.077084,18.497194,0.3553176,51.077084,18.497194,0.4109921,,,,,,,,,,,,,,,,,,,,,,,,,,,,,,,,,,,,,,,,,,,,,,,,,,,,,,,,,,,,,51.077084,18.497194,0.20241049,51.077084,18.497194,0.10257161,,,,,,,,,,,,,,,,,51.077084,18.587133,-0.10300888,51.077084,18.587133,0.13804445,,,,,,,,,,,,,,,,,,,,,,,,,,,,,51.077084,18.587133,1.0000001e-07,51.077084,18.587133,7.0,,,,,,,
51.077084,18.527174,0.35268483,51.077084,18.527174,0.41183993,,,,,,,,,,,,,,,,,,,,,,,,,,,,,,,,,,,,,,,,,,,,,,,,,,,,,,,,,,,,,51.077084,18.527174,-0.20444825,51.077084,18.527174,0.21901956,,,,,,,,,,,,,,,,,51.077084,18.617111,0.016703386,51.077084,18.617111,0.11053598,,,,,,,,,,,,,,,,,,,,,,,,,,,,,51.077084,18.617111,1.0000001e-07,51.077084,18.617111,7.0,,,,,,,
51.077084,18.557154,0.35433584,51.077084,18.557154,0.41160196,,,,,,,,,,,,,,,,,,,,,,,,,,,,,,,,,,,,,,,,,,,,,,,,,,,,,,,,,,,,,51.077084,18.557154,0.05564097,51.077084,18.557154,0.19843636,,,,,,,,,,,,,,,,,51.077084,18.64709,0.35401472,51.077084,18.64709,0.15893863,,,,,,,,,,,,,,,,,,,,,,,,,,,,,51.077084,18.64709,1.0000001e-07,51.077084,18.64709,7.0,,,,,,,
51.077084,18.587132,0.35268483,51.077084,18.587132,0.41191432,,,,,,,,,,,,,,,,,,,,,,,,,,,,,,,,,,,,,,,,,,,,,,,,,,,,,,,,,,,,,51.077084,18.587132,-0.1921407,51.077084,18.587132,0.23469278,,,,,,,,,,,,,,,,,51.077084,18.67707,-0.0053064427,51.077084,18.67707,0.28215462,,,,,,,,,,,,,,,,,,,,,,,,,,,,,51.077084,18.67707,1.0000001e-07,51.077084,18.67707,7.0,,,,,,,
51.077084,18.617111,0.35418713,51.077084,18.617111,0.41151273,,,,,,,,,,,,,,,,,,,,,,,,,,,,,,,,,,,,,,,,,,,,,,,,,,,,,,,,,,,,,51.077084,18.617111,0.04223841,51.077084,18.617111,0.16565281,,,,,,,,,,,,,,,,,51.077084,18.70705,0.48713186,51.077084,18.70705,-0.17249765,,,,,,,,,,,,,,,,,,,,,,,,,,,,,51.077084,18.70705,1.0000001e-07,51.077084,18.70705,7.0,,,,,,,
51.077084,18.64709,0.35836682,51.077084,18.64709,0.41212258,,,,,,,,,,,,,,,,,,,,,,,,,,,,,,,,,,,,,,,,,,,,,,,,,,,,,,,,,,,,,51.077084,18.64709,0.64725274,51.077084,18.64709,0.2589101,,,,,,,,,,,,,,,,,51.077084,18.737028,0.08839773,51.077084,18.737028,-0.32194543,,,,,,,,,,,,,,,,,,,,,,,,,,,,,51.077084,18.737028,1.0000001e-07,51.077084,18.737028,7.0,,,,,,,
51.077084,18.67707,0.35400862,51.077084,18.67707,0.41365466,,,,,,,,,,,,,,,,,,,,,,,,,,,,,,,,,,,,,,,,,,,,,,,,,,,,,,,,,,,,,51.077084,18.67707,-0.024995036,51.077084,18.67707,0.45900515,,,,,,,,,,,,,,,,,51.077084,18.767008,-0.022814166,51.077084,18.767008,0.15075165,,,,,,,,,,,,,,,,,,,,,,,,,,,,,51.077084,18.767008,1.0000001e-07,51.077084,18.767008,7.0,,,,,,,
51.077084,18.707048,0.359884,51.077084,18.707048,0.40813625,,,,,,,,,,,,,,,,,,,,,,,,,,,,,,,,,,,,,,,,,,,,,,,,,,,,,,,,,,,,,51.077084,18.707048,0.8985635,51.077084,18.707048,-0.25873306,,,,,,,,,,,,,,,,,51.077084,18.796988,0.09473663,51.077084,18.796988,-0.30537498,,,,,,,,,,,,,,,,,,,,,,,,,,,,,51.077084,18.796988,1.0000001e-07,51.077084,18.796988,7.0,,,,,,,
51.077084,18.737028,0.35509443,51.077084,18.737028,0.4063959,,,,,,,,,,,,,,,,,,,,,,,,,,,,,,,,,,,,,,,,,,,,,,,,,,,,,,,,,,,,,51.077084,18.737028,0.1626846,51.077084,18.737028,-0.52543026,,,,,,,,,,,,,,,,,51.077084,18.826967,0.013002268,51.077084,18.826967,-0.04162938,,,,,,,,,,,,,,,,,,,,,,,,,,,,,51.077084,18.826967,1.0000001e-07,51.077084,18.826967,7.0,,,,,,,
51.077084,18.767008,0.35380042,51.077084,18.767008,0.4119887,,,,,,,,,,,,,,,,,,,,,,,,,,,,,,,,,,,,,,,,,,,,,,,,,,,,,,,,,,,,,51.077084,18.767008,-0.0044680964,51.077084,18.767008,0.24429758,,,,,,,,,,,,,,,,,51.077084,18.856945,0.1467771,51.077084,18.856945,-0.07886413,,,,,,,,,,,,,,,,,,,,,,,,,,,,,51.077084,18.856945,1.0000001e-07,51.077084,18.856945,7.0,,,,,,,
51.077084,18.796988,0.3551242,51.077084,18.796988,0.40651497,,,,,,,,,,,,,,,,,,,,,,,,,,,,,,,,,,,,,,,,,,,,,,,,,,,,,,,,,,,,,51.077084,18.796988,0.12764761,51.077084,18.796988,-0.48058477,,,,,,,,,,,,,,,,,51.077084,18.886925,0.19020326,51.077084,18.886925,-0.18907243,,,,,,,,,,,,,,,,,,,,,,,,,,,,,51.077084,18.886925,1.0000001e-07,51.077084,18.886925,7.0,,,,,,,
51.077084,18.826967,0.35411274,51.077084,18.826967,0.4097724,,,,,,,,,,,,,,,,,,,,,,,,,,,,,,,,,,,,,,,,,,,,,,,,,,,,,,,,,,,,,51.077084,18.826967,0.014205353,51.077084,18.826967,-0.067752875,,,,,,,,,,,,,,,,,51.077084,18.916904,0.04241594,51.077084,18.916904,0.2681145,,,,,,,,,,,,,,,,,,,,,,,,,,,,,51.077084,18.916904,1.0000001e-07,51.077084,18.916904,7.0,,,,,,,
51.077084,18.856945,0.35573408,51.077084,18.856945,0.4092667,,,,,,,,,,,,,,,,,,,,,,,,,,,,,,,,,,,,,,,,,,,,,,,,,,,,,,,,,,,,,51.077084,18.856945,0.23744231,51.077084,18.856945,-0.10339195,,,,,,,,,,,,,,,,,51.077084,18.946884,0.28587043,51.077084,18.946884,0.020122485,,,,,,,,,,,,,,,,,,,,,,,,,,,,,51.077084,18.946884,1.0000001e-07,51.077084,18.946884,7.0,,,,,,,
51.077084,18.886925,0.35632905,51.077084,18.886925,0.4078685,,,,,,,,,,,,,,,,,,,,,,,,,,,,,,,,,,,,,,,,,,,,,,,,,,,,,,,,,,,,,51.077084,18.886925,0.35411626,51.077084,18.886925,-0.3091147,,,,,,,,,,,,,,,,,51.077084,18.976862,-0.07294921,51.077084,18.976862,-0.085032515,,,,,,,,,,,,,,,,,,,,,,,,,,,,,51.077084,18.976862,1.0000001e-07,51.077084,18.976862,7.0,,,,,,,
51.077084,18.916904,0.35448465,51.077084,18.916904,0.41335714,,,,,,,,,,,,,,,,,,,,,,,,,,,,,,,,,,,,,,,,,,,,,,,,,,,,,,,,,,,,,51.077084,18.916904,0.10239017,51.077084,18.916904,0.42287287,,,,,,,,,,,,,,,,,51.077084,19.006842,0.31527287,51.077084,19.006842,0.029209826,,,,,,,,,,,,,,,,,,,,,,,,,,,,,51.077084,19.006842,1.0000001e-07,51.077084,19.006842,7.0,,,,,,,
51.077084,18.946884,0.35747436,51.077084,18.946884,0.410531,,,,,,,,,,,,,,,,,,,,,,,,,,,,,,,,,,,,,,,,,,,,,,,,,,,,,,,,,,,,,51.077084,18.946884,0.5331527,51.077084,18.946884,0.057741895,,,,,,,,,,,,,,,,,51.077084,19.036821,0.05821164,51.077084,19.036821,-0.1222096,,,,,,,,,,,,,,,,,,,,,,,,,,,,,51.077084,19.036821,1.0000001e-07,51.077084,19.036821,7.0,,,,,,,
51.077084,18.976862,0.3532054,51.077084,18.976862,0.40920722,,,,,,,,,,,,,,,,,,,,,,,,,,,,,,,,,,,,,,,,,,,,,,,,,,,,,,,,,,,,,51.077084,18.976862,-0.07272841,51.077084,18.976862,-0.11717412,,,,,,,,,,,,,,,,,51.077084,19.066801,0.17126992,51.077084,19.066801,0.18631476,,,,,,,,,,,,,,,,,,,,,,,,,,,,,51.077084,19.066801,1.0000001e-07,51.077084,19.066801,7.0,,,,,,,
51.077084,19.006842,0.35757846,51.077084,19.006842,0.41060537,,,,,,,,,,,,,,,,,,,,,,,,,,,,,,,,,,,,,,,,,,,,,,,,,,,,,,,,,,,,,51.077084,19.006842,0.50538623,51.077084,19.006842,0.0582745,,,,,,,,,,,,,,,,,51.077084,19.096779,-0.022132404,51.077084,19.096779,-0.031968042,,,,,,,,,,,,,,,,,,,,,,,,,,,,,51.077084,19.096779,1.0000001e-07,51.077084,19.096779,7.0,,,,,,,
51.077084,19.036821,0.3547375,51.077084,19.036821,0.40876096,,,,,,,,,,,,,,,,,,,,,,,,,,,,,,,,,,,,,,,,,,,,,,,,,,,,,,,,,,,,,51.077084,19.036821,0.16151416,51.077084,19.036821,-0.16947286,,,,,,,,,,,,,,,,,51.077084,19.126759,0.17957921,51.077084,19.126759,-0.3570813,,,,,,,,,,,,,,,,,,,,,,,,,,,,,51.077084,19.126759,1.0000001e-07,51.077084,19.126759,7.0,,,,,,,
51.077084,19.066801,0.35609102,51.077084,19.066801,0.41247955,,,,,,,,,,,,,,,,,,,,,,,,,,,,,,,,,,,,,,,,,,,,,,,,,,,,,,,,,,,,,51.077084,19.066801,0.34166324,51.077084,19.066801,0.30296507,,,,,,,,,,,,,,,,,51.077084,19.156738,0.082167365,51.077084,19.156738,-0.27069575,,,,,,,,,,,,,,,,,,,,,,,,,,,,,51.077084,19.156738,1.0000001e-07,51.077084,19.156738,7.0,,,,,,,
51.077084,19.096779,0.3538153,51.077084,19.096779,0.40983188,,,,,,,,,,,,,,,,,,,,,,,,,,,,,,,,,,,,,,,,,,,,,,,,,,,,,,,,,,,,,51.077084,19.096779,-0.017502017,51.077084,19.096779,-0.04433866,,,,,,,,,,,,,,,,,51.077084,19.186718,-0.12719621,51.077084,19.186718,0.2657182,,,,,,,,,,,,,,,,,,,,,,,,,,,,,51.077084,19.186718,1.0000001e-07,51.077084,19.186718,7.0,,,,,,,
51.077084,19.126759,0.3560464,51.077084,19.126759,0.40608358,,,,,,,,,,,,,,,,,,,,,,,,,,,,,,,,,,,,,,,,,,,,,,,,,,,,,,,,,,,,,51.077084,19.126759,0.29968143,51.077084,19.126759,-0.54931617,,,,,,,,,,,,,,,,,51.077084,19.216698,-0.6125294,51.077084,19.216698,0.56764793,,,,,,,,,,,,,,,,,,,,,,,,,,,,,51.077084,19.216698,1.0000001e-07,51.077084,19.216698,7.0,,,,,,,
51.077084,19.156738,0.35504982,51.077084,19.156738,0.40706527,,,,,,,,,,,,,,,,,,,,,,,,,,,,,,,,,,,,,,,,,,,,,,,,,,,,,,,,,,,,,51.077084,19.156738,0.17655993,51.077084,19.156738,-0.4082366,,,,,,,,,,,,,,,,,51.077084,19.246675,-0.3994327,51.077084,19.246675,0.18609618,,,,,,,,,,,,,,,,,,,,,,,,,,,,,51.077084,19.246675,1.0000001e-07,51.077084,19.246675,7.0,,,,,,,
51.077084,19.186718,0.35265505,51.077084,19.186718,0.41328275,,,,,,,,,,,,,,,,,,,,,,,,,,,,,,,,,,,,,,,,,,,,,,,,,,,,,,,,,,,,,51.077084,19.186718,-0.20145267,51.077084,19.186718,0.4200102,,,,,,,,,,,,,,,,,51.077084,19.276655,0.1654951,51.077084,19.276655,0.21852353,,,,,,,,,,,,,,,,,,,,,,,,,,,,,51.077084,19.276655,1.0000001e-07,51.077084,19.276655,7.0,,,,,,,
51.077084,19.216696,0.34701768,51.077084,19.216696,0.4167782,,,,,,,,,,,,,,,,,,,,,,,,,,,,,,,,,,,,,,,,,,,,,,,,,,,,,,,,,,,,,51.077084,19.216696,-1.0176612,51.077084,19.216696,0.85904574,,,,,,,,,,,,,,,,,51.077084,19.306635,0.09326318,51.077084,19.306635,-0.004522878,,,,,,,,,,,,,,,,,,,,,,,,,,,,,51.077084,19.306635,1.0000001e-07,51.077084,19.306635,7.0,,,,,,,
51.077084,19.246675,0.34947193,51.077084,19.246675,0.41236055,,,,,,,,,,,,,,,,,,,,,,,,,,,,,,,,,,,,,,,,,,,,,,,,,,,,,,,,,,,,,51.077084,19.246675,-0.66701597,51.077084,19.246675,0.28484118,,,,,,,,,,,,,,,,,51.077084,19.336615,-0.20517448,51.077084,19.336615,0.22057128,,,,,,,,,,,,,,,,,,,,,,,,,,,,,51.077084,19.336615,1.0000001e-07,51.077084,19.336615,7.0,,,,,,,
51.077084,19.276655,0.35592738,51.077084,19.276655,0.41268775,,,,,,,,,,,,,,,,,,,,,,,,,,,,,,,,,,,,,,,,,,,,,,,,,,,,,,,,,,,,,51.077084,19.276655,0.28977326,51.077084,19.276655,0.3406517,,,,,,,,,,,,,,,,,51.077084,19.366592,0.38562807,51.077084,19.366592,-0.13601385,,,,,,,,,,,,,,,,,,,,,,,,,,,,,51.077084,19.366592,1.0000001e-07,51.077084,19.366592,7.0,,,,,,,
51.077084,19.306635,0.35510933,51.077084,19.306635,0.41024837,,,,,,,,,,,,,,,,,,,,,,,,,,,,,,,,,,,,,,,,,,,,,,,,,,,,,,,,,,,,,51.077084,19.306635,0.2066517,51.077084,19.306635,0.024062268,,,,,,,,,,,,,,,,,51.077084,19.396572,-0.4612063,51.077084,19.396572,-0.15319178,,,,,,,,,,,,,,,,,,,,,,,,,,,,,51.077084,19.396572,1.0000001e-07,51.077084,19.396572,7.0,,,,,,,
51.077084,19.336613,0.3516734,51.077084,19.336613,0.41259855,,,,,,,,,,,,,,,,,,,,,,,,,,,,,,,,,,,,,,,,,,,,,,,,,,,,,,,,,,,,,51.077084,19.336613,-0.31431732,51.077084,19.336613,0.3174315,,,,,,,,,,,,,,,,,51.077084,19.426552,0.08523539,51.077084,19.426552,-0.24623626,,,,,,,,,,,,,,,,,,,,,,,,,,,,,51.077084,19.426552,1.0000001e-07,51.077084,19.426552,7.0,,,,,,,
51.077084,19.366592,0.35838166,51.077084,19.366592,0.4087015,,,,,,,,,,,,,,,,,,,,,,,,,,,,,,,,,,,,,,,,,,,,,,,,,,,,,,,,,,,,,51.077084,19.366592,0.61868316,51.077084,19.366592,-0.17447345,,,,,,,,,,,,,,,,,51.077084,19.456532,0.12306009,51.077084,19.456532,0.08731551,,,,,,,,,,,,,,,,,,,,,,,,,,,,,51.077084,19.456532,1.0000001e-07,51.077084,19.456532,7.0,,,,,,,
51.077084,19.396572,0.34878775,51.077084,19.396572,0.40847838,,,,,,,,,,,,,,,,,,,,,,,,,,,,,,,,,,,,,,,,,,,,,,,,,,,,,,,,,,,,,51.077084,19.396572,-0.7403,51.077084,19.396572,-0.20931691,,,,,,,,,,,,,,,,,51.077084,19.48651,0.11855218,51.077084,19.48651,0.06246739,,,,,,,,,,,,,,,,,,,,,,,,,,,,,51.077084,19.48651,1.0000001e-07,51.077084,19.48651,7.0,,,,,,,
51.077084,19.426552,0.35493085,51.077084,19.426552,0.40740743,,,,,,,,,,,,,,,,,,,,,,,,,,,,,,,,,,,,,,,,,,,,,,,,,,,,,,,,,,,,,51.077084,19.426552,0.12788709,51.077084,19.426552,-0.3586847,,,,,,,,,,,,,,,,,51.077084,19.516489,0.11126588,51.077084,19.516489,0.46856648,,,,,,,,,,,,,,,,,,,,,,,,,,,,,51.077084,19.516489,1.0000001e-07,51.077084,19.516489,7.0,,,,,,,
51.077084,19.45653,0.3553622,51.077084,19.45653,0.41111112,,,,,,,,,,,,,,,,,,,,,,,,,,,,,,,,,,,,,,,,,,,,,,,,,,,,,,,,,,,,,51.077084,19.45653,0.21871251,51.077084,19.45653,0.114883274,,,,,,,,,,,,,,,,,51.077084,19.546469,-0.16012448,51.077084,19.546469,0.19963789,,,,,,,,,,,,,,,,,,,,,,,,,,,,,51.077084,19.546469,1.0000001e-07,51.077084,19.546469,7.0,,,,,,,
51.077084,19.48651,0.3553622,51.077084,19.48651,0.41093263,,,,,,,,,,,,,,,,,,,,,,,,,,,,,,,,,,,,,,,,,,,,,,,,,,,,,,,,,,,,,51.077084,19.48651,0.22877434,51.077084,19.48651,0.09685263,,,,,,,,,,,,,,,,,51.077084,19.576448,0.0135505665,51.077084,19.576448,-0.04969969,,,,,,,,,,,,,,,,,,,,,,,,,,,,,51.077084,19.576448,1.0000001e-07,51.077084,19.576448,7.0,,,,,,,
51.077084,19.516489,0.3553027,51.077084,19.516489,0.4154693,,,,,,,,,,,,,,,,,,,,,,,,,,,,,,,,,,,,,,,,,,,,,,,,,,,,,,,,,,,,,51.077084,19.516489,0.20139629,51.077084,19.516489,0.68959785,,,,,,,,,,,,,,,,,51.077084,19.606426,-0.083211005,51.077084,19.606426,0.2061244,,,,,,,,,,,,,,,,,,,,,,,,,,,,,51.077084,19.606426,1.0000001e-07,51.077084,19.606426,7.0,,,,,,,
51.077084,19.546469,0.3521196,51.077084,19.546469,0.41242003,,,,,,,,,,,,,,,,,,,,,,,,,,,,,,,,,,,,,,,,,,,,,,,,,,,,,,,,,,,,,51.077084,19.546469,-0.28296998,51.077084,19.546469,0.31388214,,,,,,,,,,,,,,,,,51.077084,19.636406,-0.07122416,51.077084,19.636406,0.012635165,,,,,,,,,,,,,,,,,,,,,,,,,,,,,51.077084,19.636406,1.0000001e-07,51.077084,19.636406,7.0,,,,,,,
51.077084,19.576447,0.35417223,51.077084,19.576447,0.40969804,,,,,,,,,,,,,,,,,,,,,,,,,,,,,,,,,,,,,,,,,,,,,,,,,,,,,,,,,,,,,51.077084,19.576447,0.003684004,51.077084,19.576447,-0.05028069,,,,,,,,,,,,,,,,,51.077084,19.666386,-0.15126573,51.077084,19.666386,-0.12801665,,,,,,,,,,,,,,,,,,,,,,,,,,,,,51.077084,19.666386,1.0000001e-07,51.077084,19.666386,7.0,,,,,,,
51.077084,19.606426,0.35319054,51.077084,19.606426,0.41252416,,,,,,,,,,,,,,,,,,,,,,,,,,,,,,,,,,,,,,,,,,,,,,,,,,,,,,,,,,,,,51.077084,19.606426,-0.104965545,51.077084,19.606426,0.3239895,,,,,,,,,,,,,,,,,51.077084,19.696365,0.26131952,51.077084,19.696365,-0.27391845,,,,,,,,,,,,,,,,,,,,,,,,,,,,,51.077084,19.696365,1.0000001e-07,51.077084,19.696365,7.0,,,,,,,
51.077084,19.636406,0.3532798,51.077084,19.636406,0.41029298,,,,,,,,,,,,,,,,,,,,,,,,,,,,,,,,,,,,,,,,,,,,,,,,,,,,,,,,,,,,,51.077084,19.636406,-0.101797104,51.077084,19.636406,0.025240995,,,,,,,,,,,,,,,,,51.077084,19.726343,0.17547724,51.077084,19.726343,0.15597922,,,,,,,,,,,,,,,,,,,,,,,,,,,,,51.077084,19.726343,1.0000001e-07,51.077084,19.726343,7.0,,,,,,,
51.077084,19.666386,0.35232782,51.077084,19.666386,0.4089097,,,,,,,,,,,,,,,,,,,,,,,,,,,,,,,,,,,,,,,,,,,,,,,,,,,,,,,,,,,,,51.077084,19.666386,-0.23100713,51.077084,19.666386,-0.1559806,,,,,,,,,,,,,,,,,51.077084,19.756323,-0.27198097,51.077084,19.756323,-0.009581102,,,,,,,,,,,,,,,,,,,,,,,,,,,,,51.077084,19.756323,1.0000001e-07,51.077084,19.756323,7.0,,,,,,,
51.077084,19.696365,0.35686448,51.077084,19.696365,0.4072289,,,,,,,,,,,,,,,,,,,,,,,,,,,,,,,,,,,,,,,,,,,,,,,,,,,,,,,,,,,,,51.077084,19.696365,0.43535498,51.077084,19.696365,-0.40234715,,,,,,,,,,,,,,,,,51.077084,19.786303,0.17146544,51.077084,19.786303,-0.22659414,,,,,,,,,,,,,,,,,,,,,,,,,,,,,51.077084,19.786303,1.0000001e-07,51.077084,19.786303,7.0,,,,,,,
51.077084,19.726343,0.3559274,51.077084,19.726343,0.41191432,,,,,,,,,,,,,,,,,,,,,,,,,,,,,,,,,,,,,,,,,,,,,,,,,,,,,,,,,,,,,51.077084,19.726343,0.33211693,51.077084,19.726343,0.22653311,,,,,,,,,,,,,,,,,51.077084,19.816282,0.08426565,51.077084,19.816282,0.15236107,,,,,,,,,,,,,,,,,,,,,,,,,,,,,51.077084,19.816282,1.0000001e-07,51.077084,19.816282,7.0,,,,,,,
51.077084,19.756323,0.35103378,51.077084,19.756323,0.41020378,,,,,,,,,,,,,,,,,,,,,,,,,,,,,,,,,,,,,,,,,,,,,,,,,,,,,,,,,,,,,51.077084,19.756323,-0.4567226,51.077084,19.756323,-0.0030725896,,,,,,,,,,,,,,,,,51.077084,19.84626,-0.1943654,51.077084,19.84626,0.15501796,,,,,,,,,,,,,,,,,,,,,,,,,,,,,51.077084,19.84626,1.0000001e-07,51.077084,19.84626,7.0,,,,,,,
51.077084,19.786303,0.35598692,51.077084,19.786303,0.40771976,,,,,,,,,,,,,,,,,,,,,,,,,,,,,,,,,,,,,,,,,,,,,,,,,,,,,,,,,,,,,51.077084,19.786303,0.33173406,51.077084,19.786303,-0.33296907,,,,,,,,,,,,,,,,,51.077084,19.87624,-0.17727707,51.077084,19.87624,0.111384474,,,,,,,,,,,,,,,,,,,,,,,,,,,,,51.077084,19.87624,1.0000001e-07,51.077084,19.87624,7.0,,,,,,,
51.077084,19.816282,0.35491598,51.077084,19.816282,0.4118697,,,,,,,,,,,,,,,,,,,,,,,,,,,,,,,,,,,,,,,,,,,,,,,,,,,,,,,,,,,,,51.077084,19.816282,0.16358045,51.077084,19.816282,0.22439034,,,,,,,,,,,,,,,,,51.077084,19.90622,0.4153638,51.077084,19.90622,0.19252829,,,,,,,,,,,,,,,,,,,,,,,,,,,,,51.077084,19.90622,1.0000001e-07,51.077084,19.90622,7.0,,,,,,,
51.077084,19.84626,0.3518816,51.077084,19.84626,0.41192925,,,,,,,,,,,,,,,,,,,,,,,,,,,,,,,,,,,,,,,,,,,,,,,,,,,,,,,,,,,,,51.077084,19.84626,-0.3247563,51.077084,19.84626,0.24373062,,,,,,,,,,,,,,,,,51.077084,19.9362,0.05406452,51.077084,19.9362,-0.12904374,,,,,,,,,,,,,,,,,,,,,,,,,,,,,51.077084,19.9362,1.0000001e-07,51.077084,19.9362,7.0,,,,,,,
51.077084,19.87624,0.3521196,51.077084,19.87624,0.41131932,,,,,,,,,,,,,,,,,,,,,,,,,,,,,,,,,,,,,,,,,,,,,,,,,,,,,,,,,,,,,51.077084,19.87624,-0.26758215,51.077084,19.87624,0.15155979,,,,,,,,,,,,,,,,,51.077084,19.966177,-0.17005676,51.077084,19.966177,-0.22513264,,,,,,,,,,,,,,,,,,,,,,,,,,,,,51.077084,19.966177,1.0000001e-07,51.077084,19.966177,7.0,,,,,,,
51.077084,19.90622,0.3585453,51.077084,19.90622,0.4122118,,,,,,,,,,,,,,,,,,,,,,,,,,,,,,,,,,,,,,,,,,,,,,,,,,,,,,,,,,,,,51.077084,19.90622,0.7016509,51.077084,19.90622,0.2510433,,,,,,,,,,,,,,,,,51.077084,19.996157,0.017999195,51.077084,19.996157,0.082571656,,,,,,,,,,,,,,,,,,,,,,,,,,,,,51.077084,19.996157,1.0000001e-07,51.077084,19.996157,7.0,,,,,,,
51.077084,19.9362,0.35460362,51.077084,19.9362,0.40887994,,,,,,,,,,,,,,,,,,,,,,,,,,,,,,,,,,,,,,,,,,,,,,,,,,,,,,,,,,,,,51.077084,19.9362,0.09637133,51.077084,19.9362,-0.17251384,,,,,,,,,,,,,,,,,,,,,,,,,,,,,,,,,,,,,,,,,,,,,,,,,,,,,,,,,,,,,,,
51.077084,19.966177,0.35222372,51.077084,19.966177,0.40779412,,,,,,,,,,,,,,,,,,,,,,,,,,,,,,,,,,,,,,,,,,,,,,,,,,,,,,,,,,,,,51.077084,19.966177,-0.25435516,51.077084,19.966177,-0.31500456,,,,,,,,,,,,,,,,,,,,,,,,,,,,,,,,,,,,,,,,,,,,,,,,,,,,,,,,,,,,,,,
51.077084,19.996157,0.35417226,51.077084,19.996157,0.4111111,,,,,,,,,,,,,,,,,,,,,,,,,,,,,,,,,,,,,,,,,,,,,,,,,,,,,,,,,,,,,51.077084,19.996157,0.047128737,51.077084,19.996157,0.1162272,,,,,,,,,,,,,,,,,,,,,,,,,,,,,,,,,,,,,,,,,,,,,,,,,,,,,,,,,,,,,,,
51.077084,20.026136,0.35237247,51.077084,20.026136,0.413491,,,,,,,,,,,,,,,,,,,,,,,,,,,,,,,,,,,,,,,,,,,,,,,,,,,,,,,,,,,,,51.077084,20.026136,-0.24669279,51.077084,20.026136,0.45147786,,,,,,,,,,,,,,,,,,,,,,,,,,,,,,,,,,,,,,,,,,,,,,,,,,,,,,,,,,,,,,,
51.077084,20.056116,0.35585302,51.077084,20.056116,0.4097575,,,,,,,,,,,,,,,,,,,,,,,,,,,,,,,,,,,,,,,,,,,,,,,,,,,,,,,,,,,,,51.077084,20.056116,0.2765869,51.077084,20.056116,-0.08762211,,,,,,,,,,,,,,,,,,,,,,,,,,,,,,,,,,,,,,,,,,,,,,,,,,,,,,,,,,,,,,,
51.077084,20.086094,0.35409787,51.077084,20.086094,0.41372898,,,,,,,,,,,,,,,,,,,,,,,,,,,,,,,,,,,,,,,,,,,,,,,,,,,,,,,,,,,,,51.077084,20.086094,0.010830807,51.077084,20.086094,0.47847775,,,,,,,,,,,,,,,,,,,,,,,,,,,,,,,,,,,,,,,,,,,,,,,,,,,,,,,,,,,,,,,
51.077084,20.116074,0.35335416,51.077084,20.116074,0.41300014,,,,,,,,,,,,,,,,,,,,,,,,,,,,,,,,,,,,,,,,,,,,,,,,,,,,,,,,,,,,,51.077084,20.116074,-0.111780725,51.077084,20.116074,0.3783014,,,,,,,,,,,,,,,,,,,,,,,,,,,,,,,,,,,,,,,,,,,,,,,,,,,,,,,,,,,,,,,
51.077084,20.146053,0.3536219,51.077084,20.146053,0.41114086,,,,,,,,,,,,,,,,,,,,,,,,,,,,,,,,,,,,,,,,,,,,,,,,,,,,,,,,,,,,,51.077084,20.146053,-0.03623035,51.077084,20.146053,0.15262964,,,,,,,,,,,,,,,,,,,,,,,,,,,,,,,,,,,,,,,,,,,,,,,,,,,,,,,,,,,,,,,
51.077084,20.176033,0.34987357,51.077084,20.176033,0.4052506,,,,,,,,,,,,,,,,,,,,,,,,,,,,,,,,,,,,,,,,,,,,,,,,,,,,,,,,,,,,,51.077084,20.176033,-0.5936665,51.077084,20.176033,-0.6580411,,,,,,,,,,,,,,,,,,,,,,,,,,,,,,,,,,,,,,,,,,,,,,,,,,,,,,,,,,,,,,,
51.077084,20.20601,0.34950173,51.077084,20.20601,0.40446228,,,,,,,,,,,,,,,,,,,,,,,,,,,,,,,,,,,,,,,,,,,,,,,,,,,,,,,,,,,,,51.077084,20.20601,-0.694803,51.077084,20.20601,-0.74467796,,,,,,,,,,,,,,,,,,,,,,,,,,,,,,,,,,,,,,,,,,,,,,,,,,,,,,,,,,,,,,,
51.077084,20.23599,0.35214934,51.077084,20.23599,0.4087312,,,,,,,,,,,,,,,,,,,,,,,,,,,,,,,,,,,,,,,,,,,,,,,,,,,,,,,,,,,,,51.077084,20.23599,-0.29445207,51.077084,20.23599,-0.19282895,,,,,,,,,,,,,,,,,,,,,,,,,,,,,,,,,,,,,,,,,,,,,,,,,,,,,,,,,,,,,,,
51.077084,20.26597,0.35387477,51.077084,20.26597,0.4062472,,,,,,,,,,,,,,,,,,,,,,,,,,,,,,,,,,,,,,,,,,,,,,,,,,,,,,,,,,,,,51.077084,20.26597,-0.014835023,51.077084,20.26597,-0.51244843,,,,,,,,,,,,,,,,,,,,,,,,,,,,,,,,,,,,,,,,,,,,,,,,,,,,,,,,,,,,,,,
51.077084,20.29595,0.35311618,51.077084,20.29595,0.41125986,,,,,,,,,,,,,,,,,,,,,,,,,,,,,,,,,,,,,,,,,,,,,,,,,,,,,,,,,,,,,51.077084,20.29595,-0.106095195,51.077084,20.29595,0.15566395,,,,,,,,,,,,,,,,,,,,,,,,,,,,,,,,,,,,,,,,,,,,,,,,,,,,,,,,,,,,,,,
51.077084,20.325928,0.35479695,51.077084,20.325928,0.41255394,,,,,,,,,,,,,,,,,,,,,,,,,,,,,,,,,,,,,,,,,,,,,,,,,,,,,,,,,,,,,51.077084,20.325928,0.12759762,51.077084,20.325928,0.31377903,,,,,,,,,,,,,,,,,,,,,,,,,,,,,,,,,,,,,,,,,,,,,,,,,,,,,,,,,,,,,,,
51.077084,20.355907,0.35155436,51.077084,20.355907,0.41224155,,,,,,,,,,,,,,,,,,,,,,,,,,,,,,,,,,,,,,,,,,,,,,,,,,,,,,,,,,,,,51.077084,20.355907,-0.39104652,51.077084,20.355907,0.27788177,,,,,,,,,,,,,,,,,,,,,,,,,,,,,,,,,,,,,,,,,,,,,,,,,,,,,,,,,,,,,,,
51.077084,20.385887,0.35336906,51.077084,20.385887,0.40736282,,,,,,,,,,,,,,,,,,,,,,,,,,,,,,,,,,,,,,,,,,,,,,,,,,,,,,,,,,,,,51.077084,20.385887,-0.051297452,51.077084,20.385887,-0.3668621,,,,,,,,,,,,,,,,,,,,,,,,,,,,,,,,,,,,,,,,,,,,,,,,,,,,,,,,,,,,,,,
51.077084,20.415867,0.35372603,51.077084,20.415867,0.405325,,,,,,,,,,,,,,,,,,,,,,,,,,,,,,,,,,,,,,,,,,,,,,,,,,,,,,,,,,,,,51.077084,20.415867,-0.023659203,51.077084,20.415867,-0.67266434,,,,,,,,,,,,,,,,,,,,,,,,,,,,,,,,,,,,,,,,,,,,,,,,,,,,,,,,,,,,,,,
51.077084,20.445845,0.35735533,51.077084,20.445845,0.40599436,,,,,,,,,,,,,,,,,,,,,,,,,,,,,,,,,,,,,,,,,,,,,,,,,,,,,,,,,,,,,51.077084,20.445845,0.5259143,51.077084,20.445845,-0.56771994,,,,,,,,,,,,,,,,,,,,,,,,,,,,,,,,,,,,,,,,,,,,,,,,,,,,,,,,,,,,,,,
51.077084,20.475824,0.35280383,51.077084,20.475824,0.41079873,,,,,,,,,,,,,,,,,,,,,,,,,,,,,,,,,,,,,,,,,,,,,,,,,,,,,,,,,,,,,51.077084,20.475824,-0.16876826,51.077084,20.475824,0.10303596,,,,,,,,,,,,,,,,,,,,,,,,,,,,,,,,,,,,,,,,,,,,,,,,,,,,,,,,,,,,,,,
51.077084,20.505804,0.35420197,51.077084,20.505804,0.41065,,,,,,,,,,,,,,,,,,,,,,,,,,,,,,,,,,,,,,,,,,,,,,,,,,,,,,,,,,,,,51.077084,20.505804,0.040258937,51.077084,20.505804,0.053334057,,,,,,,,,,,,,,,,,,,,,,,,,,,,,,,,,,,,,,,,,,,,,,,,,,,,,,,,,,,,,,,
51.077084,20.535784,0.35671577,51.077084,20.535784,0.40470028,,,,,,,,,,,,,,,,,,,,,,,,,,,,,,,,,,,,,,,,,,,,,,,,,,,,,,,,,,,,,51.077084,20.535784,0.40348247,51.077084,20.535784,-0.74377483,,,,,,,,,,,,,,,,,,,,,,,,,,,,,,,,,,,,,,,,,,,,,,,,,,,,,,,,,,,,,,,
51.077084,20.565763,0.35198572,51.077084,20.565763,0.4121077,,,,,,,,,,,,,,,,,,,,,,,,,,,,,,,,,,,,,,,,,,,,,,,,,,,,,,,,,,,,,51.077084,20.565763,-0.2719893,51.077084,20.565763,0.24744882,,,,,,,,,,,,,,,,,,,,,,,,,,,,,,,,,,,,,,,,,,,,,,,,,,,,,,,,,,,,,,,
51.077084,20.595741,0.35597202,51.077084,20.595741,0.41424957,,,,,,,,,,,,,,,,,,,,,,,,,,,,,,,,,,,,,,,,,,,,,,,,,,,,,,,,,,,,,51.077084,20.595741,0.29153076,51.077084,20.595741,0.5478935,,,,,,,,,,,,,,,,,,,,,,,,,,,,,,,,,,,,,,,,,,,,,,,,,,,,,,,,,,,,,,,
51.077084,20.625721,0.34941244,51.077084,20.625721,0.40571174,,,,,,,,,,,,,,,,,,,,,,,,,,,,,,,,,,,,,,,,,,,,,,,,,,,,,,,,,,,,,51.077084,20.625721,-0.6726012,51.077084,20.625721,-0.6013538,,,,,,,,,,,,,,,,,,,,,,,,,,,,,,,,,,,,,,,,,,,,,,,,,,,,,,,,,,,,,,,
51.077084,20.6557,0.35223857,51.077084,20.6557,0.41127476,,,,,,,,,,,,,,,,,,,,,,,,,,,,,,,,,,,,,,,,,,,,,,,,,,,,,,,,,,,,,51.077084,20.6557,-0.20547801,51.077084,20.6557,0.15408196,,,,,,,,,,,,,,,,,,,,,,,,,,,,,,,,,,,,,,,,,,,,,,,,,,,,,,,,,,,,,,,
51.077084,20.68568,0.3563885,51.077084,20.68568,0.41369927,,,,,,,,,,,,,,,,,,,,,,,,,,,,,,,,,,,,,,,,,,,,,,,,,,,,,,,,,,,,,51.077084,20.68568,0.3564886,51.077084,20.68568,0.47672674,,,,,,,,,,,,,,,,,,,,,,,,,,,,,,,,,,,,,,,,,,,,,,,,,,,,,,,,,,,,,,,
51.077084,20.715658,0.35519856,51.077084,20.715658,0.40670833,,,,,,,,,,,,,,,,,,,,,,,,,,,,,,,,,,,,,,,,,,,,,,,,,,,,,,,,,,,,,51.077084,20.715658,0.1978699,51.077084,20.715658,-0.45729488,,,,,,,,,,,,,,,,,,,,,,,,,,,,,,,,,,,,,,,,,,,,,,,,,,,,,,,,,,,,,,,
51.077084,20.745638,0.3533988,51.077084,20.745638,0.4068273,,,,,,,,,,,,,,,,,,,,,,,,,,,,,,,,,,,,,,,,,,,,,,,,,,,,,,,,,,,,,51.077084,20.745638,-0.080842376,51.077084,20.745638,-0.4525767,,,,,,,,,,,,,,,,,,,,,,,,,,,,,,,,,,,,,,,,,,,,,,,,,,,,,,,,,,,,,,,
51.077084,20.775618,0.35552582,51.077084,20.775618,0.4072884,,,,,,,,,,,,,,,,,,,,,,,,,,,,,,,,,,,,,,,,,,,,,,,,,,,,,,,,,,,,,51.077084,20.775618,0.23567769,51.077084,20.775618,-0.36690703,,,,,,,,,,,,,,,,,,,,,,,,,,,,,,,,,,,,,,,,,,,,,,,,,,,,,,,,,,,,,,,
51.077084,20.805597,0.35366648,51.077084,20.805597,0.41143835,,,,,,,,,,,,,,,,,,,,,,,,,,,,,,,,,,,,,,,,,,,,,,,,,,,,,,,,,,,,,51.077084,20.805597,-0.075599246,51.077084,20.805597,0.17126124,,,,,,,,,,,,,,,,,,,,,,,,,,,,,,,,,,,,,,,,,,,,,,,,,,,,,,,,,,,,,,,
51.077084,20.835575,0.35519856,51.077084,20.835575,0.40876096,,,,,,,,,,,,,,,,,,,,,,,,,,,,,,,,,,,,,,,,,,,,,,,,,,,,,,,,,,,,,51.077084,20.835575,0.2143862,51.077084,20.835575,-0.20117265,,,,,,,,,,,,,,,,,,,,,,,,,,,,,,,,,,,,,,,,,,,,,,,,,,,,,,,,,,,,,,,
51.077084,20.865555,0.35621002,51.077084,20.865555,0.41004017,,,,,,,,,,,,,,,,,,,,,,,,,,,,,,,,,,,,,,,,,,,,,,,,,,,,,,,,,,,,,51.077084,20.865555,0.29483682,51.077084,20.865555,-0.016969966,,,,,,,,,,,,,,,,,,,,,,,,,,,,,,,,,,,,,,,,,,,,,,,,,,,,,,,,,,,,,,,
51.077084,20.895535,0.3520006,51.077084,20.895535,0.4084635,,,,,,,,,,,,,,,,,,,,,,,,,,,,,,,,,,,,,,,,,,,,,,,,,,,,,,,,,,,,,51.077084,20.895535,-0.25592884,51.077084,20.895535,-0.23490837,,,,,,,,,,,,,,,,,,,,,,,,,,,,,,,,,,,,,,,,,,,,,,,,,,,,,,,,,,,,,,,
51.077084,20.925514,0.3496802,51.077084,20.925514,0.4120333,,,,,,,,,,,,,,,,,,,,,,,,,,,,,,,,,,,,,,,,,,,,,,,,,,,,,,,,,,,,,51.077084,20.925514,-0.65915895,51.077084,20.925514,0.23851933,,,,,,,,,,,,,,,,,,,,,,,,,,,,,,,,,,,,,,,,,,,,,,,,,,,,,,,,,,,,,,,
51.077084,20.955492,0.3524171,51.077084,20.955492,0.4107839,,,,,,,,,,,,,,,,,,,,,,,,,,,,,,,,,,,,,,,,,,,,,,,,,,,,,,,,,,,,,51.077084,20.955492,-0.21874627,51.077084,20.955492,0.070205,,,,,,,,,,,,,,,,,,,,,,,,,,,,,,,,,,,,,,,,,,,,,,,,,,,,,,,,,,,,,,,
51.077084,20.985472,0.3553622,51.077084,20.985472,0.41198868,,,,,,,,,,,,,,,,,,,,,,,,,,,,,,,,,,,,,,,,,,,,,,,,,,,,,,,,,,,,,51.077084,20.985472,0.2185594,51.077084,20.985472,0.2491903,,,,,,,,,,,,,,,,,,,,,,,,,,,,,,,,,,,,,,,,,,,,,,,,,,,,,,,,,,,,,,,
51.077084,21.015451,0.35429123,51.077084,21.015451,0.40739253,,,,,,,,,,,,,,,,,,,,,,,,,,,,,,,,,,,,,,,,,,,,,,,,,,,,,,,,,,,,,51.077084,21.015451,0.0829168,51.077084,21.015451,-0.3426598,,,,,,,,,,,,,,,,,,,,,,,,,,,,,,,,,,,,,,,,,,,,,,,,,,,,,,,,,,,,,,,
51.077084,21.045431,0.35119736,51.077084,21.045431,0.40929645,,,,,,,,,,,,,,,,,,,,,,,,,,,,,,,,,,,,,,,,,,,,,,,,,,,,,,,,,,,,,51.077084,21.045431,-0.40973377,51.077084,21.045431,-0.09123678,,,,,,,,,,,,,,,,,,,,,,,,,,,,,,,,,,,,,,,,,,,,,,,,,,,,,,,,,,,,,,,
51.077084,21.075409,0.354321,51.077084,21.075409,0.41796815,,,,,,,,,,,,,,,,,,,,,,,,,,,,,,,,,,,,,,,,,,,,,,,,,,,,,,,,,,,,,51.077084,21.075409,0.04367972,51.077084,21.075409,1.033599,,,,,,,,,,,,,,,,,,,,,,,,,,,,,,,,,,,,,,,,,,,,,,,,,,,,,,,,,,,,,,,
51.077084,21.105389,0.35452923,51.077084,21.105389,0.4116466,,,,,,,,,,,,,,,,,,,,,,,,,,,,,,,,,,,,,,,,,,,,,,,,,,,,,,,,,,,,,51.077084,21.105389,0.09531762,51.077084,21.105389,0.19520292,,,,,,,,,,,,,,,,,,,,,,,,,,,,,,,,,,,,,,,,,,,,,,,,,,,,,,,,,,,,,,,
51.077084,21.135368,0.3532054,51.077084,21.135368,0.41427934,,,,,,,,,,,,,,,,,,,,,,,,,,,,,,,,,,,,,,,,,,,,,,,,,,,,,,,,,,,,,51.077084,21.135368,-0.09977208,51.077084,21.135368,0.53907907,,,,,,,,,,,,,,,,,,,,,,,,,,,,,,,,,,,,,,,,,,,,,,,,,,,,,,,,,,,,,,,
51.077084,21.165348,0.3533542,51.077084,21.165348,0.40868658,,,,,,,,,,,,,,,,,,,,,,,,,,,,,,,,,,,,,,,,,,,,,,,,,,,,,,,,,,,,,51.077084,21.165348,-0.090572864,51.077084,21.165348,-0.19598557,,,,,,,,,,,,,,,,,,,,,,,,,,,,,,,,,,,,,,,,,,,,,,,,,,,,,,,,,,,,,,,
51.077084,21.195326,0.35292277,51.077084,21.195326,0.41148296,,,,,,,,,,,,,,,,,,,,,,,,,,,,,,,,,,,,,,,,,,,,,,,,,,,,,,,,,,,,,51.077084,21.195326,-0.15005735,51.077084,21.195326,0.17049497,,,,,,,,,,,,,,,,,,,,,,,,,,,,,,,,,,,,,,,,,,,,,,,,,,,,,,,,,,,,,,,
51.077084,21.225306,0.35140562,51.077084,21.225306,0.41166145,,,,,,,,,,,,,,,,,,,,,,,,,,,,,,,,,,,,,,,,,,,,,,,,,,,,,,,,,,,,,51.077084,21.225306,-0.4034472,51.077084,21.225306,0.19844787,,,,,,,,,,,,,,,,,,,,,,,,,,,,,,,,,,,,,,,,,,,,,,,,,,,,,,,,,,,,,,,
51.077084,21.255285,0.35024542,51.077084,21.255285,0.4095493,,,,,,,,,,,,,,,,,,,,,,,,,,,,,,,,,,,,,,,,,,,,,,,,,,,,,,,,,,,,,51.077084,21.255285,-0.55004513,51.077084,21.255285,-0.072922975,,,,,,,,,,,,,,,,,,,,,,,,,,,,,,,,,,,,,,,,,,,,,,,,,,,,,,,,,,,,,,,
51.077084,21.285265,0.35292283,51.077084,21.285265,0.41106647,,,,,,,,,,,,,,,,,,,,,,,,,,,,,,,,,,,,,,,,,,,,,,,,,,,,,,,,,,,,,51.077084,21.285265,-0.1708952,51.077084,21.285265,0.11496512,,,,,,,,,,,,,,,,,,,,,,,,,,,,,,,,,,,,,,,,,,,,,,,,,,,,,,,,,,,,,,,
51.077084,21.315243,0.35426152,51.077084,21.315243,0.41259852,,,,,,,,,,,,,,,,,,,,,,,,,,,,,,,,,,,,,,,,,,,,,,,,,,,,,,,,,,,,,51.077084,21.315243,0.07146956,51.077084,21.315243,0.3152728,,,,,,,,,,,,,,,,,,,,,,,,,,,,,,,,,,,,,,,,,,,,,,,,,,,,,,,,,,,,,,,
51.077084,21.345222,0.35127175,51.077084,21.345222,0.41508257,,,,,,,,,,,,,,,,,,,,,,,,,,,,,,,,,,,,,,,,,,,,,,,,,,,,,,,,,,,,,51.077084,21.345222,-0.3922605,51.077084,21.345222,0.650267,,,,,,,,,,,,,,,,,,,,,,,,,,,,,,,,,,,,,,,,,,,,,,,,,,,,,,,,,,,,,,,
51.077084,21.375202,0.35234272,51.077084,21.375202,0.40957904,,,,,,,,,,,,,,,,,,,,,,,,,,,,,,,,,,,,,,,,,,,,,,,,,,,,,,,,,,,,,51.077084,21.375202,-0.21498705,51.077084,21.375202,-0.079650365,,,,,,,,,,,,,,,,,,,,,,,,,,,,,,,,,,,,,,,,,,,,,,,,,,,,,,,,,,,,,,,
51.077084,21.405182,0.35693887,51.077084,21.405182,0.4081065,,,,,,,,,,,,,,,,,,,,,,,,,,,,,,,,,,,,,,,,,,,,,,,,,,,,,,,,,,,,,51.077084,21.405182,0.44108403,51.077084,21.405182,-0.2652182,,,,,,,,,,,,,,,,,,,,,,,,,,,,,,,,,,,,,,,,,,,,,,,,,,,,,,,,,,,,,,,
51.077084,21.435162,0.3522832,51.077084,21.435162,0.41155735,,,,,,,,,,,,,,,,,,,,,,,,,,,,,,,,,,,,,,,,,,,,,,,,,,,,,,,,,,,,,51.077084,21.435162,-0.21411575,51.077084,21.435162,0.18212609,,,,,,,,,,,,,,,,,,,,,,,,,,,,,,,,,,,,,,,,,,,,,,,,,,,,,,,,,,,,,,,
51.077084,21.46514,0.35168827,51.077084,21.46514,0.4107839,,,,,,,,,,,,,,,,,,,,,,,,,,,,,,,,,,,,,,,,,,,,,,,,,,,,,,,,,,,,,51.077084,21.46514,-0.34344113,51.077084,21.46514,0.0865323,,,,,,,,,,,,,,,,,,,,,,,,,,,,,,,,,,,,,,,,,,,,,,,,,,,,,,,,,,,,,,,
51.077084,21.49512,0.3547524,51.077084,21.49512,0.41004017,,,,,,,,,,,,,,,,,,,,,,,,,,,,,,,,,,,,,,,,,,,,,,,,,,,,,,,,,,,,,51.077084,21.49512,0.11433664,51.077084,21.49512,-0.0137468595,,,,,,,,,,,,,,,,,,,,,,,,,,,,,,,,,,,,,,,,,,,,,,,,,,,,,,,,,,,,,,,
51.077084,21.525099,0.35717684,51.077084,21.525099,0.4094452,,,,,,,,,,,,,,,,,,,,,,,,,,,,,,,,,,,,,,,,,,,,,,,,,,,,,,,,,,,,,51.077084,21.525099,0.48295158,51.077084,21.525099,-0.09367235,,,,,,,,,,,,,,,,,,,,,,,,,,,,,,,,,,,,,,,,,,,,,,,,,,,,,,,,,,,,,,,
51.077084,21.555079,0.35348803,51.077084,21.555079,0.41151273,,,,,,,,,,,,,,,,,,,,,,,,,,,,,,,,,,,,,,,,,,,,,,,,,,,,,,,,,,,,,51.077084,21.555079,-0.0916901,51.077084,21.555079,0.18934041,,,,,,,,,,,,,,,,,,,,,,,,,,,,,,,,,,,,,,,,,,,,,,,,,,,,,,,,,,,,,,,
51.077084,21.585056,0.35787594,51.077084,21.585056,0.4135505,,,,,,,,,,,,,,,,,,,,,,,,,,,,,,,,,,,,,,,,,,,,,,,,,,,,,,,,,,,,,51.077084,21.585056,0.53933185,51.077084,21.585056,0.45542648,,,,,,,,,,,,,,,,,,,,,,,,,,,,,,,,,,,,,,,,,,,,,,,,,,,,,,,,,,,,,,,
51.077084,21.615036,0.36076155,51.077084,21.615036,0.40858248,,,,,,,,,,,,,,,,,,,,,,,,,,,,,,,,,,,,,,,,,,,,,,,,,,,,,,,,,,,,,51.077084,21.615036,1.0060112,51.077084,21.615036,-0.21562995,,,,,,,,,,,,,,,,,,,,,,,,,,,,,,,,,,,,,,,,,,,,,,,,,,,,,,,,,,,,,,,
51.077084,21.645016,0.3526997,51.077084,21.645016,0.41276214,,,,,,,,,,,,,,,,,,,,,,,,,,,,,,,,,,,,,,,,,,,,,,,,,,,,,,,,,,,,,51.077084,21.645016,-0.18276791,51.077084,21.645016,0.34981382,,,,,,,,,,,,,,,,,,,,,,,,,,,,,,,,,,,,,,,,,,,,,,,,,,,,,,,,,,,,,,,
51.077084,21.674995,0.35911047,51.077084,21.674995,0.41035253,,,,,,,,,,,,,,,,,,,,,,,,,,,,,,,,,,,,,,,,,,,,,,,,,,,,,,,,,,,,,51.077084,21.674995,0.7730903,51.077084,21.674995,0.0013263755,,,,,,,,,,,,,,,,,,,,,,,,,,,,,,,,,,,,,,,,,,,,,,,,,,,,,,,,,,,,,,,
51.077084,21.704973,0.35493082,51.077084,21.704973,0.40824038,,,,,,,,,,,,,,,,,,,,,,,,,,,,,,,,,,,,,,,,,,,,,,,,,,,,,,,,,,,,,51.077084,21.704973,0.10566097,51.077084,21.704973,-0.27524284,,,,,,,,,,,,,,,,,,,,,,,,,,,,,,,,,,,,,,,,,,,,,,,,,,,,,,,,,,,,,,,
51.077084,21.734953,0.3515395,51.077084,21.734953,0.41481483,,,,,,,,,,,,,,,,,,,,,,,,,,,,,,,,,,,,,,,,,,,,,,,,,,,,,,,,,,,,,51.077084,21.734953,-0.34724596,51.077084,21.734953,0.6210195,,,,,,,,,,,,,,,,,,,,,,,,,,,,,,,,,,,,,,,,,,,,,,,,,,,,,,,,,,,,,,,
51.077084,21.764933,0.35485646,51.077084,21.764933,0.4108731,,,,,,,,,,,,,,,,,,,,,,,,,,,,,,,,,,,,,,,,,,,,,,,,,,,,,,,,,,,,,51.077084,21.764933,0.17148587,51.077084,21.764933,0.111459166,,,,,,,,,,,,,,,,,,,,,,,,,,,,,,,,,,,,,,,,,,,,,,,,,,,,,,,,,,,,,,,
51.077084,21.794912,0.3533542,51.077084,21.794912,0.410888,,,,,,,,,,,,,,,,,,,,,,,,,,,,,,,,,,,,,,,,,,,,,,,,,,,,,,,,,,,,,51.077084,21.794912,-0.0878365,51.077084,21.794912,0.108245865,,,,,,,,,,,,,,,,,,,,,,,,,,,,,,,,,,,,,,,,,,,,,,,,,,,,,,,,,,,,,,,
51.077084,21.82489,0.35362193,51.077084,21.82489,0.414086,,,,,,,,,,,,,,,,,,,,,,,,,,,,,,,,,,,,,,,,,,,,,,,,,,,,,,,,,,,,,51.077084,21.82489,-0.02960948,51.077084,21.82489,0.5193097,,,,,,,,,,,,,,,,,,,,,,,,,,,,,,,,,,,,,,,,,,,,,,,,,,,,,,,,,,,,,,,
51.077084,21.85487,0.35562992,51.077084,21.85487,0.4089692,,,,,,,,,,,,,,,,,,,,,,,,,,,,,,,,,,,,,,,,,,,,,,,,,,,,,,,,,,,,,51.077084,21.85487,0.2249386,51.077084,21.85487,-0.14194155,,,,,,,,,,,,,,,,,,,,,,,,,,,,,,,,,,,,,,,,,,,,,,,,,,,,,,,,,,,,,,,
51.077084,21.88485,0.35400862,51.077084,21.88485,0.4111706,,,,,,,,,,,,,,,,,,,,,,,,,,,,,,,,,,,,,,,,,,,,,,,,,,,,,,,,,,,,,51.077084,21.88485,-0.019822266,51.077084,21.88485,0.12560664,,,,,,,,,,,,,,,,,,,,,,,,,,,,,,,,,,,,,,,,,,,,,,,,,,,,,,,,,,,,,,,
51.077084,21.91483,0.35249144,51.077084,21.91483,0.41439834,,,,,,,,,,,,,,,,,,,,,,,,,,,,,,,,,,,,,,,,,,,,,,,,,,,,,,,,,,,,,51.077084,21.91483,-0.22917217,51.077084,21.91483,0.5603782,,,,,,,,,,,,,,,,,,,,,,,,,,,,,,,,,,,,,,,,,,,,,,,,,,,,,,,,,,,,,,,
51.077084,21.944807,0.35203034,51.077084,21.944807,0.41170606,,,,,,,,,,,,,,,,,,,,,,,,,,,,,,,,,,,,,,,,,,,,,,,,,,,,,,,,,,,,,51.077084,21.944807,-0.25046456,51.077084,21.944807,0.21646121,,,,,,,,,,,,,,,,,,,,,,,,,,,,,,,,,,,,,,,,,,,,,,,,,,,,,,,,,,,,,,,
51.077084,21.974787,0.35854527,51.077084,21.974787,0.4123308,,,,,,,,,,,,,,,,,,,,,,,,,,,,,,,,,,,,,,,,,,,,,,,,,,,,,,,,,,,,,51.077084,21.974787,0.6998658,51.077084,21.974787,0.28384554,,,,,,,,,,,,,,,,,,,,,,,,,,,,,,,,,,,,,,,,,,,,,,,,,,,,,,,,,,,,,,,
51.077084,22.004766,0.35406813,51.077084,22.004766,0.40902868,,,,,,,,,,,,,,,,,,,,,,,,,,,,,,,,,,,,,,,,,,,,,,,,,,,,,,,,,,,,,51.077084,22.004766,-0.018024484,51.077084,22.004766,-0.14369124,,,,,,,,,,,,,,,,,,,,,,,,,,,,,,,,,,,,,,,,,,,,,,,,,,,,,,,,,,,,,,,
51.077084,22.034746,0.35631415,51.077084,22.034746,0.4102484,,,,,,,,,,,,,,,,,,,,,,,,,,,,,,,,,,,,,,,,,,,,,,,,,,,,,,,,,,,,,51.077084,22.034746,0.32532945,51.077084,22.034746,0.018725116,,,,,,,,,,,,,,,,,,,,,,,,,,,,,,,,,,,,,,,,,,,,,,,,,,,,,,,,,,,,,,,
51.077084,22.064724,0.3555407,51.077084,22.064724,0.41233084,,,,,,,,,,,,,,,,,,,,,,,,,,,,,,,,,,,,,,,,,,,,,,,,,,,,,,,,,,,,,51.077084,22.064724,0.22600862,51.077084,22.064724,0.28898084,,,,,,,,,,,,,,,,,,,,,,,,,,,,,,,,,,,,,,,,,,,,,,,,,,,,,,,,,,,,,,,
51.077084,22.094704,0.3565819,51.077084,22.094704,0.40517628,,,,,,,,,,,,,,,,,,,,,,,,,,,,,,,,,,,,,,,,,,,,,,,,,,,,,,,,,,,,,51.077084,22.094704,0.36931285,51.077084,22.094704,-0.6653451,,,,,,,,,,,,,,,,,,,,,,,,,,,,,,,,,,,,,,,,,,,,,,,,,,,,,,,,,,,,,,,
51.077084,22.124683,0.34880263,51.077084,22.124683,0.40914768,,,,,,,,,,,,,,,,,,,,,,,,,,,,,,,,,,,,,,,,,,,,,,,,,,,,,,,,,,,,,51.077084,22.124683,-0.7720525,51.077084,22.124683,-0.14710988,,,,,,,,,,,,,,,,,,,,,,,,,,,,,,,,,,,,,,,,,,,,,,,,,,,,,,,,,,,,,,,
51.077084,22.154663,0.3517031,51.077084,22.154663,0.40877587,,,,,,,,,,,,,,,,,,,,,,,,,,,,,,,,,,,,,,,,,,,,,,,,,,,,,,,,,,,,,51.077084,22.154663,-0.28094897,51.077084,22.154663,-0.18161944,,,,,,,,,,,,,,,,,,,,,,,,,,,,,,,,,,,,,,,,,,,,,,,,,,,,,,,,,,,,,,,
51.077084,22.184643,0.3525063,51.077084,22.184643,0.40943033,,,,,,,,,,,,,,,,,,,,,,,,,,,,,,,,,,,,,,,,,,,,,,,,,,,,,,,,,,,,,51.077084,22.184643,-0.18238564,51.077084,22.184643,-0.10084401,,,,,,,,,,,,,,,,,,,,,,,,,,,,,,,,,,,,,,,,,,,,,,,,,,,,,,,,,,,,,,,
51.077084,22.21462,0.3535029,51.077084,22.21462,0.41127473,,,,,,,,,,,,,,,,,,,,,,,,,,,,,,,,,,,,,,,,,,,,,,,,,,,,,,,,,,,,,51.077084,22.21462,-0.10271164,51.077084,22.21462,0.14848667,,,,,,,,,,,,,,,,,,,,,,,,,,,,,,,,,,,,,,,,,,,,,,,,,,,,,,,,,,,,,,,
51.077084,22.2446,0.35418713,51.077084,22.2446,0.4129704,,,,,,,,,,,,,,,,,,,,,,,,,,,,,,,,,,,,,,,,,,,,,,,,,,,,,,,,,,,,,51.077084,22.2446,0.027235972,51.077084,22.2446,0.38992593,,,,,,,,,,,,,,,,,,,,,,,,,,,,,,,,,,,,,,,,,,,,,,,,,,,,,,,,,,,,,,,
51.077084,22.27458,0.35479698,51.077084,22.27458,0.40819573,,,,,,,,,,,,,,,,,,,,,,,,,,,,,,,,,,,,,,,,,,,,,,,,,,,,,,,,,,,,,51.077084,22.27458,0.1413191,51.077084,22.27458,-0.2508706,,,,,,,,,,,,,,,,,,,,,,,,,,,,,,,,,,,,,,,,,,,,,,,,,,,,,,,,,,,,,,,
51.077084,22.30456,0.35751897,51.077084,22.30456,0.40943033,,,,,,,,,,,,,,,,,,,,,,,,,,,,,,,,,,,,,,,,,,,,,,,,,,,,,,,,,,,,,51.077084,22.30456,0.54165673,51.077084,22.30456,-0.07746061,,,,,,,,,,,,,,,,,,,,,,,,,,,,,,,,,,,,,,,,,,,,,,,,,,,,,,,,,,,,,,,
51.077084,22.334538,0.35235757,51.077084,22.334538,0.41532055,,,,,,,,,,,,,,,,,,,,,,,,,,,,,,,,,,,,,,,,,,,,,,,,,,,,,,,,,,,,,51.077084,22.334538,-0.25386715,51.077084,22.334538,0.68819046,,,,,,,,,,,,,,,,,,,,,,,,,,,,,,,,,,,,,,,,,,,,,,,,,,,,,,,,,,,,,,,
51.077084,22.364517,0.3558977,51.077084,22.364517,0.41475534,,,,,,,,,,,,,,,,,,,,,,,,,,,,,,,,,,,,,,,,,,,,,,,,,,,,,,,,,,,,,51.077084,22.364517,0.2806957,51.077084,22.364517,0.5929985,,,,,,,,,,,,,,,,,,,,,,,,,,,,,,,,,,,,,,,,,,,,,,,,,,,,,,,,,,,,,,,
51.077084,22.394497,0.35455897,51.077084,22.394497,0.41282165,,,,,,,,,,,,,,,,,,,,,,,,,,,,,,,,,,,,,,,,,,,,,,,,,,,,,,,,,,,,,51.077084,22.394497,0.08589553,51.077084,22.394497,0.3807038,,,,,,,,,,,,,,,,,,,,,,,,,,,,,,,,,,,,,,,,,,,,,,,,,,,,,,,,,,,,,,,
51.077084,22.424477,0.3534434,51.077084,22.424477,0.4112747,,,,,,,,,,,,,,,,,,,,,,,,,,,,,,,,,,,,,,,,,,,,,,,,,,,,,,,,,,,,,51.077084,22.424477,-0.0464701,51.077084,22.424477,0.13141255,,,,,,,,,,,,,,,,,,,,,,,,,,,,,,,,,,,,,,,,,,,,,,,,,,,,,,,,,,,,,,,
51.077084,22.454454,0.3533393,51.077084,22.454454,0.40880558,,,,,,,,,,,,,,,,,,,,,,,,,,,,,,,,,,,,,,,,,,,,,,,,,,,,,,,,,,,,,51.077084,22.454454,-0.07274899,51.077084,22.454454,-0.16230398,,,,,,,,,,,,,,,,,,,,,,,,,,,,,,,,,,,,,,,,,,,,,,,,,,,,,,,,,,,,,,,
51.077084,22.484434,0.3555258,51.077084,22.484434,0.40725863,,,,,,,,,,,,,,,,,,,,,,,,,,,,,,,,,,,,,,,,,,,,,,,,,,,,,,,,,,,,,51.077084,22.484434,0.21277653,51.077084,22.484434,-0.3953942,,,,,,,,,,,,,,,,,,,,,,,,,,,,,,,,,,,,,,,,,,,,,,,,,,,,,,,,,,,,,,,
51.077084,22.514414,0.35121223,51.077084,22.514414,0.41085824,,,,,,,,,,,,,,,,,,,,,,,,,,,,,,,,,,,,,,,,,,,,,,,,,,,,,,,,,,,,,51.077084,22.514414,-0.42071328,51.077084,22.514414,0.10156177,,,,,,,,,,,,,,,,,,,,,,,,,,,,,,,,,,,,,,,,,,,,,,,,,,,,,,,,,,,,,,,
51.077084,22.544394,0.35176262,51.077084,22.544394,0.40953442,,,,,,,,,,,,,,,,,,,,,,,,,,,,,,,,,,,,,,,,,,,,,,,,,,,,,,,,,,,,,51.077084,22.544394,-0.33085018,51.077084,22.544394,-0.066695005,,,,,,,,,,,,,,,,,,,,,,,,,,,,,,,,,,,,,,,,,,,,,,,,,,,,,,,,,,,,,,,
51.077084,22.574371,0.35448465,51.077084,22.574371,0.41029304,,,,,,,,,,,,,,,,,,,,,,,,,,,,,,,,,,,,,,,,,,,,,,,,,,,,,,,,,,,,,51.077084,22.574371,0.07004112,51.077084,22.574371,0.02201318,,,,,,,,,,,,,,,,,,,,,,,,,,,,,,,,,,,,,,,,,,,,,,,,,,,,,,,,,,,,,,,
51.077084,22.604351,0.35399374,51.077084,22.604351,0.41288114,,,,,,,,,,,,,,,,,,,,,,,,,,,,,,,,,,,,,,,,,,,,,,,,,,,,,,,,,,,,,51.077084,22.604351,-0.0018843007,51.077084,22.604351,0.36956325,,,,,,,,,,,,,,,,,,,,,,,,,,,,,,,,,,,,,,,,,,,,,,,,,,,,,,,,,,,,,,,
51.077084,22.63433,0.35372603,51.077084,22.63433,0.41127476,,,,,,,,,,,,,,,,,,,,,,,,,,,,,,,,,,,,,,,,,,,,,,,,,,,,,,,,,,,,,51.077084,22.63433,0.0009645886,51.077084,22.63433,0.16893212,,,,,,,,,,,,,,,,,,,,,,,,,,,,,,,,,,,,,,,,,,,,,,,,,,,,,,,,,,,,,,,
51.077084,22.66431,0.3568496,51.077084,22.66431,0.4099955,,,,,,,,,,,,,,,,,,,,,,,,,,,,,,,,,,,,,,,,,,,,,,,,,,,,,,,,,,,,,51.077084,22.66431,0.43189886,51.077084,22.66431,0.0016871624,,,,,,,,,,,,,,,,,,,,,,,,,,,,,,,,,,,,,,,,,,,,,,,,,,,,,,,,,,,,,,,
51.077084,22.694288,0.3551242,51.077084,22.694288,0.40770492,,,,,,,,,,,,,,,,,,,,,,,,,,,,,,,,,,,,,,,,,,,,,,,,,,,,,,,,,,,,,51.077084,22.694288,0.18508244,51.077084,22.694288,-0.3319157,,,,,,,,,,,,,,,,,,,,,,,,,,,,,,,,,,,,,,,,,,,,,,,,,,,,,,,,,,,,,,,
51.077084,22.724268,0.35327974,51.077084,22.724268,0.40623233,,,,,,,,,,,,,,,,,,,,,,,,,,,,,,,,,,,,,,,,,,,,,,,,,,,,,,,,,,,,,51.077084,22.724268,-0.13441359,51.077084,22.724268,-0.5161582,,,,,,,,,,,,,,,,,,,,,,,,,,,,,,,,,,,,,,,,,,,,,,,,,,,,,,,,,,,,,,,
51.077084,22.754248,0.3534732,51.077084,22.754248,0.4091031,,,,,,,,,,,,,,,,,,,,,,,,,,,,,,,,,,,,,,,,,,,,,,,,,,,,,,,,,,,,,51.077084,22.754248,-0.063968346,51.077084,22.754248,-0.15168616,,,,,,,,,,,,,,,,,,,,,,,,,,,,,,,,,,,,,,,,,,,,,,,,,,,,,,,,,,,,,,,
51.077084,22.784227,0.3552432,51.077084,22.784227,0.40868658,,,,,,,,,,,,,,,,,,,,,,,,,,,,,,,,,,,,,,,,,,,,,,,,,,,,,,,,,,,,,51.077084,22.784227,0.20991606,51.077084,22.784227,-0.20064187,,,,,,,,,,,,,,,,,,,,,,,,,,,,,,,,,,,,,,,,,,,,,,,,,,,,,,,,,,,,,,,
51.077084,22.814205,0.35549605,51.077084,22.814205,0.41213742,,,,,,,,,,,,,,,,,,,,,,,,,,,,,,,,,,,,,,,,,,,,,,,,,,,,,,,,,,,,,51.077084,22.814205,0.22764339,51.077084,22.814205,0.2599098,,,,,,,,,,,,,,,,,,,,,,,,,,,,,,,,,,,,,,,,,,,,,,,,,,,,,,,,,,,,,,,
51.077084,22.844185,0.3527592,51.077084,22.844185,0.41021866,,,,,,,,,,,,,,,,,,,,,,,,,,,,,,,,,,,,,,,,,,,,,,,,,,,,,,,,,,,,,51.077084,22.844185,-0.17829016,51.077084,22.844185,0.0038278599,,,,,,,,,,,,,,,,,,,,,,,,,,,,,,,,,,,,,,,,,,,,,,,,,,,,,,,,,,,,,,,
51.077084,22.874165,0.35527292,51.077084,22.874165,0.40923694,,,,,,,,,,,,,,,,,,,,,,,,,,,,,,,,,,,,,,,,,,,,,,,,,,,,,,,,,,,,,51.077084,22.874165,0.20185652,51.077084,22.874165,-0.1422187,,,,,,,,,,,,,,,,,,,,,,,,,,,,,,,,,,,,,,,,,,,,,,,,,,,,,,,,,,,,,,,
51.077084,22.904144,0.3575041,51.077084,22.904144,0.4078387,,,,,,,,,,,,,,,,,,,,,,,,,,,,,,,,,,,,,,,,,,,,,,,,,,,,,,,,,,,,,51.077084,22.904144,0.51998854,51.077084,22.904144,-0.31917968,,,,,,,,,,,,,,,,,,,,,,,,,,,,,,,,,,,,,,,,,,,,,,,,,,,,,,,,,,,,,,,
51.077084,22.934122,0.35188162,51.077084,22.934122,0.41075414,,,,,,,,,,,,,,,,,,,,,,,,,,,,,,,,,,,,,,,,,,,,,,,,,,,,,,,,,,,,,51.077084,22.934122,-0.29919496,51.077084,22.934122,0.07460199,,,,,,,,,,,,,,,,,,,,,,,,,,,,,,,,,,,,,,,,,,,,,,,,,,,,,,,,,,,,,,,
51.077084,22.964102,0.35516885,51.077084,22.964102,0.40922207,,,,,,,,,,,,,,,,,,,,,,,,,,,,,,,,,,,,,,,,,,,,,,,,,,,,,,,,,,,,,51.077084,22.964102,0.23221053,51.077084,22.964102,-0.13627762,,,,,,,,,,,,,,,,,,,,,,,,,,,,,,,,,,,,,,,,,,,,,,,,,,,,,,,,,,,,,,,
51.077084,22.994081,0.35711733,51.077084,22.994081,0.40934104,,,,,,,,,,,,,,,,,,,,,,,,,,,,,,,,,,,,,,,,,,,,,,,,,,,,,,,,,,,,,51.077084,22.994081,0.4601604,51.077084,22.994081,-0.10163483,,,,,,,,,,,,,,,,,,,,,,,,,,,,,,,,,,,,,,,,,,,,,,,,,,,,,,,,,,,,,,,
51.077084,23.024061,0.35231295,51.077084,23.024061,0.41479996,,,,,,,,,,,,,,,,,,,,,,,,,,,,,,,,,,,,,,,,,,,,,,,,,,,,,,,,,,,,,51.077084,23.024061,-0.24282323,51.077084,23.024061,0.59351987,,,,,,,,,,,,,,,,,,,,,,,,,,,,,,,,,,,,,,,,,,,,,,,,,,,,,,,,,,,,,,,
51.077084,23.05404,0.35403836,51.077084,23.05404,0.4097427,,,,,,,,,,,,,,,,,,,,,,,,,,,,,,,,,,,,,,,,,,,,,,,,,,,,,,,,,,,,,51.077084,23.05404,-0.0033365553,51.077084,23.05404,-0.059486516,,,,,,,,,,,,,,,,,,,,,,,,,,,,,,,,,,,,,,,,,,,,,,,,,,,,,,,,,,,,,,,
51.077084,23.084019,0.3522832,51.077084,23.084019,0.40783876,,,,,,,,,,,,,,,,,,,,,,,,,,,,,,,,,,,,,,,,,,,,,,,,,,,,,,,,,,,,,51.077084,23.084019,-0.25485003,51.077084,23.084019,-0.2986146,,,,,,,,,,,,,,,,,,,,,,,,,,,,,,,,,,,,,,,,,,,,,,,,,,,,,,,,,,,,,,,
51.077084,23.113998,0.35443997,51.077084,23.113998,0.40910304,,,,,,,,,,,,,,,,,,,,,,,,,,,,,,,,,,,,,,,,,,,,,,,,,,,,,,,,,,,,,51.077084,23.113998,0.027655164,51.077084,23.113998,-0.11196608,,,,,,,,,,,,,,,,,,,,,,,,,,,,,,,,,,,,,,,,,,,,,,,,,,,,,,,,,,,,,,,
51.077084,23.143978,0.35354748,51.077084,23.143978,0.41060537,,,,,,,,,,,,,,,,,,,,,,,,,,,,,,,,,,,,,,,,,,,,,,,,,,,,,,,,,,,,,51.077084,23.143978,-0.07090224,51.077084,23.143978,0.03804279,,,,,,,,,,,,,,,,,,,,,,,,,,,,,,,,,,,,,,,,,,,,,,,,,,,,,,,,,,,,,,,
51.077084,23.173958,0.35549605,51.077084,23.173958,0.4076305,,,,,,,,,,,,,,,,,,,,,,,,,,,,,,,,,,,,,,,,,,,,,,,,,,,,,,,,,,,,,51.077084,23.173958,0.23255202,51.077084,23.173958,-0.3236729,,,,,,,,,,,,,,,,,,,,,,,,,,,,,,,,,,,,,,,,,,,,,,,,,,,,,,,,,,,,,,,
51.077084,23.203936,0.353845,51.077084,23.203936,0.4134761,,,,,,,,,,,,,,,,,,,,,,,,,,,,,,,,,,,,,,,,,,,,,,,,,,,,,,,,,,,,,51.077084,23.203936,-0.02495606,51.077084,23.203936,0.4345935,,,,,,,,,,,,,,,,,,,,,,,,,,,,,,,,,,,,,,,,,,,,,,,,,,,,,,,,,,,,,,,
51.077084,23.233915,0.35109326,51.077084,23.233915,0.4122118,,,,,,,,,,,,,,,,,,,,,,,,,,,,,,,,,,,,,,,,,,,,,,,,,,,,,,,,,,,,,51.077084,23.233915,-0.40764633,51.077084,23.233915,0.27820173,,,,,,,,,,,,,,,,,,,,,,,,,,,,,,,,,,,,,,,,,,,,,,,,,,,,,,,,,,,,,,,
51.077084,23.263895,0.3566414,51.077084,23.263895,0.41420496,,,,,,,,,,,,,,,,,,,,,,,,,,,,,,,,,,,,,,,,,,,,,,,,,,,,,,,,,,,,,51.077084,23.263895,0.40351185,51.077084,23.263895,0.5451231,,,,,,,,,,,,,,,,,,,,,,,,,,,,,,,,,,,,,,,,,,,,,,,,,,,,,,,,,,,,,,,
51.077084,23.293875,0.3521345,51.077084,23.293875,0.4125093,,,,,,,,,,,,,,,,,,,,,,,,,,,,,,,,,,,,,,,,,,,,,,,,,,,,,,,,,,,,,51.077084,23.293875,-0.29401195,51.077084,23.293875,0.31642628,,,,,,,,,,,,,,,,,,,,,,,,,,,,,,,,,,,,,,,,,,,,,,,,,,,,,,,,,,,,,,,
51.077084,23.323853,0.3530418,51.077084,23.323853,0.4137885,,,,,,,,,,,,,,,,,,,,,,,,,,,,,,,,,,,,,,,,,,,,,,,,,,,,,,,,,,,,,51.077084,23.323853,-0.14430383,51.077084,23.323853,0.4740354,,,,,,,,,,,,,,,,,,,,,,,,,,,,,,,,,,,,,,,,,,,,,,,,,,,,,,,,,,,,,,,
51.077084,23.353832,0.35597202,51.077084,23.353832,0.407809,,,,,,,,,,,,,,,,,,,,,,,,,,,,,,,,,,,,,,,,,,,,,,,,,,,,,,,,,,,,,51.077084,23.353832,0.2947129,51.077084,23.353832,-0.33124435,,,,,,,,,,,,,,,,,,,,,,,,,,,,,,,,,,,,,,,,,,,,,,,,,,,,,,,,,,,,,,,
51.077084,23.383812,0.35005206,51.077084,23.383812,0.40920722,,,,,,,,,,,,,,,,,,,,,,,,,,,,,,,,,,,,,,,,,,,,,,,,,,,,,,,,,,,,,51.077084,23.383812,-0.5701615,51.077084,23.383812,-0.15633199,,,,,,,,,,,,,,,,,,,,,,,,,,,,,,,,,,,,,,,,,,,,,,,,,,,,,,,,,,,,,,,
51.077084,23.413792,0.35149488,51.077084,23.413792,0.41314894,,,,,,,,,,,,,,,,,,,,,,,,,,,,,,,,,,,,,,,,,,,,,,,,,,,,,,,,,,,,,51.077084,23.413792,-0.35088176,51.077084,23.413792,0.3902419,,,,,,,,,,,,,,,,,,,,,,,,,,,,,,,,,,,,,,,,,,,,,,,,,,,,,,,,,,,,,,,
51.077084,23.44377,0.3499777,51.077084,23.44377,0.4084486,,,,,,,,,,,,,,,,,,,,,,,,,,,,,,,,,,,,,,,,,,,,,,,,,,,,,,,,,,,,,51.077084,23.44377,-0.5938566,51.077084,23.44377,-0.23788309,,,,,,,,,,,,,,,,,,,,,,,,,,,,,,,,,,,,,,,,,,,,,,,,,,,,,,,,,,,,,,,
51.077084,23.47375,0.35369626,51.077084,23.47375,0.41271755,,,,,,,,,,,,,,,,,,,,,,,,,,,,,,,,,,,,,,,,,,,,,,,,,,,,,,,,,,,,,51.077084,23.47375,-0.06367323,51.077084,23.47375,0.34422123,,,,,,,,,,,,,,,,,,,,,,,,,,,,,,,,,,,,,,,,,,,,,,,,,,,,,,,,,,,,,,,
51.077084,23.503729,0.3540979,51.077084,23.503729,0.40928158,,,,,,,,,,,,,,,,,,,,,,,,,,,,,,,,,,,,,,,,,,,,,,,,,,,,,,,,,,,,,51.077084,23.503729,-0.0020290448,51.077084,23.503729,-0.12507123,,,,,,,,,,,,,,,,,,,,,,,,,,,,,,,,,,,,,,,,,,,,,,,,,,,,,,,,,,,,,,,
51.077084,23.533709,0.35466313,51.077084,23.533709,0.41230106,,,,,,,,,,,,,,,,,,,,,,,,,,,,,,,,,,,,,,,,,,,,,,,,,,,,,,,,,,,,,51.077084,23.533709,0.12804171,51.077084,23.533709,0.2642921,,,,,,,,,,,,,,,,,,,,,,,,,,,,,,,,,,,,,,,,,,,,,,,,,,,,,,,,,,,,,,,
51.077084,23.563686,0.3477019,51.077084,23.563686,0.40806186,,,,,,,,,,,,,,,,,,,,,,,,,,,,,,,,,,,,,,,,,,,,,,,,,,,,,,,,,,,,,51.077084,23.563686,-0.88138866,51.077084,23.563686,-0.27254546,,,,,,,,,,,,,,,,,,,,,,,,,,,,,,,,,,,,,,,,,,,,,,,,,,,,,,,,,,,,,,,
51.077084,23.593666,0.351123,51.077084,23.593666,0.40821064,,,,,,,,,,,,,,,,,,,,,,,,,,,,,,,,,,,,,,,,,,,,,,,,,,,,,,,,,,,,,51.077084,23.593666,-0.43112266,51.077084,23.593666,-0.26575407,,,,,,,,,,,,,,,,,,,,,,,,,,,,,,,,,,,,,,,,,,,,,,,,,,,,,,,,,,,,,,,
51.077084,23.623646,0.3543805,51.077084,23.623646,0.40766025,,,,,,,,,,,,,,,,,,,,,,,,,,,,,,,,,,,,,,,,,,,,,,,,,,,,,,,,,,,,,51.077084,23.623646,0.07671487,51.077084,23.623646,-0.34371948,,,,,,,,,,,,,,,,,,,,,,,,,,,,,,,,,,,,,,,,,,,,,,,,,,,,,,,,,,,,,,,
51.077084,23.653625,0.35756359,51.077084,23.653625,0.4094452,,,,,,,,,,,,,,,,,,,,,,,,,,,,,,,,,,,,,,,,,,,,,,,,,,,,,,,,,,,,,51.077084,23.653625,0.49727234,51.077084,23.653625,-0.10539448,,,,,,,,,,,,,,,,,,,,,,,,,,,,,,,,,,,,,,,,,,,,,,,,,,,,,,,,,,,,,,,
51.077084,23.683603,0.35290793,51.077084,23.683603,0.41118547,,,,,,,,,,,,,,,,,,,,,,,,,,,,,,,,,,,,,,,,,,,,,,,,,,,,,,,,,,,,,51.077084,23.683603,-0.18220755,51.077084,23.683603,0.13814999,,,,,,,,,,,,,,,,,,,,,,,,,,,,,,,,,,,,,,,,,,,,,,,,,,,,,,,,,,,,,,,
51.077084,23.713583,0.35702813,51.077084,23.713583,0.4116466,,,,,,,,,,,,,,,,,,,,,,,,,,,,,,,,,,,,,,,,,,,,,,,,,,,,,,,,,,,,,51.077084,23.713583,0.46155643,51.077084,23.713583,0.20876348,,,,,,,,,,,,,,,,,,,,,,,,,,,,,,,,,,,,,,,,,,,,,,,,,,,,,,,,,,,,,,,
51.077084,23.743563,0.35427636,51.077084,23.743563,0.41395208,,,,,,,,,,,,,,,,,,,,,,,,,,,,,,,,,,,,,,,,,,,,,,,,,,,,,,,,,,,,,51.077084,23.743563,0.05915565,51.077084,23.743563,0.50575364,,,,,,,,,,,,,,,,,,,,,,,,,,,,,,,,,,,,,,,,,,,,,,,,,,,,,,,,,,,,,,,
51.077084,23.773542,0.35516882,51.077084,23.773542,0.40871632,,,,,,,,,,,,,,,,,,,,,,,,,,,,,,,,,,,,,,,,,,,,,,,,,,,,,,,,,,,,,51.077084,23.773542,0.15722334,51.077084,23.773542,-0.18017346,,,,,,,,,,,,,,,,,,,,,,,,,,,,,,,,,,,,,,,,,,,,,,,,,,,,,,,,,,,,,,,
51.077084,23.80352,0.3575338,51.077084,23.80352,0.41332734,,,,,,,,,,,,,,,,,,,,,,,,,,,,,,,,,,,,,,,,,,,,,,,,,,,,,,,,,,,,,51.077084,23.80352,0.5549716,51.077084,23.80352,0.44864088,,,,,,,,,,,,,,,,,,,,,,,,,,,,,,,,,,,,,,,,,,,,,,,,,,,,,,,,,,,,,,,
51.077084,23.8335,0.35540685,51.077084,23.8335,0.40699092,,,,,,,,,,,,,,,,,,,,,,,,,,,,,,,,,,,,,,,,,,,,,,,,,,,,,,,,,,,,,51.077084,23.8335,0.23468187,51.077084,23.8335,-0.420566,,,,,,,,,,,,,,,,,,,,,,,,,,,,,,,,,,,,,,,,,,,,,,,,,,,,,,,,,,,,,,,
51.077084,23.86348,0.35493082,51.077084,23.86348,0.41894987,,,,,,,,,,,,,,,,,,,,,,,,,,,,,,,,,,,,,,,,,,,,,,,,,,,,,,,,,,,,,51.077084,23.86348,0.17338239,51.077084,23.86348,1.1679859,,,,,,,,,,,,,,,,,,,,,,,,,,,,,,,,,,,,,,,,,,,,,,,,,,,,,,,,,,,,,,,
51.077084,23.89346,0.3548862,51.077084,23.89346,0.41011453,,,,,,,,,,,,,,,,,,,,,,,,,,,,,,,,,,,,,,,,,,,,,,,,,,,,,,,,,,,,,51.077084,23.89346,0.10034672,51.077084,23.89346,-0.00048540698,,,,,,,,,,,,,,,,,,,,,,,,,,,,,,,,,,,,,,,,,,,,,,,,,,,,,,,,,,,,,,,
51.077084,23.923439,0.35567456,51.077084,23.923439,0.40734792,,,,,,,,,,,,,,,,,,,,,,,,,,,,,,,,,,,,,,,,,,,,,,,,,,,,,,,,,,,,,51.077084,23.923439,0.27564055,51.077084,23.923439,-0.39885467,,,,,,,,,,,,,,,,,,,,,,,,,,,,,,,,,,,,,,,,,,,,,,,,,,,,,,,,,,,,,,,
51.077084,23.953417,0.35289302,51.077084,23.953417,0.41173586,,,,,,,,,,,,,,,,,,,,,,,,,,,,,,,,,,,,,,,,,,,,,,,,,,,,,,,,,,,,,51.077084,23.953417,-0.1418243,51.077084,23.953417,0.22344783,,,,,,,,,,,,,,,,,,,,,,,,,,,,,,,,,,,,,,,,,,,,,,,,,,,,,,,,,,,,,,,
51.077084,23.983397,0.35479695,51.077084,23.983397,0.40818086,,,,,,,,,,,,,,,,,,,,,,,,,,,,,,,,,,,,,,,,,,,,,,,,,,,,,,,,,,,,,51.077084,23.983397,0.157484,51.077084,23.983397,-0.24413286,,,,,,,,,,,,,,,,,,,,,,,,,,,,,,,,,,,,,,,,,,,,,,,,,,,,,,,,,,,,,,,
51.077084,24.013376,0.35423172,51.077084,24.013376,0.4107095,,,,,,,,,,,,,,,,,,,,,,,,,,,,,,,,,,,,,,,,,,,,,,,,,,,,,,,,,,,,,51.077084,24.013376,0.021058097,51.077084,24.013376,0.08573447,,,,,,,,,,,,,,,,,,,,,,,,,,,,,,,,,,,,,,,,,,,,,,,,,,,,,,,,,,,,,,,
51.077084,24.043356,0.35266992,51.077084,24.043356,0.4047449,,,,,,,,,,,,,,,,,,,,,,,,,,,,,,,,,,,,,,,,,,,,,,,,,,,,,,,,,,,,,51.077084,24.043356,-0.22308853,51.077084,24.043356,-0.7272885,,,,,,,,,,,,,,,,,,,,,,,,,,,,,,,,,,,,,,,,,,,,,,,,,,,,,,,,,,,,,,,
51.077084,24.073334,0.35606125,51.077084,24.073334,0.40990627,,,,,,,,,,,,,,,,,,,,,,,,,,,,,,,,,,,,,,,,,,,,,,,,,,,,,,,,,,,,,51.077084,24.073334,0.31948894,51.077084,24.073334,-0.0245223,,,,,,,,,,,,,,,,,,,,,,,,,,,,,,,,,,,,,,,,,,,,,,,,,,,,,,,,,,,,,,,
51.077084,24.103313,0.351599,51.077084,24.103313,0.41203332,,,,,,,,,,,,,,,,,,,,,,,,,,,,,,,,,,,,,,,,,,,,,,,,,,,,,,,,,,,,,51.077084,24.103313,-0.39110544,51.077084,24.103313,0.23137543,,,,,,,,,,,,,,,,,,,,,,,,,,,,,,,,,,,,,,,,,,,,,,,,,,,,,,,,,,,,,,,
51.077084,24.133293,0.35540685,51.077084,24.133293,0.40733305,,,,,,,,,,,,,,,,,,,,,,,,,,,,,,,,,,,,,,,,,,,,,,,,,,,,,,,,,,,,,51.077084,24.133293,0.24664193,51.077084,24.133293,-0.36891127,,,,,,,,,,,,,,,,,,,,,,,,,,,,,,,,,,,,,,,,,,,,,,,,,,,,,,,,,,,,,,,
51.077084,24.163273,0.3516585,51.077084,24.163273,0.40844858,,,,,,,,,,,,,,,,,,,,,,,,,,,,,,,,,,,,,,,,,,,,,,,,,,,,,,,,,,,,,51.077084,24.163273,-0.30028048,51.077084,24.163273,-0.247071,,,,,,,,,,,,,,,,,,,,,,,,,,,,,,,,,,,,,,,,,,,,,,,,,,,,,,,,,,,,,,,
51.077084,24.19325,0.35435072,51.077084,24.19325,0.41240516,,,,,,,,,,,,,,,,,,,,,,,,,,,,,,,,,,,,,,,,,,,,,,,,,,,,,,,,,,,,,51.077084,24.19325,0.024949683,51.077084,24.19325,0.28816247,,,,,,,,,,,,,,,,,,,,,,,,,,,,,,,,,,,,,,,,,,,,,,,,,,,,,,,,,,,,,,,
51.077084,24.22323,0.35258067,51.077084,24.22323,0.4064852,,,,,,,,,,,,,,,,,,,,,,,,,,,,,,,,,,,,,,,,,,,,,,,,,,,,,,,,,,,,,51.077084,24.22323,-0.20048755,51.077084,24.22323,-0.48416603,,,,,,,,,,,,,,,,,,,,,,,,,,,,,,,,,,,,,,,,,,,,,,,,,,,,,,,,,,,,,,,
51.077084,24.25321,0.35656703,51.077084,24.25321,0.41183993,,,,,,,,,,,,,,,,,,,,,,,,,,,,,,,,,,,,,,,,,,,,,,,,,,,,,,,,,,,,,51.077084,24.25321,0.38167274,51.077084,24.25321,0.22925144,,,,,,,,,,,,,,,,,,,,,,,,,,,,,,,,,,,,,,,,,,,,,,,,,,,,,,,,,,,,,,,
51.077084,24.28319,0.3553473,51.077084,24.28319,0.41067973,,,,,,,,,,,,,,,,,,,,,,,,,,,,,,,,,,,,,,,,,,,,,,,,,,,,,,,,,,,,,51.077084,24.28319,0.20419155,51.077084,24.28319,0.08070376,,,,,,,,,,,,,,,,,,,,,,,,,,,,,,,,,,,,,,,,,,,,,,,,,,,,,,,,,,,,,,,
51.077084,24.313168,0.35174772,51.077084,24.313168,0.4118548,,,,,,,,,,,,,,,,,,,,,,,,,,,,,,,,,,,,,,,,,,,,,,,,,,,,,,,,,,,,,51.077084,24.313168,-0.32490623,51.077084,24.313168,0.23144796,,,,,,,,,,,,,,,,,,,,,,,,,,,,,,,,,,,,,,,,,,,,,,,,,,,,,,,,,,,,,,,
51.077084,24.343147,0.3598245,51.077084,24.343147,0.41093263,,,,,,,,,,,,,,,,,,,,,,,,,,,,,,,,,,,,,,,,,,,,,,,,,,,,,,,,,,,,,51.077084,24.343147,0.9172478,51.077084,24.343147,0.10486272,,,,,,,,,,,,,,,,,,,,,,,,,,,,,,,,,,,,,,,,,,,,,,,,,,,,,,,,,,,,,,,
51.077084,24.373127,0.3557043,51.077084,24.373127,0.41191435,,,,,,,,,,,,,,,,,,,,,,,,,,,,,,,,,,,,,,,,,,,,,,,,,,,,,,,,,,,,,51.077084,24.373127,0.255789,51.077084,24.373127,0.22552273,,,,,,,,,,,,,,,,,,,,,,,,,,,,,,,,,,,,,,,,,,,,,,,,,,,,,,,,,,,,,,,
51.077084,24.403107,0.35197082,51.077084,24.403107,0.40911797,,,,,,,,,,,,,,,,,,,,,,,,,,,,,,,,,,,,,,,,,,,,,,,,,,,,,,,,,,,,,51.077084,24.403107,-0.29068872,51.077084,24.403107,-0.13789196,,,,,,,,,,,,,,,,,,,,,,,,,,,,,,,,,,,,,,,,,,,,,,,,,,,,,,,,,,,,,,,
51.077084,24.433084,0.34904063,51.077084,24.433084,0.40719917,,,,,,,,,,,,,,,,,,,,,,,,,,,,,,,,,,,,,,,,,,,,,,,,,,,,,,,,,,,,,51.077084,24.433084,-0.70250773,51.077084,24.433084,-0.4011606,,,,,,,,,,,,,,,,,,,,,,,,,,,,,,,,,,,,,,,,,,,,,,,,,,,,,,,,,,,,,,,
51.077084,24.463064,0.3541574,51.077084,24.463064,0.41181022,,,,,,,,,,,,,,,,,,,,,,,,,,,,,,,,,,,,,,,,,,,,,,,,,,,,,,,,,,,,,51.077084,24.463064,0.06289952,51.077084,24.463064,0.2055349,,,,,,,,,,,,,,,,,,,,,,,,,,,,,,,,,,,,,,,,,,,,,,,,,,,,,,,,,,,,,,,
51.077084,24.493044,0.3583222,51.077084,24.493044,0.4119143,,,,,,,,,,,,,,,,,,,,,,,,,,,,,,,,,,,,,,,,,,,,,,,,,,,,,,,,,,,,,51.077084,24.493044,0.66075706,51.077084,24.493044,0.23074389,,,,,,,,,,,,,,,,,,,,,,,,,,,,,,,,,,,,,,,,,,,,,,,,,,,,,,,,,,,,,,,
51.077084,24.523024,0.35213447,51.077084,24.523024,0.41039714,,,,,,,,,,,,,,,,,,,,,,,,,,,,,,,,,,,,,,,,,,,,,,,,,,,,,,,,,,,,,51.077084,24.523024,-0.2759158,51.077084,24.523024,0.041357778,,,,,,,,,,,,,,,,,,,,,,,,,,,,,,,,,,,,,,,,,,,,,,,,,,,,,,,,,,,,,,,
51.077084,24.553001,0.34982893,51.077084,24.553001,0.41377363,,,,,,,,,,,,,,,,,,,,,,,,,,,,,,,,,,,,,,,,,,,,,,,,,,,,,,,,,,,,,51.077084,24.553001,-0.6160367,51.077084,24.553001,0.47602236,,,,,,,,,,,,,,,,,,,,,,,,,,,,,,,,,,,,,,,,,,,,,,,,,,,,,,,,,,,,,,,
51.077084,24.582981,0.35521346,51.077084,24.582981,0.4116317,,,,,,,,,,,,,,,,,,,,,,,,,,,,,,,,,,,,,,,,,,,,,,,,,,,,,,,,,,,,,51.077084,24.582981,0.16769552,51.077084,24.582981,0.18783684,,,,,,,,,,,,,,,,,,,,,,,,,,,,,,,,,,,,,,,,,,,,,,,,,,,,,,,,,,,,,,,
51.077084,24.61296,0.3562249,51.077084,24.61296,0.4099063,,,,,,,,,,,,,,,,,,,,,,,,,,,,,,,,,,,,,,,,,,,,,,,,,,,,,,,,,,,,,51.077084,24.61296,0.326734,51.077084,24.61296,-0.027147084,,,,,,,,,,,,,,,,,,,,,,,,,,,,,,,,,,,,,,,,,,,,,,,,,,,,,,,,,,,,,,,
51.077084,24.64294,0.3529228,51.077084,24.64294,0.4069761,,,,,,,,,,,,,,,,,,,,,,,,,,,,,,,,,,,,,,,,,,,,,,,,,,,,,,,,,,,,,51.077084,24.64294,-0.1667145,51.077084,24.64294,-0.41493857,,,,,,,,,,,,,,,,,,,,,,,,,,,,,,,,,,,,,,,,,,,,,,,,,,,,,,,,,,,,,,,
51.077084,24.672918,0.3579503,51.077084,24.672918,0.40777928,,,,,,,,,,,,,,,,,,,,,,,,,,,,,,,,,,,,,,,,,,,,,,,,,,,,,,,,,,,,,51.077084,24.672918,0.6004618,51.077084,24.672918,-0.32134163,,,,,,,,,,,,,,,,,,,,,,,,,,,,,,,,,,,,,,,,,,,,,,,,,,,,,,,,,,,,,,,
51.077084,24.702898,0.35464823,51.077084,24.702898,0.4113788,,,,,,,,,,,,,,,,,,,,,,,,,,,,,,,,,,,,,,,,,,,,,,,,,,,,,,,,,,,,,51.077084,24.702898,0.08091859,51.077084,24.702898,0.15204597,,,,,,,,,,,,,,,,,,,,,,,,,,,,,,,,,,,,,,,,,,,,,,,,,,,,,,,,,,,,,,,
51.077084,24.732878,0.35185185,51.077084,24.732878,0.41173586,,,,,,,,,,,,,,,,,,,,,,,,,,,,,,,,,,,,,,,,,,,,,,,,,,,,,,,,,,,,,51.077084,24.732878,-0.3328258,51.077084,24.732878,0.21417618,,,,,,,,,,,,,,,,,,,,,,,,,,,,,,,,,,,,,,,,,,,,,,,,,,,,,,,,,,,,,,,
51.077084,24.762857,0.3547672,51.077084,24.762857,0.41276217,,,,,,,,,,,,,,,,,,,,,,,,,,,,,,,,,,,,,,,,,,,,,,,,,,,,,,,,,,,,,51.077084,24.762857,0.10268494,51.077084,24.762857,0.35841298,,,,,,,,,,,,,,,,,,,,,,,,,,,,,,,,,,,,,,,,,,,,,,,,,,,,,,,,,,,,,,,
51.077084,24.792837,0.35302696,51.077084,24.792837,0.41105163,,,,,,,,,,,,,,,,,,,,,,,,,,,,,,,,,,,,,,,,,,,,,,,,,,,,,,,,,,,,,51.077084,24.792837,-0.14962567,51.077084,24.792837,0.11591021,,,,,,,,,,,,,,,,,,,,,,,,,,,,,,,,,,,,,,,,,,,,,,,,,,,,,,,,,,,,,,,
51.077084,24.822815,0.3572512,51.077084,24.822815,0.41131938,,,,,,,,,,,,,,,,,,,,,,,,,,,,,,,,,,,,,,,,,,,,,,,,,,,,,,,,,,,,,51.077084,24.822815,0.448609,51.077084,24.822815,0.16285226,,,,,,,,,,,,,,,,,,,,,,,,,,,,,,,,,,,,,,,,,,,,,,,,,,,,,,,,,,,,,,,
51.077084,24.852795,0.3532054,51.077084,24.852795,0.4142199,,,,,,,,,,,,,,,,,,,,,,,,,,,,,,,,,,,,,,,,,,,,,,,,,,,,,,,,,,,,,51.077084,24.852795,-0.13528019,51.077084,24.852795,0.5238554,,,,,,,,,,,,,,,,,,,,,,,,,,,,,,,,,,,,,,,,,,,,,,,,,,,,,,,,,,,,,,,
51.077084,24.882774,0.35412765,51.077084,24.882774,0.41210768,,,,,,,,,,,,,,,,,,,,,,,,,,,,,,,,,,,,,,,,,,,,,,,,,,,,,,,,,,,,,51.077084,24.882774,0.019697063,51.077084,24.882774,0.2641402,,,,,,,,,,,,,,,,,,,,,,,,,,,,,,,,,,,,,,,,,,,,,,,,,,,,,,,,,,,,,,,
51.077084,24.912754,0.35278893,51.077084,24.912754,0.41017404,,,,,,,,,,,,,,,,,,,,,,,,,,,,,,,,,,,,,,,,,,,,,,,,,,,,,,,,,,,,,51.077084,24.912754,-0.17098233,51.077084,24.912754,0.0040339627,,,,,,,,,,,,,,,,,,,,,,,,,,,,,,,,,,,,,,,,,,,,,,,,,,,,,,,,,,,,,,,
51.077084,24.942732,0.3550647,51.077084,24.942732,0.41252416,,,,,,,,,,,,,,,,,,,,,,,,,,,,,,,,,,,,,,,,,,,,,,,,,,,,,,,,,,,,,51.077084,24.942732,0.15895444,51.077084,24.942732,0.300584,,,,,,,,,,,,,,,,,,,,,,,,,,,,,,,,,,,,,,,,,,,,,,,,,,,,,,,,,,,,,,,
51.077084,24.972712,0.35183695,51.077084,24.972712,0.41224155,,,,,,,,,,,,,,,,,,,,,,,,,,,,,,,,,,,,,,,,,,,,,,,,,,,,,,,,,,,,,51.077084,24.972712,-0.28775495,51.077084,24.972712,0.301772,,,,,,,,,,,,,,,,,,,,,,,,,,,,,,,,,,,,,,,,,,,,,,,,,,,,,,,,,,,,,,,
51.077084,25.002691,0.35842627,51.077084,25.002691,0.41234568,,,,,,,,,,,,,,,,,,,,,,,,,,,,,,,,,,,,,,,,,,,,,,,,,,,,,,,,,,,,,51.077084,25.002691,0.65526557,51.077084,25.002691,0.29764897,,,,,,,,,,,,,,,,,,,,,,,,,,,,,,,,,,,,,,,,,,,,,,,,,,,,,,,,,,,,,,,
51.077084,25.032671,0.3577272,51.077084,25.032671,0.40825522,,,,,,,,,,,,,,,,,,,,,,,,,,,,,,,,,,,,,,,,,,,,,,,,,,,,,,,,,,,,,51.077084,25.032671,0.5743139,51.077084,25.032671,-0.25186402,,,,,,,,,,,,,,,,,,,,,,,,,,,,,,,,,,,,,,,,,,,,,,,,,,,,,,,,,,,,,,,
51.077084,25.062649,0.3559869,51.077084,25.062649,0.40922207,,,,,,,,,,,,,,,,,,,,,,,,,,,,,,,,,,,,,,,,,,,,,,,,,,,,,,,,,,,,,51.077084,25.062649,0.303503,51.077084,25.062649,-0.09225781,,,,,,,,,,,,,,,,,,,,,,,,,,,,,,,,,,,,,,,,,,,,,,,,,,,,,,,,,,,,,,,
51.077084,25.092628,0.35595715,51.077084,25.092628,0.41103676,,,,,,,,,,,,,,,,,,,,,,,,,,,,,,,,,,,,,,,,,,,,,,,,,,,,,,,,,,,,,51.077084,25.092628,0.30578145,51.077084,25.092628,0.12477623,,,,,,,,,,,,,,,,,,,,,,,,,,,,,,,,,,,,,,,,,,,,,,,,,,,,,,,,,,,,,,,
51.077084,25.122608,0.3518816,51.077084,25.122608,0.41118547,,,,,,,,,,,,,,,,,,,,,,,,,,,,,,,,,,,,,,,,,,,,,,,,,,,,,,,,,,,,,51.077084,25.122608,-0.29204714,51.077084,25.122608,0.13987724,,,,,,,,,,,,,,,,,,,,,,,,,,,,,,,,,,,,,,,,,,,,,,,,,,,,,,,,,,,,,,,
51.077084,25.152588,0.3565968,51.077084,25.152588,0.40611336,,,,,,,,,,,,,,,,,,,,,,,,,,,,,,,,,,,,,,,,,,,,,,,,,,,,,,,,,,,,,51.077084,25.152588,0.4158887,51.077084,25.152588,-0.5350473,,,,,,,,,,,,,,,,,,,,,,,,,,,,,,,,,,,,,,,,,,,,,,,,,,,,,,,,,,,,,,,
51.077084,25.182566,0.3553473,51.077084,25.182566,0.4067678,,,,,,,,,,,,,,,,,,,,,,,,,,,,,,,,,,,,,,,,,,,,,,,,,,,,,,,,,,,,,51.077084,25.182566,0.21847728,51.077084,25.182566,-0.47177443,,,,,,,,,,,,,,,,,,,,,,,,,,,,,,,,,,,,,,,,,,,,,,,,,,,,,,,,,,,,,,,
51.077084,25.212545,0.3563885,51.077084,25.212545,0.4099063,,,,,,,,,,,,,,,,,,,,,,,,,,,,,,,,,,,,,,,,,,,,,,,,,,,,,,,,,,,,,51.077084,25.212545,0.35646793,51.077084,25.212545,-0.051500395,,,,,,,,,,,,,,,,,,,,,,,,,,,,,,,,,,,,,,,,,,,,,,,,,,,,,,,,,,,,,,,
51.077084,25.242525,0.35188162,51.077084,25.242525,0.40889484,,,,,,,,,,,,,,,,,,,,,,,,,,,,,,,,,,,,,,,,,,,,,,,,,,,,,,,,,,,,,51.077084,25.242525,-0.3192201,51.077084,25.242525,-0.16032362,,,,,,,,,,,,,,,,,,,,,,,,,,,,,,,,,,,,,,,,,,,,,,,,,,,,,,,,,,,,,,,
51.077084,25.272505,0.3535475,51.077084,25.272505,0.41140857,,,,,,,,,,,,,,,,,,,,,,,,,,,,,,,,,,,,,,,,,,,,,,,,,,,,,,,,,,,,,51.077084,25.272505,-0.07290774,51.077084,25.272505,0.16606627,,,,,,,,,,,,,,,,,,,,,,,,,,,,,,,,,,,,,,,,,,,,,,,,,,,,,,,,,,,,,,,
51.077084,25.302483,0.35210475,51.077084,25.302483,0.40977243,,,,,,,,,,,,,,,,,,,,,,,,,,,,,,,,,,,,,,,,,,,,,,,,,,,,,,,,,,,,,51.077084,25.302483,-0.2702091,51.077084,25.302483,-0.05342912,,,,,,,,,,,,,,,,,,,,,,,,,,,,,,,,,,,,,,,,,,,,,,,,,,,,,,,,,,,,,,,
51.077084,25.332462,0.35393426,51.077084,25.332462,0.41057563,,,,,,,,,,,,,,,,,,,,,,,,,,,,,,,,,,,,,,,,,,,,,,,,,,,,,,,,,,,,,51.077084,25.332462,0.044479284,51.077084,25.332462,0.044447616,,,,,,,,,,,,,,,,,,,,,,,,,,,,,,,,,,,,,,,,,,,,,,,,,,,,,,,,,,,,,,,
51.077084,25.362442,0.3543805,51.077084,25.362442,0.408285,,,,,,,,,,,,,,,,,,,,,,,,,,,,,,,,,,,,,,,,,,,,,,,,,,,,,,,,,,,,,51.077084,25.362442,0.041159257,51.077084,25.362442,-0.22258303,,,,,,,,,,,,,,,,,,,,,,,,,,,,,,,,,,,,,,,,,,,,,,,,,,,,,,,,,,,,,,,
51.077084,25.392422,0.3524022,51.077084,25.392422,0.40841883,,,,,,,,,,,,,,,,,,,,,,,,,,,,,,,,,,,,,,,,,,,,,,,,,,,,,,,,,,,,,51.077084,25.392422,-0.21285695,51.077084,25.392422,-0.22504626,,,,,,,,,,,,,,,,,,,,,,,,,,,,,,,,,,,,,,,,,,,,,,,,,,,,,,,,,,,,,,,
51.077084,25.4224,0.35319054,51.077084,25.4224,0.40742227,,,,,,,,,,,,,,,,,,,,,,,,,,,,,,,,,,,,,,,,,,,,,,,,,,,,,,,,,,,,,51.077084,25.4224,-0.09883371,51.077084,25.4224,-0.36685005,,,,,,,,,,,,,,,,,,,,,,,,,,,,,,,,,,,,,,,,,,,,,,,,,,,,,,,,,,,,,,,
51.077084,25.45238,0.3538301,51.077084,25.45238,0.41151273,,,,,,,,,,,,,,,,,,,,,,,,,,,,,,,,,,,,,,,,,,,,,,,,,,,,,,,,,,,,,51.077084,25.45238,0.00031906698,51.077084,25.45238,0.15584782,,,,,,,,,,,,,,,,,,,,,,,,,,,,,,,,,,,,,,,,,,,,,,,,,,,,,,,,,,,,,,,
51.077084,25.482359,0.354559,51.077084,25.482359,0.40864193,,,,,,,,,,,,,,,,,,,,,,,,,,,,,,,,,,,,,,,,,,,,,,,,,,,,,,,,,,,,,51.077084,25.482359,0.047272895,51.077084,25.482359,-0.17528877,,,,,,,,,,,,,,,,,,,,,,,,,,,,,,,,,,,,,,,,,,,,,,,,,,,,,,,,,,,,,,,
51.077084,25.512339,0.35241705,51.077084,25.512339,0.40974268,,,,,,,,,,,,,,,,,,,,,,,,,,,,,,,,,,,,,,,,,,,,,,,,,,,,,,,,,,,,,51.077084,25.512339,-0.2239713,51.077084,25.512339,-0.03856846,,,,,,,,,,,,,,,,,,,,,,,,,,,,,,,,,,,,,,,,,,,,,,,,,,,,,,,,,,,,,,,
51.077084,25.542316,0.3531013,51.077084,25.542316,0.4122564,,,,,,,,,,,,,,,,,,,,,,,,,,,,,,,,,,,,,,,,,,,,,,,,,,,,,,,,,,,,,51.077084,25.542316,-0.1280759,51.077084,25.542316,0.28356096,,,,,,,,,,,,,,,,,,,,,,,,,,,,,,,,,,,,,,,,,,,,,,,,,,,,,,,,,,,,,,,
51.077084,25.572296,0.35560015,51.077084,25.572296,0.41004017,,,,,,,,,,,,,,,,,,,,,,,,,,,,,,,,,,,,,,,,,,,,,,,,,,,,,,,,,,,,,51.077084,25.572296,0.20573966,51.077084,25.572296,-0.019716581,,,,,,,,,,,,,,,,,,,,,,,,,,,,,,,,,,,,,,,,,,,,,,,,,,,,,,,,,,,,,,,
51.077084,25.602276,0.35789084,51.077084,25.602276,0.41410086,,,,,,,,,,,,,,,,,,,,,,,,,,,,,,,,,,,,,,,,,,,,,,,,,,,,,,,,,,,,,51.077084,25.602276,0.5455141,51.077084,25.602276,0.50616664,,,,,,,,,,,,,,,,,,,,,,,,,,,,,,,,,,,,,,,,,,,,,,,,,,,,,,,,,,,,,,,
51.077084,25.632256,0.3516585,51.077084,25.632256,0.413134,,,,,,,,,,,,,,,,,,,,,,,,,,,,,,,,,,,,,,,,,,,,,,,,,,,,,,,,,,,,,51.077084,25.632256,-0.32949138,51.077084,25.632256,0.4062773,,,,,,,,,,,,,,,,,,,,,,,,,,,,,,,,,,,,,,,,,,,,,,,,,,,,,,,,,,,,,,,
51.077084,25.662235,0.35295254,51.077084,25.662235,0.4155883,,,,,,,,,,,,,,,,,,,,,,,,,,,,,,,,,,,,,,,,,,,,,,,,,,,,,,,,,,,,,51.077084,25.662235,-0.13582385,51.077084,25.662235,0.7212336,,,,,,,,,,,,,,,,,,,,,,,,,,,,,,,,,,,,,,,,,,,,,,,,,,,,,,,,,,,,,,,
51.077084,25.692213,0.3556448,51.077084,25.692213,0.41222668,,,,,,,,,,,,,,,,,,,,,,,,,,,,,,,,,,,,,,,,,,,,,,,,,,,,,,,,,,,,,51.077084,25.692213,0.26458067,51.077084,25.692213,0.2799047,,,,,,,,,,,,,,,,,,,,,,,,,,,,,,,,,,,,,,,,,,,,,,,,,,,,,,,,,,,,,,,
51.077084,25.722193,0.3554812,51.077084,25.722193,0.41099212,,,,,,,,,,,,,,,,,,,,,,,,,,,,,,,,,,,,,,,,,,,,,,,,,,,,,,,,,,,,,51.077084,25.722193,0.24913526,51.077084,25.722193,0.1241663,,,,,,,,,,,,,,,,,,,,,,,,,,,,,,,,,,,,,,,,,,,,,,,,,,,,,,,,,,,,,,,
51.077084,25.752172,0.35751897,51.077084,25.752172,0.40926668,,,,,,,,,,,,,,,,,,,,,,,,,,,,,,,,,,,,,,,,,,,,,,,,,,,,,,,,,,,,,51.077084,25.752172,0.5598916,51.077084,25.752172,-0.13798672,,,,,,,,,,,,,,,,,,,,,,,,,,,,,,,,,,,,,,,,,,,,,,,,,,,,,,,,,,,,,,,
51.077084,25.782152,0.3562249,51.077084,25.782152,0.41215235,,,,,,,,,,,,,,,,,,,,,,,,,,,,,,,,,,,,,,,,,,,,,,,,,,,,,,,,,,,,,51.077084,25.782152,0.361983,51.077084,25.782152,0.2850188,,,,,,,,,,,,,,,,,,,,,,,,,,,,,,,,,,,,,,,,,,,,,,,,,,,,,,,,,,,,,,,
51.077084,25.81213,0.35555553,51.077084,25.81213,0.40767515,,,,,,,,,,,,,,,,,,,,,,,,,,,,,,,,,,,,,,,,,,,,,,,,,,,,,,,,,,,,,51.077084,25.81213,0.2532187,51.077084,25.81213,-0.33040106,,,,,,,,,,,,,,,,,,,,,,,,,,,,,,,,,,,,,,,,,,,,,,,,,,,,,,,,,,,,,,,
51.077084,25.84211,0.35637364,51.077084,25.84211,0.408166,,,,,,,,,,,,,,,,,,,,,,,,,,,,,,,,,,,,,,,,,,,,,,,,,,,,,,,,,,,,,51.077084,25.84211,0.3863272,51.077084,25.84211,-0.2535522,,,,,,,,,,,,,,,,,,,,,,,,,,,,,,,,,,,,,,,,,,,,,,,,,,,,,,,,,,,,,,,
51.077084,25.87209,0.34920424,51.077084,25.87209,0.4095047,,,,,,,,,,,,,,,,,,,,,,,,,,,,,,,,,,,,,,,,,,,,,,,,,,,,,,,,,,,,,51.077084,25.87209,-0.71933,51.077084,25.87209,-0.087971084,,,,,,,,,,,,,,,,,,,,,,,,,,,,,,,,,,,,,,,,,,,,,,,,,,,,,,,,,,,,,,,
51.077084,25.90207,0.35623977,51.077084,25.90207,0.41017404,,,,,,,,,,,,,,,,,,,,,,,,,,,,,,,,,,,,,,,,,,,,,,,,,,,,,,,,,,,,,51.077084,25.90207,0.314432,51.077084,25.90207,-0.0117515195,,,,,,,,,,,,,,,,,,,,,,,,,,,,,,,,,,,,,,,,,,,,,,,,,,,,,,,,,,,,,,,
51.077084,25.932047,0.35699838,51.077084,25.932047,0.4100699,,,,,,,,,,,,,,,,,,,,,,,,,,,,,,,,,,,,,,,,,,,,,,,,,,,,,,,,,,,,,51.077084,25.932047,0.45002878,51.077084,25.932047,-0.0032353466,,,,,,,,,,,,,,,,,,,,,,,,,,,,,,,,,,,,,,,,,,,,,,,,,,,,,,,,,,,,,,,
51.077084,25.962027,0.35417223,51.077084,25.962027,0.40919235,,,,,,,,,,,,,,,,,,,,,,,,,,,,,,,,,,,,,,,,,,,,,,,,,,,,,,,,,,,,,51.077084,25.962027,0.014271038,51.077084,25.962027,-0.14114326,,,,,,,,,,,,,,,,,,,,,,,,,,,,,,,,,,,,,,,,,,,,,,,,,,,,,,,,,,,,,,,
51.077084,25.992006,0.35335413,51.077084,25.992006,0.40896925,,,,,,,,,,,,,,,,,,,,,,,,,,,,,,,,,,,,,,,,,,,,,,,,,,,,,,,,,,,,,51.077084,25.992006,-0.06102211,51.077084,25.992006,-0.14480516,,,,,,,,,,,,,,,,,,,,,,,,,,,,,,,,,,,,,,,,,,,,,,,,,,,,,,,,,,,,,,,
51.077084,26.021986,0.35607615,51.077084,26.021986,0.41252416,,,,,,,,,,,,,,,,,,,,,,,,,,,,,,,,,,,,,,,,,,,,,,,,,,,,,,,,,,,,,51.077084,26.021986,0.28139395,51.077084,26.021986,0.30348092,,,,,,,,,,,,,,,,,,,,,,,,,,,,,,,,,,,,,,,,,,,,,,,,,,,,,,,,,,,,,,,
51.077084,26.051964,0.35591254,51.077084,26.051964,0.4092518,,,,,,,,,,,,,,,,,,,,,,,,,,,,,,,,,,,,,,,,,,,,,,,,,,,,,,,,,,,,,51.077084,26.051964,0.25665715,51.077084,26.051964,-0.11751245,,,,,,,,,,,,,,,,,,,,,,,,,,,,,,,,,,,,,,,,,,,,,,,,,,,,,,,,,,,,,,,
51.077084,26.081944,0.35411274,51.077084,26.081944,0.41015914,,,,,,,,,,,,,,,,,,,,,,,,,,,,,,,,,,,,,,,,,,,,,,,,,,,,,,,,,,,,,51.077084,26.081944,-0.0017965237,51.077084,26.081944,0.004751689,,,,,,,,,,,,,,,,,,,,,,,,,,,,,,,,,,,,,,,,,,,,,,,,,,,,,,,,,,,,,,,
51.077084,26.111923,0.35463336,51.077084,26.111923,0.41203332,,,,,,,,,,,,,,,,,,,,,,,,,,,,,,,,,,,,,,,,,,,,,,,,,,,,,,,,,,,,,51.077084,26.111923,0.09845657,51.077084,26.111923,0.22973949,,,,,,,,,,,,,,,,,,,,,,,,,,,,,,,,,,,,,,,,,,,,,,,,,,,,,,,,,,,,,,,
51.077084,26.141903,0.3535029,51.077084,26.141903,0.41075414,,,,,,,,,,,,,,,,,,,,,,,,,,,,,,,,,,,,,,,,,,,,,,,,,,,,,,,,,,,,,51.077084,26.141903,-0.07039099,51.077084,26.141903,0.093788914,,,,,,,,,,,,,,,,,,,,,,,,,,,,,,,,,,,,,,,,,,,,,,,,,,,,,,,,,,,,,,,
51.077084,26.17188,0.35051316,51.077084,26.17188,0.41167632,,,,,,,,,,,,,,,,,,,,,,,,,,,,,,,,,,,,,,,,,,,,,,,,,,,,,,,,,,,,,51.077084,26.17188,-0.52533203,51.077084,26.17188,0.20244245,,,,,,,,,,,,,,,,,,,,,,,,,,,,,,,,,,,,,,,,,,,,,,,,,,,,,,,,,,,,,,,
51.077084,26.20186,0.35229805,51.077084,26.20186,0.40453666,,,,,,,,,,,,,,,,,,,,,,,,,,,,,,,,,,,,,,,,,,,,,,,,,,,,,,,,,,,,,51.077084,26.20186,-0.25091714,51.077084,26.20186,-0.7392697,,,,,,,,,,,,,,,,,,,,,,,,,,,,,,,,,,,,,,,,,,,,,,,,,,,,,,,,,,,,,,,
51.077084,26.23184,0.35333928,51.077084,26.23184,0.40989146,,,,,,,,,,,,,,,,,,,,,,,,,,,,,,,,,,,,,,,,,,,,,,,,,,,,,,,,,,,,,51.077084,26.23184,-0.09937944,51.077084,26.23184,-0.03507656,,,,,,,,,,,,,,,,,,,,,,,,,,,,,,,,,,,,,,,,,,,,,,,,,,,,,,,,,,,,,,,
51.077084,26.26182,0.3520006,51.077084,26.26182,0.40935597,,,,,,,,,,,,,,,,,,,,,,,,,,,,,,,,,,,,,,,,,,,,,,,,,,,,,,,,,,,,,51.077084,26.26182,-0.2579091,51.077084,26.26182,-0.12359236,,,,,,,,,,,,,,,,,,,,,,,,,,,,,,,,,,,,,,,,,,,,,,,,,,,,,,,,,,,,,,,
51.077084,26.291798,0.3577867,51.077084,26.291798,0.4105905,,,,,,,,,,,,,,,,,,,,,,,,,,,,,,,,,,,,,,,,,,,,,,,,,,,,,,,,,,,,,51.077084,26.291798,0.52781177,51.077084,26.291798,0.052876975,,,,,,,,,,,,,,,,,,,,,,,,,,,,,,,,,,,,,,,,,,,,,,,,,,,,,,,,,,,,,,,
51.077084,26.321777,0.35533246,51.077084,26.321777,0.4065447,,,,,,,,,,,,,,,,,,,,,,,,,,,,,,,,,,,,,,,,,,,,,,,,,,,,,,,,,,,,,51.077084,26.321777,0.19636947,51.077084,26.321777,-0.47197193,,,,,,,,,,,,,,,,,,,,,,,,,,,,,,,,,,,,,,,,,,,,,,,,,,,,,,,,,,,,,,,
51.077084,26.351757,0.3515395,51.077084,26.351757,0.40989137,,,,,,,,,,,,,,,,,,,,,,,,,,,,,,,,,,,,,,,,,,,,,,,,,,,,,,,,,,,,,51.077084,26.351757,-0.3392591,51.077084,26.351757,-0.017417857,,,,,,,,,,,,,,,,,,,,,,,,,,,,,,,,,,,,,,,,,,,,,,,,,,,,,,,,,,,,,,,
51.077084,26.381737,0.35699835,51.077084,26.381737,0.40960878,,,,,,,,,,,,,,,,,,,,,,,,,,,,,,,,,,,,,,,,,,,,,,,,,,,,,,,,,,,,,51.077084,26.381737,0.44131553,51.077084,26.381737,-0.059561774,,,,,,,,,,,,,,,,,,,,,,,,,,,,,,,,,,,,,,,,,,,,,,,,,,,,,,,,,,,,,,,
51.077084,26.411715,0.35182208,51.077084,26.411715,0.40898407,,,,,,,,,,,,,,,,,,,,,,,,,,,,,,,,,,,,,,,,,,,,,,,,,,,,,,,,,,,,,51.077084,26.411715,-0.32391575,51.077084,26.411715,-0.16360599,,,,,,,,,,,,,,,,,,,,,,,,,,,,,,,,,,,,,,,,,,,,,,,,,,,,,,,,,,,,,,,
51.077084,26.441694,0.35418713,51.077084,26.441694,0.41044176,,,,,,,,,,,,,,,,,,,,,,,,,,,,,,,,,,,,,,,,,,,,,,,,,,,,,,,,,,,,,51.077084,26.441694,0.04328455,51.077084,26.441694,0.05105383,,,,,,,,,,,,,,,,,,,,,,,,,,,,,,,,,,,,,,,,,,,,,,,,,,,,,,,,,,,,,,,
51.077084,26.471674,0.35243192,51.077084,26.471674,0.41247958,,,,,,,,,,,,,,,,,,,,,,,,,,,,,,,,,,,,,,,,,,,,,,,,,,,,,,,,,,,,,51.077084,26.471674,-0.24697924,51.077084,26.471674,0.30864933,,,,,,,,,,,,,,,,,,,,,,,,,,,,,,,,,,,,,,,,,,,,,,,,,,,,,,,,,,,,,,,
51.077084,26.501654,0.35128662,51.077084,26.501654,0.40902874,,,,,,,,,,,,,,,,,,,,,,,,,,,,,,,,,,,,,,,,,,,,,,,,,,,,,,,,,,,,,51.077084,26.501654,-0.40620697,51.077084,26.501654,-0.15100954,,,,,,,,,,,,,,,,,,,,,,,,,,,,,,,,,,,,,,,,,,,,,,,,,,,,,,,,,,,,,,,
51.077084,26.531633,0.35295254,51.077084,26.531633,0.40841883,,,,,,,,,,,,,,,,,,,,,,,,,,,,,,,,,,,,,,,,,,,,,,,,,,,,,,,,,,,,,51.077084,26.531633,-0.13899572,51.077084,26.531633,-0.2269736,,,,,,,,,,,,,,,,,,,,,,,,,,,,,,,,,,,,,,,,,,,,,,,,,,,,,,,,,,,,,,,
51.077084,26.561611,0.35708764,51.077084,26.561611,0.41143835,,,,,,,,,,,,,,,,,,,,,,,,,,,,,,,,,,,,,,,,,,,,,,,,,,,,,,,,,,,,,51.077084,26.561611,0.44392216,51.077084,26.561611,0.18543303,,,,,,,,,,,,,,,,,,,,,,,,,,,,,,,,,,,,,,,,,,,,,,,,,,,,,,,,,,,,,,,
51.077084,26.59159,0.35493085,51.077084,26.59159,0.40688685,,,,,,,,,,,,,,,,,,,,,,,,,,,,,,,,,,,,,,,,,,,,,,,,,,,,,,,,,,,,,51.077084,26.59159,0.1322843,51.077084,26.59159,-0.4417528,,,,,,,,,,,,,,,,,,,,,,,,,,,,,,,,,,,,,,,,,,,,,,,,,,,,,,,,,,,,,,,
51.077084,26.62157,0.3535178,51.077084,26.62157,0.4106649,,,,,,,,,,,,,,,,,,,,,,,,,,,,,,,,,,,,,,,,,,,,,,,,,,,,,,,,,,,,,51.077084,26.62157,-0.084485754,51.077084,26.62157,0.058429692,,,,,,,,,,,,,,,,,,,,,,,,,,,,,,,,,,,,,,,,,,,,,,,,,,,,,,,,,,,,,,,
51.077084,26.65155,0.354083,51.077084,26.65155,0.41475534,,,,,,,,,,,,,,,,,,,,,,,,,,,,,,,,,,,,,,,,,,,,,,,,,,,,,,,,,,,,,51.077084,26.65155,0.05615355,51.077084,26.65155,0.6255674,,,,,,,,,,,,,,,,,,,,,,,,,,,,,,,,,,,,,,,,,,,,,,,,,,,,,,,,,,,,,,,
51.077084,26.681528,0.35327977,51.077084,26.681528,0.4106203,,,,,,,,,,,,,,,,,,,,,,,,,,,,,,,,,,,,,,,,,,,,,,,,,,,,,,,,,,,,,51.077084,26.681528,-0.104317814,51.077084,26.681528,0.048132326,,,,,,,,,,,,,,,,,,,,,,,,,,,,,,,,,,,,,,,,,,,,,,,,,,,,,,,,,,,,,,,
51.077084,26.711508,0.35005206,51.077084,26.711508,0.41549906,,,,,,,,,,,,,,,,,,,,,,,,,,,,,,,,,,,,,,,,,,,,,,,,,,,,,,,,,,,,,51.077084,26.711508,-0.54049087,51.077084,26.711508,0.706406,,,,,,,,,,,,,,,,,,,,,,,,,,,,,,,,,,,,,,,,,,,,,,,,,,,,,,,,,,,,,,,
51.077084,26.741488,0.35911047,51.077084,26.741488,0.41445783,,,,,,,,,,,,,,,,,,,,,,,,,,,,,,,,,,,,,,,,,,,,,,,,,,,,,,,,,,,,,51.077084,26.741488,0.78313756,51.077084,26.741488,0.5889448,,,,,,,,,,,,,,,,,,,,,,,,,,,,,,,,,,,,,,,,,,,,,,,,,,,,,,,,,,,,,,,
51.077084,26.771467,0.35918486,51.077084,26.771467,0.41105163,,,,,,,,,,,,,,,,,,,,,,,,,,,,,,,,,,,,,,,,,,,,,,,,,,,,,,,,,,,,,51.077084,26.771467,0.73750556,51.077084,26.771467,0.12587184,,,,,,,,,,,,,,,,,,,,,,,,,,,,,,,,,,,,,,,,,,,,,,,,,,,,,,,,,,,,,,,
51.077084,26.801445,0.35542166,51.077084,26.801445,0.41225645,,,,,,,,,,,,,,,,,,,,,,,,,,,,,,,,,,,,,,,,,,,,,,,,,,,,,,,,,,,,,51.077084,26.801445,0.20764531,51.077084,26.801445,0.2884246,,,,,,,,,,,,,,,,,,,,,,,,,,,,,,,,,,,,,,,,,,,,,,,,,,,,,,,,,,,,,,,
51.077084,26.831425,0.35036442,51.077084,26.831425,0.4059646,,,,,,,,,,,,,,,,,,,,,,,,,,,,,,,,,,,,,,,,,,,,,,,,,,,,,,,,,,,,,51.077084,26.831425,-0.53496253,51.077084,26.831425,-0.56262004,,,,,,,,,,,,,,,,,,,,,,,,,,,,,,,,,,,,,,,,,,,,,,,,,,,,,,,,,,,,,,,
51.077084,26.861404,0.35284844,51.077084,26.861404,0.411959,,,,,,,,,,,,,,,,,,,,,,,,,,,,,,,,,,,,,,,,,,,,,,,,,,,,,,,,,,,,,51.077084,26.861404,-0.1324913,51.077084,26.861404,0.24819122,,,,,,,,,,,,,,,,,,,,,,,,,,,,,,,,,,,,,,,,,,,,,,,,,,,,,,,,,,,,,,,
51.077084,26.891384,0.3550945,51.077084,26.891384,0.40769,,,,,,,,,,,,,,,,,,,,,,,,,,,,,,,,,,,,,,,,,,,,,,,,,,,,,,,,,,,,,51.077084,26.891384,0.17747122,51.077084,26.891384,-0.33271477,,,,,,,,,,,,,,,,,,,,,,,,,,,,,,,,,,,,,,,,,,,,,,,,,,,,,,,,,,,,,,,
51.077084,26.921362,0.35891715,51.077084,26.921362,0.4121523,,,,,,,,,,,,,,,,,,,,,,,,,,,,,,,,,,,,,,,,,,,,,,,,,,,,,,,,,,,,,51.077084,26.921362,0.78038484,51.077084,26.921362,0.26750004,,,,,,,,,,,,,,,,,,,,,,,,,,,,,,,,,,,,,,,,,,,,,,,,,,,,,,,,,,,,,,,
51.077084,26.951342,0.3558084,51.077084,26.951342,0.410293,,,,,,,,,,,,,,,,,,,,,,,,,,,,,,,,,,,,,,,,,,,,,,,,,,,,,,,,,,,,,51.077084,26.951342,0.2799433,51.077084,26.951342,0.013670736,,,,,,,,,,,,,,,,,,,,,,,,,,,,,,,,,,,,,,,,,,,,,,,,,,,,,,,,,,,,,,,
51.077084,26.981321,0.35415736,51.077084,26.981321,0.41069463,,,,,,,,,,,,,,,,,,,,,,,,,,,,,,,,,,,,,,,,,,,,,,,,,,,,,,,,,,,,,51.077084,26.981321,0.040599637,51.077084,26.981321,0.08005614,,,,,,,,,,,,,,,,,,,,,,,,,,,,,,,,,,,,,,,,,,,,,,,,,,,,,,,,,,,,,,,
51.077084,27.011301,0.35122713,51.077084,27.011301,0.4101294,,,,,,,,,,,,,,,,,,,,,,,,,,,,,,,,,,,,,,,,,,,,,,,,,,,,,,,,,,,,,51.077084,27.011301,-0.3922985,51.077084,27.011301,-0.009764559,,,,,,,,,,,,,,,,,,,,,,,,,,,,,,,,,,,,,,,,,,,,,,,,,,,,,,,,,,,,,,,
51.077084,27.041279,0.35289308,51.077084,27.041279,0.41145325,,,,,,,,,,,,,,,,,,,,,,,,,,,,,,,,,,,,,,,,,,,,,,,,,,,,,,,,,,,,,51.077084,27.041279,-0.13786703,51.077084,27.041279,0.15271695,,,,,,,,,,,,,,,,,,,,,,,,,,,,,,,,,,,,,,,,,,,,,,,,,,,,,,,,,,,,,,,
51.077084,27.071259,0.35741484,51.077084,27.071259,0.41645098,,,,,,,,,,,,,,,,,,,,,,,,,,,,,,,,,,,,,,,,,,,,,,,,,,,,,,,,,,,,,51.077084,27.071259,0.48627657,51.077084,27.071259,0.81178236,,,,,,,,,,,,,,,,,,,,,,,,,,,,,,,,,,,,,,,,,,,,,,,,,,,,,,,,,,,,,,,
51.077084,27.101238,0.35103375,51.077084,27.101238,0.41285145,,,,,,,,,,,,,,,,,,,,,,,,,,,,,,,,,,,,,,,,,,,,,,,,,,,,,,,,,,,,,51.077084,27.101238,-0.43094292,51.077084,27.101238,0.36179644,,,,,,,,,,,,,,,,,,,,,,,,,,,,,,,,,,,,,,,,,,,,,,,,,,,,,,,,,,,,,,,
51.077084,27.131218,0.35313106,51.077084,27.131218,0.41004017,,,,,,,,,,,,,,,,,,,,,,,,,,,,,,,,,,,,,,,,,,,,,,,,,,,,,,,,,,,,,51.077084,27.131218,-0.12214441,51.077084,27.131218,-0.0034861034,,,,,,,,,,,,,,,,,,,,,,,,,,,,,,,,,,,,,,,,,,,,,,,,,,,,,,,,,,,,,,,
51.077084,27.161196,0.35143536,51.077084,27.161196,0.4073182,,,,,,,,,,,,,,,,,,,,,,,,,,,,,,,,,,,,,,,,,,,,,,,,,,,,,,,,,,,,,51.077084,27.161196,-0.40074632,51.077084,27.161196,-0.38315442,,,,,,,,,,,,,,,,,,,,,,,,,,,,,,,,,,,,,,,,,,,,,,,,,,,,,,,,,,,,,,,
51.077084,27.191175,0.35568944,51.077084,27.191175,0.40855274,,,,,,,,,,,,,,,,,,,,,,,,,,,,,,,,,,,,,,,,,,,,,,,,,,,,,,,,,,,,,51.077084,27.191175,0.30035508,51.077084,27.191175,-0.21390139,,,,,,,,,,,,,,,,,,,,,,,,,,,,,,,,,,,,,,,,,,,,,,,,,,,,,,,,,,,,,,,
51.077084,27.221155,0.34936783,51.077084,27.221155,0.40696117,,,,,,,,,,,,,,,,,,,,,,,,,,,,,,,,,,,,,,,,,,,,,,,,,,,,,,,,,,,,,51.077084,27.221155,-0.673826,51.077084,27.221155,-0.42010695,,,,,,,,,,,,,,,,,,,,,,,,,,,,,,,,,,,,,,,,,,,,,,,,,,,,,,,,,,,,,,,
51.077084,27.251135,0.34863898,51.077084,27.251135,0.4089246,,,,,,,,,,,,,,,,,,,,,,,,,,,,,,,,,,,,,,,,,,,,,,,,,,,,,,,,,,,,,51.077084,27.251135,-0.80892205,51.077084,27.251135,-0.19052926,,,,,,,,,,,,,,,,,,,,,,,,,,,,,,,,,,,,,,,,,,,,,,,,,,,,,,,,,,,,,,,
51.077084,27.281113,0.35464823,51.077084,27.281113,0.40663394,,,,,,,,,,,,,,,,,,,,,,,,,,,,,,,,,,,,,,,,,,,,,,,,,,,,,,,,,,,,,51.077084,27.281113,0.1400181,51.077084,27.281113,-0.4661765,,,,,,,,,,,,,,,,,,,,,,,,,,,,,,,,,,,,,,,,,,,,,,,,,,,,,,,,,,,,,,,
51.077084,27.311092,0.3544251,51.077084,27.311092,0.40676782,,,,,,,,,,,,,,,,,,,,,,,,,,,,,,,,,,,,,,,,,,,,,,,,,,,,,,,,,,,,,51.077084,27.311092,0.046392635,51.077084,27.311092,-0.43412653,,,,,,,,,,,,,,,,,,,,,,,,,,,,,,,,,,,,,,,,,,,,,,,,,,,,,,,,,,,,,,,
51.077084,27.341072,0.35424665,51.077084,27.341072,0.4099658,,,,,,,,,,,,,,,,,,,,,,,,,,,,,,,,,,,,,,,,,,,,,,,,,,,,,,,,,,,,,51.077084,27.341072,-0.018365912,51.077084,27.341072,-0.03429802,,,,,,,,,,,,,,,,,,,,,,,,,,,,,,,,,,,,,,,,,,,,,,,,,,,,,,,,,,,,,,,
51.077084,27.371052,0.35631415,51.077084,27.371052,0.41786405,,,,,,,,,,,,,,,,,,,,,,,,,,,,,,,,,,,,,,,,,,,,,,,,,,,,,,,,,,,,,51.077084,27.371052,0.35846785,51.077084,27.371052,1.0328505,,,,,,,,,,,,,,,,,,,,,,,,,,,,,,,,,,,,,,,,,,,,,,,,,,,,,,,,,,,,,,,
51.077084,27.401031,0.35537705,51.077084,27.401031,0.412896,,,,,,,,,,,,,,,,,,,,,,,,,,,,,,,,,,,,,,,,,,,,,,,,,,,,,,,,,,,,,51.077084,27.401031,0.21586159,51.077084,27.401031,0.38126248,,,,,,,,,,,,,,,,,,,,,,,,,,,,,,,,,,,,,,,,,,,,,,,,,,,,,,,,,,,,,,,
51.077084,27.43101,0.35204524,51.077084,27.43101,0.41123012,,,,,,,,,,,,,,,,,,,,,,,,,,,,,,,,,,,,,,,,,,,,,,,,,,,,,,,,,,,,,51.077084,27.43101,-0.27814895,51.077084,27.43101,0.14094347,,,,,,,,,,,,,,,,,,,,,,,,,,,,,,,,,,,,,,,,,,,,,,,,,,,,,,,,,,,,,,,
51.077084,27.460989,0.3575487,51.077084,27.460989,0.4065001,,,,,,,,,,,,,,,,,,,,,,,,,,,,,,,,,,,,,,,,,,,,,,,,,,,,,,,,,,,,,51.077084,27.460989,0.5581632,51.077084,27.460989,-0.48807797,,,,,,,,,,,,,,,,,,,,,,,,,,,,,,,,,,,,,,,,,,,,,,,,,,,,,,,,,,,,,,,
51.077084,27.490969,0.3567306,51.077084,27.490969,0.40882042,,,,,,,,,,,,,,,,,,,,,,,,,,,,,,,,,,,,,,,,,,,,,,,,,,,,,,,,,,,,,51.077084,27.490969,0.37856773,51.077084,27.490969,-0.18377396,,,,,,,,,,,,,,,,,,,,,,,,,,,,,,,,,,,,,,,,,,,,,,,,,,,,,,,,,,,,,,,
51.077084,27.520948,0.3554514,51.077084,27.520948,0.40971294,,,,,,,,,,,,,,,,,,,,,,,,,,,,,,,,,,,,,,,,,,,,,,,,,,,,,,,,,,,,,51.077084,27.520948,0.2167924,51.077084,27.520948,-0.05351585,,,,,,,,,,,,,,,,,,,,,,,,,,,,,,,,,,,,,,,,,,,,,,,,,,,,,,,,,,,,,,,
51.077084,27.550926,0.35235757,51.077084,27.550926,0.41120037,,,,,,,,,,,,,,,,,,,,,,,,,,,,,,,,,,,,,,,,,,,,,,,,,,,,,,,,,,,,,51.077084,27.550926,-0.28976932,51.077084,27.550926,0.12408212,,,,,,,,,,,,,,,,,,,,,,,,,,,,,,,,,,,,,,,,,,,,,,,,,,,,,,,,,,,,,,,
51.077084,27.580906,0.3533393,51.077084,27.580906,0.4101591,,,,,,,,,,,,,,,,,,,,,,,,,,,,,,,,,,,,,,,,,,,,,,,,,,,,,,,,,,,,,51.077084,27.580906,-0.09298572,51.077084,27.580906,-0.0014893727,,,,,,,,,,,,,,,,,,,,,,,,,,,,,,,,,,,,,,,,,,,,,,,,,,,,,,,,,,,,,,,
51.077084,27.610886,0.35548118,51.077084,27.610886,0.40429866,,,,,,,,,,,,,,,,,,,,,,,,,,,,,,,,,,,,,,,,,,,,,,,,,,,,,,,,,,,,,51.077084,27.610886,0.21495993,51.077084,27.610886,-0.7453167,,,,,,,,,,,,,,,,,,,,,,,,,,,,,,,,,,,,,,,,,,,,,,,,,,,,,,,,,,,,,,,
51.077084,27.640865,0.35787594,51.077084,27.640865,0.4109475,,,,,,,,,,,,,,,,,,,,,,,,,,,,,,,,,,,,,,,,,,,,,,,,,,,,,,,,,,,,,51.077084,27.640865,0.58168304,51.077084,27.640865,0.10549693,,,,,,,,,,,,,,,,,,,,,,,,,,,,,,,,,,,,,,,,,,,,,,,,,,,,,,,,,,,,,,,
51.077084,27.670843,0.34997764,51.077084,27.670843,0.4113937,,,,,,,,,,,,,,,,,,,,,,,,,,,,,,,,,,,,,,,,,,,,,,,,,,,,,,,,,,,,,51.077084,27.670843,-0.55736715,51.077084,27.670843,0.15069477,,,,,,,,,,,,,,,,,,,,,,,,,,,,,,,,,,,,,,,,,,,,,,,,,,,,,,,,,,,,,,,
51.077084,27.700823,0.3566116,51.077084,27.700823,0.41294062,,,,,,,,,,,,,,,,,,,,,,,,,,,,,,,,,,,,,,,,,,,,,,,,,,,,,,,,,,,,,51.077084,27.700823,0.40812635,51.077084,27.700823,0.36669326,,,,,,,,,,,,,,,,,,,,,,,,,,,,,,,,,,,,,,,,,,,,,,,,,,,,,,,,,,,,,,,
51.077084,27.730803,0.35436562,51.077084,27.730803,0.40911797,,,,,,,,,,,,,,,,,,,,,,,,,,,,,,,,,,,,,,,,,,,,,,,,,,,,,,,,,,,,,51.077084,27.730803,0.07845674,51.077084,27.730803,-0.12721713,,,,,,,,,,,,,,,,,,,,,,,,,,,,,,,,,,,,,,,,,,,,,,,,,,,,,,,,,,,,,,,
51.077084,27.760782,0.3553473,51.077084,27.760782,0.41005504,,,,,,,,,,,,,,,,,,,,,,,,,,,,,,,,,,,,,,,,,,,,,,,,,,,,,,,,,,,,,51.077084,27.760782,0.22239259,51.077084,27.760782,-0.008537418,,,,,,,,,,,,,,,,,,,,,,,,,,,,,,,,,,,,,,,,,,,,,,,,,,,,,,,,,,,,,,,
51.077084,27.79076,0.35433584,51.077084,27.79076,0.40583074,,,,,,,,,,,,,,,,,,,,,,,,,,,,,,,,,,,,,,,,,,,,,,,,,,,,,,,,,,,,,51.077084,27.79076,0.02592541,51.077084,27.79076,-0.5698321,,,,,,,,,,,,,,,,,,,,,,,,,,,,,,,,,,,,,,,,,,,,,,,,,,,,,,,,,,,,,,,
51.077084,27.82074,0.35368142,51.077084,27.82074,0.40583074,,,,,,,,,,,,,,,,,,,,,,,,,,,,,,,,,,,,,,,,,,,,,,,,,,,,,,,,,,,,,51.077084,27.82074,-0.05850465,51.077084,27.82074,-0.5612198,,,,,,,,,,,,,,,,,,,,,,,,,,,,,,,,,,,,,,,,,,,,,,,,,,,,,,,,,,,,,,,
51.077084,27.85072,0.35400862,51.077084,27.85072,0.4121523,,,,,,,,,,,,,,,,,,,,,,,,,,,,,,,,,,,,,,,,,,,,,,,,,,,,,,,,,,,,,51.077084,27.85072,-0.006935223,51.077084,27.85072,0.24294646,,,,,,,,,,,,,,,,,,,,,,,,,,,,,,,,,,,,,,,,,,,,,,,,,,,,,,,,,,,,,,,
51.077084,27.8807,0.35870892,51.077084,27.8807,0.41189942,,,,,,,,,,,,,,,,,,,,,,,,,,,,,,,,,,,,,,,,,,,,,,,,,,,,,,,,,,,,,51.077084,27.8807,0.69499314,51.077084,27.8807,0.22843716,,,,,,,,,,,,,,,,,,,,,,,,,,,,,,,,,,,,,,,,,,,,,,,,,,,,,,,,,,,,,,,
51.077084,27.910677,0.35763797,51.077084,27.910677,0.41142344,,,,,,,,,,,,,,,,,,,,,,,,,,,,,,,,,,,,,,,,,,,,,,,,,,,,,,,,,,,,,51.077084,27.910677,0.5030259,51.077084,27.910677,0.17220576,,,,,,,,,,,,,,,,,,,,,,,,,,,,,,,,,,,,,,,,,,,,,,,,,,,,,,,,,,,,,,,
51.077084,27.940657,0.35934848,51.077084,27.940657,0.40672317,,,,,,,,,,,,,,,,,,,,,,,,,,,,,,,,,,,,,,,,,,,,,,,,,,,,,,,,,,,,,51.077084,27.940657,0.7952506,51.077084,27.940657,-0.4475994,,,,,,,,,,,,,,,,,,,,,,,,,,,,,,,,,,,,,,,,,,,,,,,,,,,,,,,,,,,,,,,
51.077084,27.970636,0.3562249,51.077084,27.970636,0.41561803,,,,,,,,,,,,,,,,,,,,,,,,,,,,,,,,,,,,,,,,,,,,,,,,,,,,,,,,,,,,,51.077084,27.970636,0.2927903,51.077084,27.970636,0.69230187,,,,,,,,,,,,,,,,,,,,,,,,,,,,,,,,,,,,,,,,,,,,,,,,,,,,,,,,,,,,,,,
51.077084,28.000616,0.3590659,51.077084,28.000616,0.41062024,,,,,,,,,,,,,,,,,,,,,,,,,,,,,,,,,,,,,,,,,,,,,,,,,,,,,,,,,,,,,51.077084,28.000616,0.78160214,51.077084,28.000616,0.060732577,,,,,,,,,,,,,,,,,,,,,,,,,,,,,,,,,,,,,,,,,,,,,,,,,,,,,,,,,,,,,,,
51.077084,28.030594,0.3514056,51.077084,28.030594,0.40812138,,,,,,,,,,,,,,,,,,,,,,,,,,,,,,,,,,,,,,,,,,,,,,,,,,,,,,,,,,,,,51.077084,28.030594,-0.35330597,51.077084,28.030594,-0.27146184,,,,,,,,,,,,,,,,,,,,,,,,,,,,,,,,,,,,,,,,,,,,,,,,,,,,,,,,,,,,,,,
51.077084,28.060574,0.35631415,51.077084,28.060574,0.409118,,,,,,,,,,,,,,,,,,,,,,,,,,,,,,,,,,,,,,,,,,,,,,,,,,,,,,,,,,,,,51.077084,28.060574,0.33665133,51.077084,28.060574,-0.16092993,,,,,,,,,,,,,,,,,,,,,,,,,,,,,,,,,,,,,,,,,,,,,,,,,,,,,,,,,,,,,,,
51.077084,28.090553,0.3557043,51.077084,28.090553,0.41280678,,,,,,,,,,,,,,,,,,,,,,,,,,,,,,,,,,,,,,,,,,,,,,,,,,,,,,,,,,,,,51.077084,28.090553,0.26019222,51.077084,28.090553,0.35945922,,,,,,,,,,,,,,,,,,,,,,,,,,,,,,,,,,,,,,,,,,,,,,,,,,,,,,,,,,,,,,,
51.077084,28.120533,0.35006696,51.077084,28.120533,0.41362488,,,,,,,,,,,,,,,,,,,,,,,,,,,,,,,,,,,,,,,,,,,,,,,,,,,,,,,,,,,,,51.077084,28.120533,-0.5761629,51.077084,28.120533,0.48034832,,,,,,,,,,,,,,,,,,,,,,,,,,,,,,,,,,,,,,,,,,,,,,,,,,,,,,,,,,,,,,,
51.077084,28.150513,0.35265508,51.077084,28.150513,0.41369927,,,,,,,,,,,,,,,,,,,,,,,,,,,,,,,,,,,,,,,,,,,,,,,,,,,,,,,,,,,,,51.077084,28.150513,-0.18736336,51.077084,28.150513,0.46719933,,,,,,,,,,,,,,,,,,,,,,,,,,,,,,,,,,,,,,,,,,,,,,,,,,,,,,,,,,,,,,,
51.077084,28.18049,0.35472262,51.077084,28.18049,0.40748176,,,,,,,,,,,,,,,,,,,,,,,,,,,,,,,,,,,,,,,,,,,,,,,,,,,,,,,,,,,,,51.077084,28.18049,0.12720522,51.077084,28.18049,-0.35452625,,,,,,,,,,,,,,,,,,,,,,,,,,,,,,,,,,,,,,,,,,,,,,,,,,,,,,,,,,,,,,,
51.077084,28.21047,0.35699835,51.077084,28.21047,0.40751153,,,,,,,,,,,,,,,,,,,,,,,,,,,,,,,,,,,,,,,,,,,,,,,,,,,,,,,,,,,,,51.077084,28.21047,0.4294025,51.077084,28.21047,-0.34976277,,,,,,,,,,,,,,,,,,,,,,,,,,,,,,,,,,,,,,,,,,,,,,,,,,,,,,,,,,,,,,,
51.077084,28.24045,0.35518372,51.077084,28.24045,0.411007,,,,,,,,,,,,,,,,,,,,,,,,,,,,,,,,,,,,,,,,,,,,,,,,,,,,,,,,,,,,,51.077084,28.24045,0.20779294,51.077084,28.24045,0.10004422,,,,,,,,,,,,,,,,,,,,,,,,,,,,,,,,,,,,,,,,,,,,,,,,,,,,,,,,,,,,,,,
51.077084,28.27043,0.35457385,51.077084,28.27043,0.40710992,,,,,,,,,,,,,,,,,,,,,,,,,,,,,,,,,,,,,,,,,,,,,,,,,,,,,,,,,,,,,51.077084,28.27043,0.09464668,51.077084,28.27043,-0.40441588,,,,,,,,,,,,,,,,,,,,,,,,,,,,,,,,,,,,,,,,,,,,,,,,,,,,,,,,,,,,,,,
51.077084,28.300407,0.35698354,51.077084,28.300407,0.41085824,,,,,,,,,,,,,,,,,,,,,,,,,,,,,,,,,,,,,,,,,,,,,,,,,,,,,,,,,,,,,51.077084,28.300407,0.4407081,51.077084,28.300407,0.08803297,,,,,,,,,,,,,,,,,,,,,,,,,,,,,,,,,,,,,,,,,,,,,,,,,,,,,,,,,,,,,,,
51.077084,28.330387,0.35085526,51.077084,28.330387,0.4090882,,,,,,,,,,,,,,,,,,,,,,,,,,,,,,,,,,,,,,,,,,,,,,,,,,,,,,,,,,,,,51.077084,28.330387,-0.4475018,51.077084,28.330387,-0.13533229,,,,,,,,,,,,,,,,,,,,,,,,,,,,,,,,,,,,,,,,,,,,,,,,,,,,,,,,,,,,,,,
51.077084,28.360367,0.35560018,51.077084,28.360367,0.41207796,,,,,,,,,,,,,,,,,,,,,,,,,,,,,,,,,,,,,,,,,,,,,,,,,,,,,,,,,,,,,51.077084,28.360367,0.24321812,51.077084,28.360367,0.23935014,,,,,,,,,,,,,,,,,,,,,,,,,,,,,,,,,,,,,,,,,,,,,,,,,,,,,,,,,,,,,,,
51.077084,28.390347,0.3525063,51.077084,28.390347,0.41430908,,,,,,,,,,,,,,,,,,,,,,,,,,,,,,,,,,,,,,,,,,,,,,,,,,,,,,,,,,,,,51.077084,28.390347,-0.18716581,51.077084,28.390347,0.56467575,,,,,,,,,,,,,,,,,,,,,,,,,,,,,,,,,,,,,,,,,,,,,,,,,,,,,,,,,,,,,,,
51.077084,28.420324,0.3553473,51.077084,28.420324,0.41109622,,,,,,,,,,,,,,,,,,,,,,,,,,,,,,,,,,,,,,,,,,,,,,,,,,,,,,,,,,,,,51.077084,28.420324,0.22684336,51.077084,28.420324,0.11906748,,,,,,,,,,,,,,,,,,,,,,,,,,,,,,,,,,,,,,,,,,,,,,,,,,,,,,,,,,,,,,,
51.077084,28.450304,0.3521345,51.077084,28.450304,0.4106946,,,,,,,,,,,,,,,,,,,,,,,,,,,,,,,,,,,,,,,,,,,,,,,,,,,,,,,,,,,,,51.077084,28.450304,-0.28414878,51.077084,28.450304,0.060192246,,,,,,,,,,,,,,,,,,,,,,,,,,,,,,,,,,,,,,,,,,,,,,,,,,,,,,,,,,,,,,,
51.077084,28.480284,0.35310128,51.077084,28.480284,0.40529525,,,,,,,,,,,,,,,,,,,,,,,,,,,,,,,,,,,,,,,,,,,,,,,,,,,,,,,,,,,,,51.077084,28.480284,-0.12772387,51.077084,28.480284,-0.6384073,,,,,,,,,,,,,,,,,,,,,,,,,,,,,,,,,,,,,,,,,,,,,,,,,,,,,,,,,,,,,,,
51.077084,28.510263,0.35042393,51.077084,28.510263,0.4130002,,,,,,,,,,,,,,,,,,,,,,,,,,,,,,,,,,,,,,,,,,,,,,,,,,,,,,,,,,,,,51.077084,28.510263,-0.51879746,51.077084,28.510263,0.39960718,,,,,,,,,,,,,,,,,,,,,,,,,,,,,,,,,,,,,,,,,,,,,,,,,,,,,,,,,,,,,,,
51.077084,28.540241,0.35232782,51.077084,28.540241,0.41085827,,,,,,,,,,,,,,,,,,,,,,,,,,,,,,,,,,,,,,,,,,,,,,,,,,,,,,,,,,,,,51.077084,28.540241,-0.22179501,51.077084,28.540241,0.10105222,,,,,,,,,,,,,,,,,,,,,,,,,,,,,,,,,,,,,,,,,,,,,,,,,,,,,,,,,,,,,,,
51.077084,28.57022,0.3516585,51.077084,28.57022,0.4083296,,,,,,,,,,,,,,,,,,,,,,,,,,,,,,,,,,,,,,,,,,,,,,,,,,,,,,,,,,,,,51.077084,28.57022,-0.3183979,51.077084,28.57022,-0.22976787,,,,,,,,,,,,,,,,,,,,,,,,,,,,,,,,,,,,,,,,,,,,,,,,,,,,,,,,,,,,,,,
51.077084,28.6002,0.35444,51.077084,28.6002,0.4079429,,,,,,,,,,,,,,,,,,,,,,,,,,,,,,,,,,,,,,,,,,,,,,,,,,,,,,,,,,,,,51.077084,28.6002,0.11463106,51.077084,28.6002,-0.32427508,,,,,,,,,,,,,,,,,,,,,,,,,,,,,,,,,,,,,,,,,,,,,,,,,,,,,,,,,,,,,,,
51.077084,28.63018,0.35191134,51.077084,28.63018,0.4103822,,,,,,,,,,,,,,,,,,,,,,,,,,,,,,,,,,,,,,,,,,,,,,,,,,,,,,,,,,,,,51.077084,28.63018,-0.28361875,51.077084,28.63018,0.035685197,,,,,,,,,,,,,,,,,,,,,,,,,,,,,,,,,,,,,,,,,,,,,,,,,,,,,,,,,,,,,,,
51.077084,28.660158,0.35293764,51.077084,28.660158,0.40843374,,,,,,,,,,,,,,,,,,,,,,,,,,,,,,,,,,,,,,,,,,,,,,,,,,,,,,,,,,,,,51.077084,28.660158,-0.12642303,51.077084,28.660158,-0.24748121,,,,,,,,,,,,,,,,,,,,,,,,,,,,,,,,,,,,,,,,,,,,,,,,,,,,,,,,,,,,,,,
51.077084,28.690138,0.35316077,51.077084,28.690138,0.40815112,,,,,,,,,,,,,,,,,,,,,,,,,,,,,,,,,,,,,,,,,,,,,,,,,,,,,,,,,,,,,51.077084,28.690138,-0.12305626,51.077084,28.690138,-0.23232071,,,,,,,,,,,,,,,,,,,,,,,,,,,,,,,,,,,,,,,,,,,,,,,,,,,,,,,,,,,,,,,
51.077084,28.720118,0.35478207,51.077084,28.720118,0.4100104,,,,,,,,,,,,,,,,,,,,,,,,,,,,,,,,,,,,,,,,,,,,,,,,,,,,,,,,,,,,,51.077084,28.720118,0.10482657,51.077084,28.720118,-0.017973742,,,,,,,,,,,,,,,,,,,,,,,,,,,,,,,,,,,,,,,,,,,,,,,,,,,,,,,,,,,,,,,
51.077084,28.750097,0.351718,51.077084,28.750097,0.4075264,,,,,,,,,,,,,,,,,,,,,,,,,,,,,,,,,,,,,,,,,,,,,,,,,,,,,,,,,,,,,51.077084,28.750097,-0.35746375,51.077084,28.750097,-0.3304316,,,,,,,,,,,,,,,,,,,,,,,,,,,,,,,,,,,,,,,,,,,,,,,,,,,,,,,,,,,,,,,
51.077084,28.780075,0.3591849,51.077084,28.780075,0.40583074,,,,,,,,,,,,,,,,,,,,,,,,,,,,,,,,,,,,,,,,,,,,,,,,,,,,,,,,,,,,,51.077084,28.780075,0.7518955,51.077084,28.780075,-0.5779108,,,,,,,,,,,,,,,,,,,,,,,,,,,,,,,,,,,,,,,,,,,,,,,,,,,,,,,,,,,,,,,
51.077084,28.810055,0.35598692,51.077084,28.810055,0.40636623,,,,,,,,,,,,,,,,,,,,,,,,,,,,,,,,,,,,,,,,,,,,,,,,,,,,,,,,,,,,,51.077084,28.810055,0.2871331,51.077084,28.810055,-0.49182308,,,,,,,,,,,,,,,,,,,,,,,,,,,,,,,,,,,,,,,,,,,,,,,,,,,,,,,,,,,,,,,
51.077084,28.840034,0.35173285,51.077084,28.840034,0.41112602,,,,,,,,,,,,,,,,,,,,,,,,,,,,,,,,,,,,,,,,,,,,,,,,,,,,,,,,,,,,,51.077084,28.840034,-0.30880678,51.077084,28.840034,0.13632198,,,,,,,,,,,,,,,,,,,,,,,,,,,,,,,,,,,,,,,,,,,,,,,,,,,,,,,,,,,,,,,
51.077084,28.870014,0.35130152,51.077084,28.870014,0.40919232,,,,,,,,,,,,,,,,,,,,,,,,,,,,,,,,,,,,,,,,,,,,,,,,,,,,,,,,,,,,,51.077084,28.870014,-0.3642798,51.077084,28.870014,-0.16037267,,,,,,,,,,,,,,,,,,,,,,,,,,,,,,,,,,,,,,,,,,,,,,,,,,,,,,,,,,,,,,,
51.077084,28.899992,0.35451436,51.077084,28.899992,0.40940055,,,,,,,,,,,,,,,,,,,,,,,,,,,,,,,,,,,,,,,,,,,,,,,,,,,,,,,,,,,,,51.077084,28.899992,0.07407492,51.077084,28.899992,-0.10031801,,,,,,,,,,,,,,,,,,,,,,,,,,,,,,,,,,,,,,,,,,,,,,,,,,,,,,,,,,,,,,,
51.077084,28.929972,0.3536665,51.077084,28.929972,0.4088651,,,,,,,,,,,,,,,,,,,,,,,,,,,,,,,,,,,,,,,,,,,,,,,,,,,,,,,,,,,,,51.077084,28.929972,-0.0015367469,51.077084,28.929972,-0.1654559,,,,,,,,,,,,,,,,,,,,,,,,,,,,,,,,,,,,,,,,,,,,,,,,,,,,,,,,,,,,,,,
51.077084,28.959951,0.35652235,51.077084,28.959951,0.4142942,,,,,,,,,,,,,,,,,,,,,,,,,,,,,,,,,,,,,,,,,,,,,,,,,,,,,,,,,,,,,51.077084,28.959951,0.37406805,51.077084,28.959951,0.5374806,,,,,,,,,,,,,,,,,,,,,,,,,,,,,,,,,,,,,,,,,,,,,,,,,,,,,,,,,,,,,,,
51.077084,28.989931,0.35509446,51.077084,28.989931,0.40751156,,,,,,,,,,,,,,,,,,,,,,,,,,,,,,,,,,,,,,,,,,,,,,,,,,,,,,,,,,,,,51.077084,28.989931,0.18298906,51.077084,28.989931,-0.336771,,,,,,,,,,,,,,,,,,,,,,,,,,,,,,,,,,,,,,,,,,,,,,,,,,,,,,,,,,,,,,,
51.077084,29.01991,0.3557489,51.077084,29.01991,0.41023353,,,,,,,,,,,,,,,,,,,,,,,,,,,,,,,,,,,,,,,,,,,,,,,,,,,,,,,,,,,,,51.077084,29.01991,0.23661838,51.077084,29.01991,0.022358762,,,,,,,,,,,,,,,,,,,,,,,,,,,,,,,,,,,,,,,,,,,,,,,,,,,,,,,,,,,,,,,
51.077084,29.049889,0.35393426,51.077084,29.049889,0.40755612,,,,,,,,,,,,,,,,,,,,,,,,,,,,,,,,,,,,,,,,,,,,,,,,,,,,,,,,,,,,,51.077084,29.049889,-0.011568461,51.077084,29.049889,-0.3501721,,,,,,,,,,,,,,,,,,,,,,,,,,,,,,,,,,,,,,,,,,,,,,,,,,,,,,,,,,,,,,,
51.077084,29.079868,0.35597202,51.077084,29.079868,0.4104715,,,,,,,,,,,,,,,,,,,,,,,,,,,,,,,,,,,,,,,,,,,,,,,,,,,,,,,,,,,,,51.077084,29.079868,0.2621877,51.077084,29.079868,0.058725383,,,,,,,,,,,,,,,,,,,,,,,,,,,,,,,,,,,,,,,,,,,,,,,,,,,,,,,,,,,,,,,
51.077084,29.109848,0.35052803,51.077084,29.109848,0.41027817,,,,,,,,,,,,,,,,,,,,,,,,,,,,,,,,,,,,,,,,,,,,,,,,,,,,,,,,,,,,,51.077084,29.109848,-0.48730788,51.077084,29.109848,-0.002613008,,,,,,,,,,,,,,,,,,,,,,,,,,,,,,,,,,,,,,,,,,,,,,,,,,,,,,,,,,,,,,,
51.077084,29.139828,0.3535624,51.077084,29.139828,0.41247952,,,,,,,,,,,,,,,,,,,,,,,,,,,,,,,,,,,,,,,,,,,,,,,,,,,,,,,,,,,,,51.077084,29.139828,-0.06657168,51.077084,29.139828,0.31200492,,,,,,,,,,,,,,,,,,,,,,,,,,,,,,,,,,,,,,,,,,,,,,,,,,,,,,,,,,,,,,,
51.077084,29.169806,0.35729587,51.077084,29.169806,0.41231596,,,,,,,,,,,,,,,,,,,,,,,,,,,,,,,,,,,,,,,,,,,,,,,,,,,,,,,,,,,,,51.077084,29.169806,0.45406696,51.077084,29.169806,0.29324594,,,,,,,,,,,,,,,,,,,,,,,,,,,,,,,,,,,,,,,,,,,,,,,,,,,,,,,,,,,,,,,
51.077084,29.199785,0.35643312,51.077084,29.199785,0.41503793,,,,,,,,,,,,,,,,,,,,,,,,,,,,,,,,,,,,,,,,,,,,,,,,,,,,,,,,,,,,,51.077084,29.199785,0.3937167,51.077084,29.199785,0.67790115,,,,,,,,,,,,,,,,,,,,,,,,,,,,,,,,,,,,,,,,,,,,,,,,,,,,,,,,,,,,,,,
51.077084,29.229765,0.3536219,51.077084,29.229765,0.41004014,,,,,,,,,,,,,,,,,,,,,,,,,,,,,,,,,,,,,,,,,,,,,,,,,,,,,,,,,,,,,51.077084,29.229765,-0.037626103,51.077084,29.229765,-0.018578358,,,,,,,,,,,,,,,,,,,,,,,,,,,,,,,,,,,,,,,,,,,,,,,,,,,,,,,,,,,,,,,
51.077084,29.259745,0.3542912,51.077084,29.259745,0.41200358,,,,,,,,,,,,,,,,,,,,,,,,,,,,,,,,,,,,,,,,,,,,,,,,,,,,,,,,,,,,,51.077084,29.259745,0.053796034,51.077084,29.259745,0.2401903,,,,,,,,,,,,,,,,,,,,,,,,,,,,,,,,,,,,,,,,,,,,,,,,,,,,,,,,,,,,,,,
51.077084,29.289722,0.35195595,51.077084,29.289722,0.4067827,,,,,,,,,,,,,,,,,,,,,,,,,,,,,,,,,,,,,,,,,,,,,,,,,,,,,,,,,,,,,51.077084,29.289722,-0.330557,51.077084,29.289722,-0.47091892,,,,,,,,,,,,,,,,,,,,,,,,,,,,,,,,,,,,,,,,,,,,,,,,,,,,,,,,,,,,,,,
51.077084,29.319702,0.35177752,51.077084,29.319702,0.41143835,,,,,,,,,,,,,,,,,,,,,,,,,,,,,,,,,,,,,,,,,,,,,,,,,,,,,,,,,,,,,51.077084,29.319702,-0.29217106,51.077084,29.319702,0.14386034,,,,,,,,,,,,,,,,,,,,,,,,,,,,,,,,,,,,,,,,,,,,,,,,,,,,,,,,,,,,,,,
51.077084,29.349682,0.35261044,51.077084,29.349682,0.4075859,,,,,,,,,,,,,,,,,,,,,,,,,,,,,,,,,,,,,,,,,,,,,,,,,,,,,,,,,,,,,51.077084,29.349682,-0.16945642,51.077084,29.349682,-0.32937714,,,,,,,,,,,,,,,,,,,,,,,,,,,,,,,,,,,,,,,,,,,,,,,,,,,,,,,,,,,,,,,
51.077084,29.379662,0.35313106,51.077084,29.379662,0.40980217,,,,,,,,,,,,,,,,,,,,,,,,,,,,,,,,,,,,,,,,,,,,,,,,,,,,,,,,,,,,,51.077084,29.379662,-0.106568664,51.077084,29.379662,-0.056245044,,,,,,,,,,,,,,,,,,,,,,,,,,,,,,,,,,,,,,,,,,,,,,,,,,,,,,,,,,,,,,,
51.077084,29.40964,0.35409787,51.077084,29.40964,0.41213742,,,,,,,,,,,,,,,,,,,,,,,,,,,,,,,,,,,,,,,,,,,,,,,,,,,,,,,,,,,,,51.077084,29.40964,-0.0148164965,51.077084,29.40964,0.24079871,,,,,,,,,,,,,,,,,,,,,,,,,,,,,,,,,,,,,,,,,,,,,,,,,,,,,,,,,,,,,,,
51.077084,29.43962,0.3528336,51.077084,29.43962,0.4097873,,,,,,,,,,,,,,,,,,,,,,,,,,,,,,,,,,,,,,,,,,,,,,,,,,,,,,,,,,,,,51.077084,29.43962,-0.15859388,51.077084,29.43962,-0.05063017,,,,,,,,,,,,,,,,,,,,,,,,,,,,,,,,,,,,,,,,,,,,,,,,,,,,,,,,,,,,,,,
51.077084,29.469599,0.35194108,51.077084,29.469599,0.41561803,,,,,,,,,,,,,,,,,,,,,,,,,,,,,,,,,,,,,,,,,,,,,,,,,,,,,,,,,,,,,51.077084,29.469599,-0.27384156,51.077084,29.469599,0.70941895,,,,,,,,,,,,,,,,,,,,,,,,,,,,,,,,,,,,,,,,,,,,,,,,,,,,,,,,,,,,,,,
51.077084,29.499578,0.3525063,51.077084,29.499578,0.4135059,,,,,,,,,,,,,,,,,,,,,,,,,,,,,,,,,,,,,,,,,,,,,,,,,,,,,,,,,,,,,51.077084,29.499578,-0.2155361,51.077084,29.499578,0.449009,,,,,,,,,,,,,,,,,,,,,,,,,,,,,,,,,,,,,,,,,,,,,,,,,,,,,,,,,,,,,,,
51.077084,29.529556,0.3535178,51.077084,29.529556,0.41481483,,,,,,,,,,,,,,,,,,,,,,,,,,,,,,,,,,,,,,,,,,,,,,,,,,,,,,,,,,,,,51.077084,29.529556,-0.07597009,51.077084,29.529556,0.61608267,,,,,,,,,,,,,,,,,,,,,,,,,,,,,,,,,,,,,,,,,,,,,,,,,,,,,,,,,,,,,,,
51.077084,29.559536,0.35458875,51.077084,29.559536,0.41197383,,,,,,,,,,,,,,,,,,,,,,,,,,,,,,,,,,,,,,,,,,,,,,,,,,,,,,,,,,,,,51.077084,29.559536,0.058023855,51.077084,29.559536,0.22677837,,,,,,,,,,,,,,,,,,,,,,,,,,,,,,,,,,,,,,,,,,,,,,,,,,,,,,,,,,,,,,,
51.077084,29.589516,0.35030496,51.077084,29.589516,0.4070802,,,,,,,,,,,,,,,,,,,,,,,,,,,,,,,,,,,,,,,,,,,,,,,,,,,,,,,,,,,,,51.077084,29.589516,-0.530042,51.077084,29.589516,-0.4034044,,,,,,,,,,,,,,,,,,,,,,,,,,,,,,,,,,,,,,,,,,,,,,,,,,,,,,,,,,,,,,,
51.077084,29.619495,0.35515392,51.077084,29.619495,0.4114681,,,,,,,,,,,,,,,,,,,,,,,,,,,,,,,,,,,,,,,,,,,,,,,,,,,,,,,,,,,,,51.077084,29.619495,0.1563316,51.077084,29.619495,0.170335,,,,,,,,,,,,,,,,,,,,,,,,,,,,,,,,,,,,,,,,,,,,,,,,,,,,,,,,,,,,,,,
51.077084,29.649473,0.35045367,51.077084,29.649473,0.40992117,,,,,,,,,,,,,,,,,,,,,,,,,,,,,,,,,,,,,,,,,,,,,,,,,,,,,,,,,,,,,51.077084,29.649473,-0.5443467,51.077084,29.649473,-0.03861986,,,,,,,,,,,,,,,,,,,,,,,,,,,,,,,,,,,,,,,,,,,,,,,,,,,,,,,,,,,,,,,
51.077084,29.679453,0.35441023,51.077084,29.679453,0.40957907,,,,,,,,,,,,,,,,,,,,,,,,,,,,,,,,,,,,,,,,,,,,,,,,,,,,,,,,,,,,,51.077084,29.679453,0.089365445,51.077084,29.679453,-0.07328449,,,,,,,,,,,,,,,,,,,,,,,,,,,,,,,,,,,,,,,,,,,,,,,,,,,,,,,,,,,,,,,
51.077084,29.709433,0.3552283,51.077084,29.709433,0.41246468,,,,,,,,,,,,,,,,,,,,,,,,,,,,,,,,,,,,,,,,,,,,,,,,,,,,,,,,,,,,,51.077084,29.709433,0.20542492,51.077084,29.709433,0.3034,,,,,,,,,,,,,,,,,,,,,,,,,,,,,,,,,,,,,,,,,,,,,,,,,,,,,,,,,,,,,,,
51.077084,29.739412,0.351242,51.077084,29.739412,0.4123754,,,,,,,,,,,,,,,,,,,,,,,,,,,,,,,,,,,,,,,,,,,,,,,,,,,,,,,,,,,,,51.077084,29.739412,-0.38606372,51.077084,29.739412,0.2833021,,,,,,,,,,,,,,,,,,,,,,,,,,,,,,,,,,,,,,,,,,,,,,,,,,,,,,,,,,,,,,,
51.077084,29.76939,0.35265508,51.077084,29.76939,0.40825525,,,,,,,,,,,,,,,,,,,,,,,,,,,,,,,,,,,,,,,,,,,,,,,,,,,,,,,,,,,,,51.077084,29.76939,-0.18903612,51.077084,29.76939,-0.2653401,,,,,,,,,,,,,,,,,,,,,,,,,,,,,,,,,,,,,,,,,,,,,,,,,,,,,,,,,,,,,,,
51.077084,29.79937,0.35280383,51.077084,29.79937,0.4092518,,,,,,,,,,,,,,,,,,,,,,,,,,,,,,,,,,,,,,,,,,,,,,,,,,,,,,,,,,,,,51.077084,29.79937,-0.20206654,51.077084,29.79937,-0.12930006,,,,,,,,,,,,,,,,,,,,,,,,,,,,,,,,,,,,,,,,,,,,,,,,,,,,,,,,,,,,,,,
51.077084,29.82935,0.35198572,51.077084,29.82935,0.40721405,,,,,,,,,,,,,,,,,,,,,,,,,,,,,,,,,,,,,,,,,,,,,,,,,,,,,,,,,,,,,51.077084,29.82935,-0.31742275,51.077084,29.82935,-0.40053475,,,,,,,,,,,,,,,,,,,,,,,,,,,,,,,,,,,,,,,,,,,,,,,,,,,,,,,,,,,,,,,
51.077084,29.85933,0.3579652,51.077084,29.85933,0.41005504,,,,,,,,,,,,,,,,,,,,,,,,,,,,,,,,,,,,,,,,,,,,,,,,,,,,,,,,,,,,,51.077084,29.85933,0.60655034,51.077084,29.85933,-0.020061962,,,,,,,,,,,,,,,,,,,,,,,,,,,,,,,,,,,,,,,,,,,,,,,,,,,,,,,,,,,,,,,
51.077084,29.889309,0.35234272,51.077084,29.889309,0.41505283,,,,,,,,,,,,,,,,,,,,,,,,,,,,,,,,,,,,,,,,,,,,,,,,,,,,,,,,,,,,,51.077084,29.889309,-0.22589493,51.077084,29.889309,0.64710283,,,,,,,,,,,,,,,,,,,,,,,,,,,,,,,,,,,,,,,,,,,,,,,,,,,,,,,,,,,,,,,
51.077084,29.919287,0.35380042,51.077084,29.919287,0.41173586,,,,,,,,,,,,,,,,,,,,,,,,,,,,,,,,,,,,,,,,,,,,,,,,,,,,,,,,,,,,,51.077084,29.919287,-0.019960608,51.077084,29.919287,0.21184485,,,,,,,,,,,,,,,,,,,,,,,,,,,,,,,,,,,,,,,,,,,,,,,,,,,,,,,,,,,,,,,
51.077084,29.949266,0.35305664,51.077084,29.949266,0.40899897,,,,,,,,,,,,,,,,,,,,,,,,,,,,,,,,,,,,,,,,,,,,,,,,,,,,,,,,,,,,,51.077084,29.949266,-0.11798159,51.077084,29.949266,-0.14487082,,,,,,,,,,,,,,,,,,,,,,,,,,,,,,,,,,,,,,,,,,,,,,,,,,,,,,,,,,,,,,,
51.077084,29.979246,0.3516585,51.077084,29.979246,0.41313398,,,,,,,,,,,,,,,,,,,,,,,,,,,,,,,,,,,,,,,,,,,,,,,,,,,,,,,,,,,,,51.077084,29.979246,-0.35625517,51.077084,29.979246,0.39227,,,,,,,,,,,,,,,,,,,,,,,,,,,,,,,,,,,,,,,,,,,,,,,,,,,,,,,,,,,,,,,
