analog,analog_sterr,photon_counting,pc_sterr,overflow_info
33.5873,0.196626,171.875,0.906269,0.0
77.4383,0.478337,195.106,0.864283,0.0
309.716,2.3203,101.328,1.36299,0.0
474.267,0.0272804,0.350731,0.0761197,0.0
473.457,0.0,0.0,0.0,0.0
473.457,0.0,0.484342,0.0925043,0.0
473.457,6.38041e-06,22.8309,0.613395,0.0
473.457,0.0,7.04802,0.377868,0.0
473.457,0.0,7.04802,0.370358,0.0
473.457,0.0,22.2129,0.621929,0.0
473.457,0.0,66.3716,0.94484,0.0
473.457,0.0,128.718,1.08479,0.0
473.457,0.0,152.969,1.10903,0.0
473.457,0.0,104.885,1.02506,0.0
473.457,0.0,77.2777,0.916168,0.0
473.457,0.0,66.3048,0.876572,0.0
473.457,0.0,65.5031,0.856091,0.0
473.457,0.0,74.9562,0.882374,0.0
473.457,0.0,91.6075,0.932552,0.0
473.457,0.0,106.405,0.914119,0.0
473.457,0.0,115.775,0.954739,0.0
473.457,0.0,140.159,0.930845,0.0
473.457,0.0,161.704,0.951326,0.0
473.457,0.0,180.827,0.928115,0.0
473.457,0.0,190.747,0.895687,0.0
473.457,0.0,197.896,0.886812,0.0
473.457,0.0,202.171,0.910706,0.0
473.457,0.0,204.159,0.8991,0.0
473.457,0.0,204.326,0.907293,0.0
473.457,0.0,203.524,0.877596,0.0
473.457,0.0,201.453,0.888519,0.0
473.51,0.0208118,202.388,0.893639,1.0
478.051,0.199173,203.207,0.894663,1.0
489.436,0.254033,200.0,0.906951,1.0
499.528,0.0620238,200.668,0.888177,1.0
500.0,0.0,199.95,0.887836,1.0
500.0,0.0,201.186,0.892273,1.0
499.618,0.0530909,200.902,0.877254,1.0
491.679,0.337785,201.303,0.890225,1.0
465.743,0.660257,200.852,0.883057,1.0
418.866,0.738986,202.839,0.879302,1.0
367.443,0.749609,203.19,0.881692,0.0
316.951,0.703197,201.403,0.913778,0.0
269.672,0.669331,202.322,0.877937,0.0
224.198,0.623077,203.173,0.872134,0.0
182.498,0.550989,202.906,0.878278,0.0
145.731,0.482808,202.906,0.860187,0.0
113.682,0.415263,201.754,0.863601,0.0
87.035,0.342537,198.814,0.89398,0.0
65.6867,0.278945,199.232,0.905245,0.0
49.0227,0.2233,197.678,0.886129,0.0
36.6279,0.175041,196.877,0.862235,0.0
27.68,0.137718,193.587,0.856774,0.0
21.4144,0.107678,191.098,0.852336,0.0
17.0472,0.0847322,190.397,0.858139,0.0
13.9225,0.0688327,189.862,0.847216,0.0
11.7311,0.0564257,189.428,0.849264,0.0
10.1989,0.0479354,189.545,0.868721,0.0
9.06651,0.0411728,187.29,0.846533,0.0
8.25619,0.0374981,185.804,0.865307,0.0
7.69447,0.0341,185.921,0.85336,0.0
7.23709,0.0315018,184.117,0.859504,0.0
6.89874,0.0298378,181.177,0.882374,0.0
6.7131,0.02846,179.908,0.845851,0.0
6.52782,0.0266629,176.017,0.847899,0.0
6.40524,0.0264956,177.035,0.859504,0.0
6.43253,0.0264479,174.681,0.850288,0.0
6.37482,0.0260519,172.392,0.856091,0.0
6.31155,0.0247949,170.906,0.824346,0.0
6.37029,0.0245537,170.505,0.847899,0.0
6.41125,0.0244016,169.57,0.835952,0.0
6.36895,0.0239864,167.916,0.846875,0.0
6.35792,0.0363625,167.516,0.83288,0.0
6.51519,0.166762,164.843,0.859846,0.0
6.53186,0.154734,164.426,0.850971,0.0
6.38351,0.0232235,165.695,0.839365,1.0
6.39585,0.0223822,163.106,0.855067,1.0
6.46489,0.0389454,162.121,0.841755,0.0
6.42782,0.0221956,162.154,0.849605,1.0
6.39999,0.0218601,160.317,0.84824,1.0
6.409,0.0237741,160.117,0.83561,0.0
6.44721,0.0213382,158.797,0.863942,1.0
6.47897,0.0207562,158.664,0.865307,0.0
6.5099,0.0214286,157.829,0.831856,0.0
6.58253,0.0209789,159.516,0.855408,0.0
6.64159,0.0203178,156.409,0.862235,0.0
6.69548,0.0198655,155.541,0.835952,0.0
6.77029,0.0199502,155.791,0.842437,0.0
6.84504,0.0201265,156.058,0.850629,0.0
6.8885,0.0194837,155.691,0.834586,0.0
6.9367,0.0198726,156.025,0.852336,0.0
7.00546,0.0195445,154.756,0.865649,0.0
7.03374,0.0191285,155.106,0.853702,0.0
7.06928,0.019222,154.706,0.83049,0.0
7.15352,0.0192121,154.823,0.836634,0.0
7.19552,0.0191113,153.453,0.862235,0.0
7.19945,0.0189774,153.553,0.848581,0.0
7.26499,0.0189771,153.47,0.839024,0.0
7.33229,0.0183172,152.585,0.842096,0.0
7.35432,0.0188175,152.952,0.843803,0.0
7.38119,0.0185269,152.484,0.831173,0.0
7.45881,0.0183582,152.2,0.842096,0.0
7.52965,0.0180758,150.313,0.854043,0.0
7.55128,0.0184112,151.783,0.867355,0.0
7.60231,0.0187128,149.729,0.840731,0.0
7.66105,0.018587,151.432,0.840389,0.0
7.66489,0.018323,150.163,0.861553,0.0
7.65895,0.0181642,149.645,0.875889,0.0
7.68401,0.0177678,152.184,0.838,0.0
7.71425,0.017872,148.793,0.845851,0.0
7.70787,0.0177339,149.795,0.860187,0.0
7.69438,0.0179373,148.977,0.842779,0.0
7.72214,0.0177784,148.075,0.853019,0.0
7.75066,0.0175382,147.942,0.846875,0.0
7.72853,0.0178247,148.626,0.843461,0.0
7.68539,0.0175399,146.856,0.837317,0.0
7.68467,0.017091,146.305,0.842779,0.0
7.69458,0.0174304,146.121,0.834586,0.0
7.66583,0.017391,146.806,0.843803,0.0
7.64746,0.0172779,145.069,0.865649,0.0
7.60392,0.0169243,143.733,0.852336,0.0
7.52772,0.0166757,142.33,0.839024,0.0
7.4903,0.0170064,142.948,0.836976,0.0
7.44113,0.0166869,140.593,0.841413,0.0
7.38271,0.0161885,141.946,0.834928,0.0
7.34634,0.0158704,141.511,0.836634,0.0
7.26833,0.0163055,139.023,0.844485,0.0
7.18145,0.0155377,137.82,0.862577,0.0
7.12765,0.0153248,136.15,0.844485,0.0
7.07142,0.01518,135.616,0.831514,0.0
7.01386,0.0149398,134.397,0.844827,0.0
6.98636,0.015149,134.046,0.836293,0.0
6.94581,0.0151961,132.86,0.865649,0.0
6.86675,0.0145011,131.507,0.849947,0.0
6.83215,0.0145943,130.739,0.840731,0.0
6.8126,0.0145519,129.52,0.856774,0.0
6.75608,0.0143987,129.486,0.856774,0.0
6.70422,0.0140654,127.616,0.819909,0.0
6.65736,0.014136,128.05,0.853702,0.0
6.58877,0.0141169,125.211,0.847216,0.0
6.53566,0.0139191,125.261,0.888519,0.0
6.51617,0.0137753,123.925,0.845168,0.0
6.47173,0.0134131,122.973,0.845509,0.0
6.42885,0.0135662,121.57,0.844144,0.0
6.40814,0.0133923,120.518,0.842779,0.0
6.36065,0.013278,118.664,0.84824,0.0
6.3043,0.0131367,117.094,0.843803,0.0
6.27843,0.0128164,117.278,0.845509,0.0
6.27147,0.0129425,117.294,0.851654,0.0
6.23764,0.0127434,116.259,0.857456,0.0
6.18259,0.0127169,115.24,0.864966,0.0
6.14256,0.0123924,112.451,0.856091,0.0
6.11302,0.012102,112.2,0.842779,0.0
6.06766,0.0120336,110.614,0.846875,0.0
6.01319,0.0119913,108.76,0.841072,0.0
5.96788,0.0117477,108.159,0.844144,0.0
5.92009,0.0116244,106.689,0.847216,0.0
5.88389,0.0112519,105.77,0.85575,0.0
5.86773,0.0115149,104.685,0.844827,0.0
5.82956,0.0113655,103.265,0.847557,0.0
5.78819,0.0111285,102.53,0.862235,0.0
5.74795,0.0111075,99.9916,0.856432,0.0
5.7022,0.0106953,97.8372,0.847557,0.0
5.67954,0.0102548,99.8246,0.858139,0.0
5.65304,0.0104091,99.1566,0.853702,0.0
5.6196,0.0099634,95.4823,0.852336,0.0
5.6025,0.0102979,95.7161,0.853702,0.0
5.54551,0.0102026,91.9916,0.841755,0.0
5.48955,0.00965512,92.2088,0.830149,0.0
5.48556,0.00974914,91.7077,0.841413,0.0
5.44954,0.00980597,87.9666,0.833221,0.0
5.4046,0.00953787,89.0355,0.867355,0.0
5.40545,0.00951859,86.9144,0.844827,0.0
5.37681,0.00922588,86.5637,0.844144,0.0
5.33166,0.00931234,84.2422,0.827759,0.0
5.3174,0.00898603,83.691,0.85336,0.0
5.29946,0.00909143,83.1065,0.822298,0.0
5.25476,0.008731,79.5324,0.838682,0.0
5.21697,0.0083959,79.6827,0.831173,0.0
5.19398,0.00844337,77.7787,0.814788,0.0
5.17198,0.00838698,77.7954,0.81274,0.0
5.15025,0.00824212,75.6409,0.804207,0.0
5.12871,0.00818711,75.7745,0.819567,0.0
5.10499,0.00822917,72.8017,0.819567,0.0
5.07533,0.00786926,71.4154,0.802159,0.0
5.05316,0.00772082,70.5136,0.804207,0.0
5.03987,0.00771802,70.0125,0.822981,0.0
5.0266,0.00749418,68.5094,0.802841,0.0
5.00964,0.00751339,68.3257,0.817519,0.0
4.98562,0.00747322,65.8706,0.812058,0.0
4.96592,0.00728877,67.023,0.805913,0.0
4.95195,0.00719482,64.2004,0.796356,0.0
4.92245,0.00709293,63.5491,0.791236,0.0
4.8915,0.00711364,63.833,0.804207,0.0
4.87873,0.00690432,61.2944,0.789529,0.0
4.8654,0.00682417,60.2088,0.788846,0.0
4.84094,0.00684611,58.7557,0.780654,0.0
4.83049,0.00665854,59.7411,0.773827,0.0
4.81553,0.00656577,57.5699,0.798063,0.0
4.79721,0.0062694,56.8685,0.779971,0.0
4.79042,0.0062224,56.5344,0.773486,0.0
4.76933,0.00639415,53.7787,0.755736,0.0
4.74851,0.00628718,54.5637,0.764269,0.0
4.74105,0.00616816,53.1775,0.742082,0.0
4.71786,0.00608079,51.7912,0.743789,0.0
4.70019,0.00615592,50.0042,0.760173,0.0
4.70269,0.00595631,51.2568,0.748226,0.0
4.69,0.00603743,49.9541,0.75676,0.0
4.67215,0.00579107,48.2171,0.739351,0.0
4.66503,0.00573319,47.8831,0.7315,0.0
4.65345,0.0056884,47.8998,0.74413,0.0
4.63361,0.00562928,45.6117,0.720236,0.0
4.61774,0.00554562,45.3111,0.722625,0.0
4.61174,0.00557094,45.4781,0.730818,0.0
4.60728,0.00563911,45.7453,0.719895,0.0
4.59137,0.00526586,44.0084,0.719212,0.0
4.57323,0.00519756,42.2714,0.697025,0.0
4.56793,0.00525967,42.3716,0.724332,0.0
4.56068,0.00515062,42.0042,0.718529,0.0
4.54867,0.00511807,41.0856,0.713409,0.0
4.54489,0.0051027,41.0689,0.692587,0.0
4.5374,0.00496975,41.7203,0.68815,0.0
4.51637,0.00485015,37.8455,0.672789,0.0
4.50842,0.00499716,39.5157,0.707265,0.0
4.50136,0.00494911,37.7787,0.691222,0.0
4.48126,0.00486383,36.3925,0.679616,0.0
4.47422,0.00475939,36.4426,0.672107,0.0
4.47174,0.00470946,36.4426,0.670741,0.0
4.45725,0.00462384,34.5553,0.663573,0.0
4.4507,0.00462189,36.1253,0.675179,0.0
4.44655,0.00462111,33.7537,0.649919,0.0
4.42992,0.00446153,33.1524,0.64002,0.0
4.42239,0.00438451,33.1023,0.648554,0.0
4.41574,0.00438549,31.0313,0.638996,0.0
4.40581,0.00441466,32.3674,0.646164,0.0
4.40717,0.00436843,32.3507,0.646164,0.0
4.40283,0.00438575,31.0313,0.647871,0.0
4.38777,0.00433184,29.8121,0.631828,0.0
4.37931,0.00422377,29.3779,0.611006,0.0
4.37739,0.00415925,30.3299,0.608617,0.0
4.3703,0.00416589,29.0438,0.628756,0.0
4.35918,0.00412988,28.6263,0.625001,0.0
4.3562,0.00408906,29.3612,0.628073,0.0
4.35082,0.00400892,26.9729,0.608275,0.0
4.34246,0.00402819,26.7557,0.608958,0.0
4.33778,0.00395735,26.6889,0.61203,0.0
4.33678,0.00405215,26.5219,0.608617,0.0
4.32837,0.0038595,25.9708,0.590525,0.0
4.32227,0.00401764,26.5887,0.60179,0.0
4.31592,0.00384524,25.7203,0.603496,0.0
4.30437,0.00381874,24.501,0.585064,0.0
4.2985,0.00379999,24.7516,0.575847,0.0
4.29775,0.00371503,24.2004,0.57141,0.0
4.29028,0.00372909,24.1336,0.582674,0.0
4.28003,0.00370305,23.2818,0.567997,0.0
4.28,0.00358377,23.0981,0.564583,0.0
4.2778,0.00373111,23.4823,0.574823,0.0
4.26648,0.00359679,23.0647,0.570045,0.0
4.26184,0.00361952,22.9144,0.564583,0.0
4.25646,0.00356769,21.8121,0.55605,0.0
4.24828,0.0034184,20.9603,0.544785,0.0
4.24907,0.0035574,21.2443,0.550247,0.0
4.24477,0.00356502,20.643,0.541372,0.0
4.23856,0.00349842,21.2109,0.556732,0.0
4.23692,0.00338429,20.7766,0.542396,0.0
4.23646,0.00350044,21.3612,0.540689,0.0
4.2321,0.00343513,20.5762,0.5383,0.0
4.22379,0.00341411,20.2589,0.532497,0.0
4.21898,0.00342556,18.9228,0.537276,0.0
4.21606,0.00335792,19.1399,0.534545,0.0
4.21261,0.00333767,19.7411,0.531131,0.0
4.21013,0.00330674,20.0585,0.536934,0.0
4.20621,0.0032169,18.9729,0.529083,0.0
4.19781,0.00323519,18.7056,0.518843,0.0
4.19097,0.00314274,17.8205,0.511675,0.0
4.19102,0.00322139,18.3716,0.521574,0.0
4.18672,0.00317725,17.737,0.506555,0.0
4.17972,0.00312367,17.7537,0.498021,0.0
4.18139,0.0031141,18.071,0.510309,0.0
4.17656,0.00317914,18.0376,0.514064,0.0
4.17023,0.00316403,17.0856,0.505531,0.0
4.16998,0.00313285,17.5031,0.518502,0.0
4.16323,0.00299899,16.2004,0.476516,0.0
4.15844,0.00296533,16.1503,0.486074,0.0
4.15851,0.00292197,16.4676,0.49768,0.0
4.15046,0.00293004,14.9645,0.475151,0.0
4.14932,0.00298401,16.334,0.499045,0.0
4.14986,0.00293212,15.2818,0.471738,0.0
4.14561,0.00291344,15.7996,0.481295,0.0
4.14707,0.0029956,16.2672,0.482319,0.0
4.14134,0.00300771,14.7474,0.47242,0.0
4.1297,0.00283082,14.4635,0.464569,0.0
4.12716,0.00290556,15.6159,0.476175,0.0
4.12991,0.00289566,14.9979,0.482661,0.0
4.12643,0.00286799,14.3132,0.464228,0.0
4.12067,0.00277131,14.1294,0.457742,0.0
4.12089,0.00287184,14.9311,0.475492,0.0
4.11603,0.00276454,13.4948,0.455353,0.0
4.10954,0.00277326,13.9791,0.457742,0.0
4.11385,0.00281825,14.8476,0.4673,0.0
4.11318,0.00280588,13.6618,0.450233,0.0
4.10774,0.0027385,14.0793,0.45706,0.0
4.10303,0.00274462,12.9269,0.448185,0.0
4.09489,0.00267079,13.0772,0.448526,0.0
4.09461,0.00265243,12.9937,0.433507,0.0
4.09886,0.00276076,12.9436,0.434531,0.0
4.09374,0.0026133,13.1942,0.438627,0.0
4.08412,0.00261558,12.309,0.433166,0.0
4.0829,0.00260158,12.3758,0.431118,0.0
4.0829,0.00256375,12.3758,0.427704,0.0
4.07981,0.00257554,12.476,0.43419,0.0
4.07501,0.00252508,11.9749,0.430435,0.0
4.07242,0.00252169,11.8079,0.412685,0.0
4.07232,0.00253231,12.2589,0.429411,0.0
4.06856,0.00249298,11.4739,0.419853,0.0
4.06722,0.00251896,11.4572,0.410978,0.0
4.06853,0.00249461,12.7766,0.44955,0.0
4.06668,0.00247508,11.4906,0.408589,0.0
4.06108,0.00239545,11.357,0.413709,0.0
4.05694,0.00239265,11.2401,0.415074,0.0
4.05913,0.00245717,11.6075,0.430776,0.0
4.05627,0.00241127,11.3403,0.418147,0.0
4.04752,0.0025202,10.5386,0.412002,0.0
4.04664,0.00255581,10.7056,0.400055,0.0
4.04673,0.00244018,10.9395,0.409954,0.0
4.04407,0.00246362,10.9228,0.413709,0.0
4.0427,0.0024129,10.5887,0.40381,0.0
4.04017,0.0024295,10.4718,0.401079,0.0
4.03771,0.00234558,10.3549,0.39869,0.0
4.0378,0.00238022,10.1211,0.389815,0.0
4.03996,0.00237084,10.7891,0.408589,0.0
4.03895,0.00242508,9.72025,0.391863,0.0
4.03297,0.00233302,10.8392,0.410296,0.0
4.03226,0.0023254,10.3883,0.394935,0.0
4.02914,0.00233959,9.43633,0.374796,0.0
4.02196,0.00233569,9.82046,0.389474,0.0
4.01842,0.00228614,9.41962,0.383671,0.0
4.01867,0.00230144,9.31942,0.382305,0.0
4.01811,0.00232494,10.238,0.399031,0.0
4.01506,0.00231355,9.00209,0.372065,0.0
4.01344,0.00223588,9.31942,0.37343,0.0
4.01481,0.0022808,9.67015,0.379916,0.0
4.01307,0.00227442,9.00209,0.372065,0.0
4.01278,0.00227162,9.77035,0.39118,0.0
4.01329,0.00231954,9.50313,0.382988,0.0
4.00786,0.00227676,8.78497,0.373772,0.0
4.00386,0.00226146,8.80167,0.371724,0.0
4.00509,0.0022254,9.28601,0.372406,0.0
4.00564,0.00222631,9.23591,0.378551,0.0
4.00196,0.00222149,8.53445,0.365921,0.0
3.9991,0.00224799,9.58664,0.384695,0.0
3.99799,0.00220319,8.96868,0.372406,0.0
3.99371,0.00223848,8.55115,0.36319,0.0
3.98813,0.00219102,8.91858,0.367969,0.0
3.9882,0.00215371,8.48434,0.356705,0.0
3.98928,0.00215977,8.35073,0.358753,0.0
3.98662,0.00206172,8.35073,0.362849,0.0
3.98914,0.00220801,8.40084,0.360459,0.0
3.99092,0.00221556,8.61795,0.36558,0.0
3.98435,0.00209095,7.78288,0.348512,0.0
3.98001,0.00205039,7.79958,0.351243,0.0
3.98215,0.00207617,8.28392,0.357387,0.0
3.98017,0.00206458,7.63257,0.338272,0.0
3.97724,0.00214955,8.48434,0.374454,0.0
3.97541,0.00214525,8.35073,0.371724,0.0
3.97085,0.00214792,7.31524,0.338272,0.0
3.96729,0.00205234,7.38205,0.339296,0.0
3.9666,0.00202103,7.44885,0.342709,0.0
3.96367,0.00202031,7.13152,0.333493,0.0
3.96153,0.00200475,6.8309,0.328714,0.0
3.9642,0.00201777,7.24843,0.332128,0.0
3.96654,0.00210749,7.54906,0.345099,0.0
3.96598,0.00204473,7.36534,0.34783,0.0
3.96184,0.00203047,7.08142,0.331104,0.0
3.95785,0.00198353,6.78079,0.330421,0.0
3.95795,0.00196562,7.03132,0.3352,0.0
3.95923,0.00194231,6.27975,0.314719,0.0
3.95777,0.00195709,7.03132,0.333835,0.0
3.9581,0.00199479,7.06472,0.333493,0.0
3.95667,0.00197916,7.19833,0.339637,0.0
3.95545,0.00204818,7.01461,0.332469,0.0
3.95157,0.00201015,6.8643,0.324277,0.0
3.94893,0.00197962,6.99791,0.329738,0.0
3.94783,0.00198307,6.76409,0.331104,0.0
3.94515,0.00197116,6.71399,0.321546,0.0
3.9428,0.00196263,6.04593,0.311306,0.0
3.94556,0.00190091,7.03132,0.328714,0.0
3.94639,0.00192441,6.07933,0.310282,0.0
3.94365,0.00198021,6.44676,0.316767,0.0
3.94475,0.00195364,6.76409,0.324277,0.0
3.9443,0.00195267,6.34656,0.318474,0.0
3.94007,0.00186282,6.66388,0.324277,0.0
3.94065,0.00196758,6.66388,0.321546,0.0
3.93845,0.00191295,6.26305,0.313695,0.0
3.93463,0.00188111,6.48017,0.318474,0.0
3.93473,0.00191015,6.09603,0.310282,0.0
3.93373,0.00190677,6.48017,0.316426,0.0
3.93301,0.00193229,6.46347,0.321546,0.0
3.9303,0.00192864,5.94572,0.308575,0.0
3.92896,0.00184212,5.52818,0.300383,0.0
3.92966,0.00188873,6.41336,0.30994,0.0
3.93,0.00183795,6.14614,0.305844,0.0
3.92733,0.00186822,5.64509,0.301748,0.0
3.92576,0.00183665,5.84551,0.309258,0.0
3.92565,0.00181731,5.762,0.30209,0.0
3.92624,0.00185813,5.77871,0.304479,0.0
3.92318,0.0017664,5.41127,0.296969,0.0
3.91993,0.00179836,5.77871,0.295945,0.0
3.91886,0.00179081,5.07724,0.28434,0.0
3.91821,0.00183906,5.99582,0.314037,0.0
3.91604,0.00175383,5.29436,0.292873,0.0
3.91598,0.00185423,5.54489,0.298676,0.0
3.91662,0.0018287,5.64509,0.302772,0.0
3.91319,0.00179439,5.32777,0.292532,0.0
3.91091,0.00176184,5.14405,0.287753,0.0
3.91402,0.00179908,5.762,0.293897,0.0
3.91337,0.00178808,4.79332,0.277854,0.0
3.90971,0.00170917,5.39457,0.28707,0.0
3.91037,0.00173755,5.09395,0.288436,0.0
3.91022,0.00176386,4.5929,0.268979,0.0
3.90861,0.00170936,5.6618,0.295604,0.0
3.90818,0.00174211,5.26096,0.291167,0.0
3.90392,0.00169602,4.86013,0.278195,0.0
3.90076,0.0016899,4.35908,0.27171,0.0
3.90163,0.00172701,5.11065,0.286046,0.0
3.90004,0.00175312,4.99374,0.291167,0.0
3.8966,0.00169719,4.65971,0.27171,0.0
3.89701,0.00164224,4.5428,0.271027,0.0
3.89483,0.00162805,4.40919,0.265566,0.0
3.89381,0.00160708,4.5762,0.26659,0.0
3.89635,0.00168228,4.87683,0.27171,0.0
3.89686,0.00166633,4.72651,0.276147,0.0
3.89792,0.00171789,4.82672,0.279561,0.0
3.89859,0.0017119,4.84342,0.27683,0.0
3.89684,0.00173866,4.5595,0.272393,0.0
3.89691,0.00173183,4.5929,0.268979,0.0
3.89695,0.0016787,5.01044,0.281609,0.0
3.89347,0.00168892,4.87683,0.275806,0.0
3.89052,0.00174296,4.34238,0.267272,0.0
3.89031,0.00171418,4.5595,0.273417,0.0
3.88882,0.00164927,4.27557,0.261128,0.0
3.88891,0.00167525,4.5929,0.271027,0.0
3.89011,0.00168423,4.87683,0.273758,0.0
3.88774,0.00165051,4.20877,0.259422,0.0
3.88731,0.00168137,4.65971,0.274782,0.0
3.88968,0.00168091,4.44259,0.26659,0.0
3.88911,0.00165969,4.75992,0.271027,0.0
3.8877,0.00169927,4.44259,0.26659,0.0
3.88699,0.00166333,4.34238,0.258739,0.0
3.88477,0.00164296,4.94363,0.282292,0.0
3.88569,0.00166535,4.32568,0.26659,0.0
3.88778,0.00170559,4.82672,0.278537,0.0
3.88493,0.00167642,4.50939,0.264883,0.0
3.88174,0.0016841,4.65971,0.277854,0.0
3.88108,0.00169374,4.50939,0.273417,0.0
3.87968,0.00163612,4.35908,0.263518,0.0
3.87891,0.00162603,4.5595,0.270345,0.0
3.8797,0.00158905,4.40919,0.268638,0.0
3.87737,0.00160845,3.72443,0.243378,0.0
3.87631,0.00161001,4.12526,0.257373,0.0
3.87894,0.00163853,4.15866,0.257373,0.0
3.87974,0.00163547,4.47599,0.265224,0.0
3.87698,0.00156698,4.15866,0.258397,0.0
3.87595,0.00153839,4.17537,0.257715,0.0
3.87696,0.00163182,4.45929,0.267955,0.0
3.8755,0.00157316,4.27557,0.25908,0.0
3.87135,0.00158416,3.62422,0.239282,0.0
3.86977,0.00153794,3.77453,0.252595,0.0
3.87286,0.00155376,4.15866,0.260446,0.0
3.87309,0.00158605,4.05846,0.256691,0.0
3.86993,0.00155741,4.40919,0.264542,0.0
3.86835,0.00158143,3.92484,0.247816,0.0
3.87045,0.00161802,4.25887,0.267272,0.0
3.87192,0.00158221,4.04175,0.256349,0.0
3.86897,0.00155851,3.82463,0.249523,0.0
3.8658,0.00151717,3.59081,0.242013,0.0
3.86503,0.0014714,3.67432,0.242013,0.0
3.8658,0.00155754,3.75783,0.247816,0.0
3.86579,0.00146847,3.4071,0.230749,0.0
3.86578,0.00154692,3.85804,0.248157,0.0
3.8655,0.00157524,4.02505,0.250547,0.0
3.86257,0.00155363,4.09186,0.256691,0.0
3.86139,0.00151378,3.64092,0.242013,0.0
3.86036,0.00153638,3.3737,0.237917,0.0
3.8598,0.00158755,3.4405,0.239965,0.0
3.85911,0.00153416,3.80793,0.254643,0.0
3.85867,0.00146788,3.62422,0.238258,0.0
3.85879,0.00150617,3.4238,0.232455,0.0
3.85937,0.00153299,4.19207,0.26147,0.0
3.861,0.001527,3.70772,0.24645,0.0
3.85906,0.00150773,3.20668,0.226994,0.0
3.85944,0.00150063,4.05846,0.256691,0.0
3.86124,0.00150578,3.62422,0.238258,0.0
3.85843,0.0014479,3.54071,0.236893,0.0
3.85591,0.00150877,3.67432,0.245426,0.0
3.85445,0.00145812,3.30689,0.234845,0.0
3.85479,0.00151255,3.34029,0.241672,0.0
3.85588,0.00146163,3.77453,0.24133,0.0
3.8562,0.00151157,3.65762,0.245085,0.0
3.8562,0.00151945,4.07516,0.259422,0.0
3.85343,0.00147733,3.08977,0.224604,0.0
3.85021,0.00148097,3.49061,0.233138,0.0
3.8508,0.00145688,3.54071,0.240648,0.0
3.85293,0.00150389,3.97495,0.253619,0.0
3.85205,0.00152661,3.3737,0.235527,0.0
3.85007,0.00144692,2.93946,0.219826,0.0
3.85138,0.00144861,3.4572,0.241672,0.0
3.85187,0.00143064,3.25678,0.229725,0.0
3.84992,0.00149139,2.98956,0.220167,0.0
3.85,0.00141085,3.4739,0.23621,0.0
3.84999,0.00143364,3.49061,0.235527,0.0
3.84606,0.00144438,3.3904,0.23621,0.0
3.84299,0.00140473,2.92276,0.221874,0.0
3.84274,0.00134978,3.35699,0.230407,0.0
3.84372,0.00137361,3.22338,0.230066,0.0
3.84439,0.00143865,3.17328,0.228359,0.0
3.84332,0.0014283,3.07307,0.225287,0.0
3.84366,0.00142973,3.05637,0.21846,0.0
3.84331,0.00140323,2.97286,0.219484,0.0
3.8435,0.00140304,2.75574,0.210951,0.0
3.84184,0.00137107,2.77244,0.212999,0.0
3.84219,0.0014076,2.95616,0.220167,0.0
3.84229,0.00142804,3.10647,0.230066,0.0
3.84186,0.00142133,2.60543,0.209927,0.0
3.84061,0.00136645,3.00626,0.226994,0.0
3.83849,0.00137159,3.07307,0.222898,0.0
3.83638,0.00131358,2.52192,0.205489,0.0
3.83702,0.00133338,2.78914,0.210951,0.0
3.83937,0.00138338,2.97286,0.217095,0.0
3.8378,0.00141482,2.82255,0.21334,0.0
3.83532,0.00135017,2.45511,0.200369,0.0
3.83517,0.00133741,2.63883,0.209585,0.0
3.83504,0.00131371,2.60543,0.207196,0.0
3.83624,0.00138728,2.80585,0.211292,0.0
3.8366,0.00133585,2.62213,0.209244,0.0
3.83373,0.00133253,2.53862,0.206172,0.0
3.83337,0.00132491,2.72234,0.209927,0.0
3.83303,0.00132244,2.15449,0.186033,0.0
3.83068,0.00126886,2.2547,0.190129,0.0
3.82978,0.00131977,2.55532,0.20822,0.0
3.82945,0.00130037,2.38831,0.199345,0.0
3.82874,0.00126697,2.17119,0.186715,0.0
3.82713,0.00126553,2.3048,0.191835,0.0
3.82846,0.00123786,2.63883,0.213681,0.0
3.82963,0.00129431,2.3215,0.196956,0.0
3.82755,0.00128175,2.35491,0.195249,0.0
3.82686,0.00125193,1.88727,0.174768,0.0
3.82759,0.00124535,2.55532,0.20822,0.0
3.82635,0.00124483,2.00418,0.181595,0.0
3.82463,0.00126462,1.95407,0.17784,0.0
3.82528,0.00121443,1.83716,0.17272,0.0
3.8254,0.00122634,2.2881,0.194225,0.0
3.82503,0.00120036,1.90397,0.18023,0.0
3.82574,0.0012602,2.43841,0.202758,0.0
3.82346,0.00122732,2.02088,0.179206,0.0
3.81966,0.00120876,1.65344,0.162821,0.0
3.81884,0.00115453,1.73695,0.169989,0.0
3.82089,0.00122647,1.85386,0.173403,0.0
3.82258,0.0012503,2.2714,0.189105,0.0
3.82236,0.00120739,2.02088,0.179206,0.0
3.82093,0.00124626,2.20459,0.191153,0.0
3.82249,0.00125746,1.93737,0.178523,0.0
3.82088,0.00125362,1.97077,0.181595,0.0
3.81894,0.00119372,1.78706,0.175451,0.0
3.82045,0.00120355,1.67015,0.165211,0.0
3.82141,0.00120785,1.97077,0.183302,0.0
3.82035,0.00124359,2.03758,0.185691,0.0
3.81907,0.00123637,1.90397,0.178864,0.0
3.8185,0.00120206,1.85386,0.173403,0.0
3.81716,0.00115642,1.63674,0.163504,0.0
3.81692,0.00116879,1.88727,0.176475,0.0
3.8165,0.0011682,1.65344,0.167941,0.0
3.815,0.00114489,1.53653,0.157018,0.0
3.81563,0.0012171,1.85386,0.176816,0.0
3.8155,0.00117816,1.50313,0.15736,0.0
3.81568,0.00116019,2.05428,0.186374,0.0
3.81537,0.00116202,1.92067,0.182619,0.0
3.81268,0.00119099,1.50313,0.159066,0.0
3.81382,0.00116423,1.65344,0.164528,0.0
3.81564,0.00114997,1.90397,0.175792,0.0
3.81381,0.00116631,1.63674,0.166917,0.0
3.81148,0.00115596,1.33612,0.146778,0.0
3.81126,0.00111625,1.41962,0.152922,0.0
3.81165,0.00111631,1.67015,0.163504,0.0
3.81119,0.00109098,1.33612,0.146778,0.0
3.81065,0.00109001,1.53653,0.157018,0.0
3.81128,0.00110576,1.53653,0.157018,0.0
3.81077,0.0011462,1.68685,0.164187,0.0
3.80917,0.0011404,1.28601,0.144047,0.0
3.8096,0.0011044,1.68685,0.1676,0.0
3.80998,0.00110563,1.56994,0.158725,0.0
3.80921,0.00114138,1.40292,0.152239,0.0
3.80845,0.00108421,1.28601,0.144047,0.0
3.80715,0.00108727,1.26931,0.145071,0.0
3.80687,0.00110147,1.30271,0.147119,0.0
3.80729,0.00110199,1.30271,0.150874,0.0
3.80614,0.00103825,1.20251,0.143706,0.0
3.80596,0.0010264,1.25261,0.14234,0.0
3.8048,0.00101006,1.1691,0.141658,0.0
3.8036,0.00102601,0.985386,0.126639,0.0
3.80397,0.00101741,1.1023,0.135855,0.0
3.80497,0.00102008,1.119,0.136879,0.0
3.80422,0.00105778,1.23591,0.143365,0.0
3.80402,0.00107302,1.20251,0.141658,0.0
3.80164,0.00103044,1.06889,0.135855,0.0
3.80082,0.000990917,1.03549,0.129711,0.0
3.80154,0.000974445,0.617954,0.100697,0.0
3.80117,0.000935902,0.751566,0.113326,0.0
3.80125,0.000952178,0.885177,0.122543,0.0
3.8022,0.000976919,0.935282,0.123567,0.0
3.80133,0.000985903,0.968685,0.125615,0.0
3.79982,0.000948272,0.835073,0.11674,0.0
3.79927,0.000957647,0.835073,0.11674,0.0
3.7996,0.000925941,0.68476,0.106158,0.0
3.79924,0.000939222,0.868476,0.119129,0.0
3.79861,0.000961228,0.80167,0.114692,0.0
3.79813,0.000967804,0.91858,0.124591,0.0
3.79711,0.000925941,0.450939,0.0863601,0.0
3.79694,0.000926136,0.718163,0.108547,0.0
3.79799,0.000955043,0.718163,0.108547,0.0
3.7987,0.000954067,0.68476,0.106158,0.0
3.79699,0.000936162,0.80167,0.114692,0.0
3.79766,0.000968976,0.851775,0.118105,0.0
3.79804,0.000944366,0.701461,0.107182,0.0
3.79587,0.000936293,0.701461,0.107182,0.0
3.79592,0.000895471,0.634656,0.102062,0.0
3.79655,0.000915068,0.784969,0.113326,0.0
3.79684,0.000972492,0.751566,0.113326,0.0
3.79564,0.000919951,0.634656,0.104793,0.0
3.79515,0.000935641,0.634656,0.102062,0.0
3.79618,0.000973012,0.885177,0.122543,0.0
3.79612,0.000991112,0.784969,0.113326,0.0
3.79493,0.00100817,0.68476,0.111278,0.0
3.79445,0.00095283,0.534447,0.0938696,0.0
3.79512,0.00092542,0.734864,0.109913,0.0
3.79579,0.000930759,0.68476,0.108547,0.0
3.79523,0.000939483,0.668058,0.107523,0.0
3.79474,0.000934079,0.467641,0.0877254,0.0
3.79503,0.000936944,0.617954,0.100697,0.0
3.79556,0.000926982,0.68476,0.106158,0.0
3.79591,0.000948272,0.718163,0.108547,0.0
3.79409,0.000916435,0.551148,0.095235,0.0
3.79338,0.000913636,0.517745,0.0925043,0.0
3.79422,0.000961033,0.718163,0.108547,0.0
3.79419,0.000937399,0.634656,0.102062,0.0
3.79482,0.000941045,0.634656,0.102062,0.0
3.79346,0.000934665,0.718163,0.108547,0.0
3.792,0.000928024,0.701461,0.107182,0.0
3.79292,0.000955955,0.751566,0.110937,0.0
3.79334,0.000908948,0.551148,0.095235,0.0
3.79328,0.000941957,0.835073,0.119129,0.0
3.79291,0.00091305,0.584551,0.0979658,0.0
3.79213,0.000908818,0.584551,0.101038,0.0
3.79282,0.00091956,0.818372,0.118105,0.0
3.79326,0.000906539,0.467641,0.0877254,0.0
3.79106,0.000931214,0.734864,0.109913,0.0
3.79086,0.000910771,0.601253,0.0993311,0.0
3.79226,0.000913636,0.668058,0.104793,0.0
3.79174,0.000945538,0.718163,0.108547,0.0
3.79178,0.000931084,0.601253,0.102403,0.0
3.7915,0.000937855,0.634656,0.102062,0.0
3.79064,0.000915263,0.734864,0.109913,0.0
3.78967,0.000912919,0.484342,0.0894322,0.0
3.78975,0.000903544,0.584551,0.101038,0.0
3.79044,0.000929196,0.584551,0.0979658,0.0
3.79163,0.000946254,0.718163,0.110937,0.0
3.7917,0.000952504,0.80167,0.117081,0.0
3.79169,0.000919039,0.751566,0.110937,0.0
3.79133,0.000932777,0.668058,0.104793,0.0
3.79109,0.000911227,0.651357,0.103427,0.0
3.79046,0.000956345,0.818372,0.118105,0.0
3.7907,0.000934795,0.68476,0.106158,0.0
3.79062,0.000903284,0.56785,0.0996725,0.0
3.78994,0.000886031,0.68476,0.106158,0.0
3.78929,0.000890393,0.551148,0.095235,0.0
3.78885,0.000905693,0.701461,0.107182,0.0
3.78835,0.000935967,0.551148,0.095235,0.0
3.78897,0.000870991,0.517745,0.0925043,0.0
3.78806,0.000862137,0.484342,0.0894322,0.0
3.78822,0.000909925,0.534447,0.0938696,0.0
3.78873,0.000915914,0.651357,0.106158,0.0
3.78867,0.000937204,0.651357,0.103427,0.0
3.79004,0.000951202,0.768267,0.112302,0.0
3.78943,0.000929652,0.601253,0.0993311,0.0
3.78793,0.000895471,0.484342,0.0894322,0.0
3.78916,0.000908883,0.56785,0.0966004,0.0
3.78814,0.000913701,0.551148,0.095235,0.0
3.78735,0.000902112,0.68476,0.106158,0.0
3.78947,0.000918453,0.517745,0.0925043,0.0
3.78925,0.000904065,0.751566,0.110937,0.0
3.78793,0.000921839,0.651357,0.103427,0.0
3.78787,0.000914417,0.484342,0.0955763,0.0
3.78774,0.000895015,0.517745,0.0925043,0.0
3.7881,0.000936358,0.751566,0.110937,0.0
3.78844,0.000911878,0.601253,0.0993311,0.0
3.78717,0.000909534,0.484342,0.0894322,0.0
3.78696,0.000894885,0.56785,0.0966004,0.0
3.78897,0.000903805,0.668058,0.107523,0.0
3.78716,0.000886877,0.417537,0.0829466,0.0
3.78783,0.000885445,0.584551,0.0979658,0.0
3.788,0.00088883,0.517745,0.095235,0.0
3.78622,0.000899117,0.534447,0.0938696,0.0
3.78663,0.000871512,0.56785,0.0966004,0.0
3.78718,0.000893843,0.434238,0.0846533,0.0
3.78689,0.000926787,0.751566,0.110937,0.0
3.78636,0.00090706,0.467641,0.0877254,0.0
3.78615,0.000915524,0.517745,0.0925043,0.0
3.78615,0.000903023,0.617954,0.100697,0.0
3.78633,0.000891434,0.350731,0.0761197,0.0
3.78513,0.000874897,0.551148,0.0983071,0.0
3.78611,0.000933623,0.617954,0.100697,0.0
3.78709,0.000929326,0.617954,0.100697,0.0
3.78582,0.000904651,0.501044,0.0938696,0.0
3.78493,0.000863243,0.367432,0.0778265,0.0
3.78586,0.000878869,0.484342,0.0894322,0.0
3.78525,0.000891695,0.601253,0.0993311,0.0
3.78613,0.000909664,0.517745,0.0925043,0.0
3.78559,0.00092835,0.434238,0.0846533,0.0
3.7851,0.000871903,0.467641,0.0877254,0.0
3.78531,0.000911748,0.701461,0.107182,0.0
3.78535,0.000906604,0.551148,0.095235,0.0
3.78505,0.000896187,0.450939,0.0863601,0.0
3.78547,0.000903739,0.651357,0.103427,0.0
3.78502,0.000884794,0.534447,0.0938696,0.0
3.78575,0.000868777,0.417537,0.0829466,0.0
3.78611,0.000916175,0.651357,0.103427,0.0
3.78524,0.000906344,0.517745,0.0925043,0.0
3.78544,0.000919365,0.584551,0.0979658,0.0
3.78508,0.000874702,0.668058,0.104793,0.0
3.78554,0.000883426,0.584551,0.101038,0.0
3.78558,0.000909078,0.467641,0.0877254,0.0
3.78472,0.000886812,0.417537,0.0829466,0.0
3.78501,0.000891695,0.617954,0.100697,0.0
3.78507,0.000912594,0.601253,0.102403,0.0
3.78434,0.000912659,0.617954,0.100697,0.0
3.7837,0.000908297,0.384134,0.0798745,0.0
3.7843,0.000894559,0.517745,0.0925043,0.0
3.78453,0.00090999,0.651357,0.103427,0.0
3.78528,0.000886812,0.434238,0.0846533,0.0
3.78496,0.000910445,0.517745,0.0925043,0.0
3.78508,0.000886617,0.384134,0.0798745,0.0
3.78462,0.000871577,0.517745,0.0925043,0.0
3.78424,0.000881734,0.551148,0.095235,0.0
3.78436,0.000851199,0.450939,0.0894322,0.0
3.78437,0.000926982,0.617954,0.100697,0.0
3.78416,0.000920016,0.501044,0.0907975,0.0
3.78296,0.00090693,0.534447,0.0938696,0.0
3.7822,0.000881929,0.534447,0.0938696,0.0
3.78367,0.000890132,0.601253,0.0993311,0.0
3.78349,0.000860053,0.400835,0.0815812,0.0
3.78234,0.000863634,0.384134,0.0798745,0.0
3.7819,0.000855496,0.334029,0.074413,0.0
3.78143,0.000870665,0.484342,0.0894322,0.0
3.78162,0.000868387,0.350731,0.0761197,0.0
3.78251,0.0008706,0.434238,0.0846533,0.0
3.78321,0.000869428,0.450939,0.0863601,0.0
3.78353,0.000880952,0.501044,0.0907975,0.0
3.78255,0.000875809,0.467641,0.0877254,0.0
3.78273,0.000910315,0.551148,0.095235,0.0
3.7842,0.000890979,0.467641,0.0877254,0.0
3.78368,0.000903219,0.434238,0.0846533,0.0
3.78264,0.000906474,0.367432,0.0778265,0.0
3.7824,0.000891044,0.384134,0.083288,0.0
3.78236,0.000904,0.484342,0.0894322,0.0
3.78156,0.000895927,0.350731,0.0761197,0.0
3.78138,0.000889156,0.400835,0.0815812,0.0
3.78139,0.000852371,0.334029,0.074413,0.0
3.78198,0.000878153,0.417537,0.0829466,0.0
3.78336,0.000880366,0.384134,0.0798745,0.0
3.78267,0.000875939,0.467641,0.0877254,0.0
3.78092,0.000848594,0.267223,0.0665621,0.0
3.78113,0.000867996,0.334029,0.074413,0.0
3.7809,0.000832643,0.300626,0.0706582,0.0
3.78152,0.000844558,0.417537,0.0829466,0.0
3.78337,0.000901656,0.501044,0.0938696,0.0
3.78223,0.000887463,0.400835,0.0815812,0.0
3.77978,0.000854324,0.23382,0.062466,0.0
3.78051,0.000883687,0.484342,0.0894322,0.0
3.78149,0.000890914,0.384134,0.0798745,0.0
3.78111,0.000866564,0.501044,0.0907975,0.0
3.78116,0.00086409,0.384134,0.0798745,0.0
3.78113,0.00086409,0.350731,0.0798745,0.0
3.78093,0.000842214,0.434238,0.0846533,0.0
3.78209,0.000865066,0.417537,0.0829466,0.0
3.78266,0.000872749,0.334029,0.074413,0.0
3.78135,0.000869428,0.534447,0.0969417,0.0
3.78138,0.000887723,0.534447,0.0969417,0.0
3.78191,0.000887137,0.501044,0.0907975,0.0
3.78201,0.000899573,0.551148,0.0983071,0.0
3.78111,0.000865001,0.434238,0.0846533,0.0
3.7805,0.000896838,0.434238,0.0846533,0.0
3.7814,0.000895276,0.551148,0.095235,0.0
3.78069,0.000842409,0.267223,0.0665621,0.0
3.78151,0.000884728,0.484342,0.0894322,0.0
3.78143,0.000883622,0.434238,0.0880668,0.0
3.78066,0.000849962,0.400835,0.0815812,0.0
3.781,0.000882254,0.417537,0.0829466,0.0
3.78151,0.000887854,0.551148,0.0983071,0.0
3.78059,0.000854129,0.334029,0.074413,0.0
3.781,0.000861876,0.334029,0.074413,0.0
3.78144,0.000859077,0.384134,0.0798745,0.0
3.77969,0.000831276,0.300626,0.0706582,0.0
3.77992,0.000848464,0.317328,0.0723649,0.0
3.77974,0.000845014,0.267223,0.0665621,0.0
3.77992,0.000884012,0.434238,0.0846533,0.0
3.77965,0.000875614,0.450939,0.0863601,0.0
3.77935,0.000843321,0.467641,0.0877254,0.0
3.77917,0.000843712,0.400835,0.0815812,0.0
3.77975,0.000827891,0.350731,0.0761197,0.0
3.77996,0.000838568,0.283925,0.0686102,0.0
3.78027,0.000833164,0.300626,0.0706582,0.0
3.78017,0.00081207,0.250522,0.064514,0.0
3.78088,0.000818776,0.350731,0.0761197,0.0
3.78044,0.000840521,0.334029,0.074413,0.0
3.77986,0.00083694,0.450939,0.0863601,0.0
3.78008,0.000842344,0.267223,0.0665621,0.0
3.77959,0.000814414,0.23382,0.062466,0.0
3.77952,0.000855235,0.417537,0.0829466,0.0
3.77969,0.000865457,0.317328,0.0723649,0.0
3.78058,0.00085185,0.384134,0.0798745,0.0
3.7806,0.000854649,0.400835,0.0815812,0.0
3.78128,0.00086448,0.484342,0.0925043,0.0
3.78052,0.000851003,0.417537,0.0829466,0.0
3.78019,0.000835964,0.334029,0.074413,0.0
3.77943,0.000869949,0.400835,0.0815812,0.0
3.78073,0.00085797,0.350731,0.0761197,0.0
3.78022,0.000843777,0.267223,0.0665621,0.0
3.77873,0.000834076,0.400835,0.0846533,0.0
3.77887,0.000842344,0.250522,0.064514,0.0
3.77976,0.000841823,0.283925,0.0686102,0.0
3.77924,0.000850873,0.350731,0.0798745,0.0
3.77896,0.000849766,0.317328,0.0723649,0.0
3.77938,0.000847488,0.434238,0.0846533,0.0
3.77944,0.000865262,0.417537,0.0829466,0.0
3.77906,0.000848399,0.250522,0.064514,0.0
3.78019,0.000838177,0.384134,0.0798745,0.0
3.78043,0.000847683,0.300626,0.0706582,0.0
3.77972,0.000846706,0.300626,0.0706582,0.0
3.77967,0.00084905,0.334029,0.074413,0.0
3.78079,0.000859597,0.334029,0.074413,0.0
3.78013,0.000854519,0.417537,0.0829466,0.0
3.77924,0.000850678,0.200418,0.0576872,0.0
3.77993,0.000834271,0.250522,0.064514,0.0
3.77957,0.00083069,0.317328,0.0723649,0.0
3.77941,0.000850287,0.367432,0.0815812,0.0
3.78033,0.000857254,0.417537,0.0829466,0.0
3.77964,0.000845404,0.300626,0.0706582,0.0
3.77928,0.0008303,0.317328,0.0723649,0.0
3.77961,0.000841433,0.417537,0.0829466,0.0
3.77983,0.000846706,0.23382,0.062466,0.0
3.77949,0.000854519,0.384134,0.0798745,0.0
3.78058,0.000866694,0.334029,0.074413,0.0
3.77889,0.000842605,0.283925,0.0686102,0.0
3.77863,0.000836355,0.467641,0.0877254,0.0
3.78041,0.000875744,0.283925,0.0686102,0.0
3.77982,0.000853412,0.300626,0.074413,0.0
3.77799,0.000840652,0.267223,0.0665621,0.0
3.7785,0.000846055,0.350731,0.0761197,0.0
3.77988,0.000905107,0.384134,0.0798745,0.0
3.77985,0.000840326,0.317328,0.0723649,0.0
3.77878,0.00083069,0.300626,0.0706582,0.0
3.77868,0.000877697,0.400835,0.0815812,0.0
3.77909,0.000857058,0.434238,0.0846533,0.0
3.77877,0.000826393,0.267223,0.0665621,0.0
3.77844,0.000831276,0.217119,0.0600766,0.0
3.77916,0.00083349,0.317328,0.0723649,0.0
3.78073,0.000839154,0.384134,0.0798745,0.0
3.77941,0.000828412,0.23382,0.062466,0.0
3.77944,0.000814479,0.267223,0.0665621,0.0
3.78074,0.000837917,0.350731,0.0761197,0.0
3.78076,0.000828672,0.317328,0.0723649,0.0
3.78045,0.000844883,0.467641,0.0877254,0.0
3.78013,0.000848464,0.317328,0.0723649,0.0
3.77926,0.000860704,0.283925,0.0727063,0.0
3.77849,0.000833555,0.400835,0.0815812,0.0
3.77912,0.000864415,0.400835,0.0815812,0.0
3.77931,0.000835508,0.250522,0.064514,0.0
3.77891,0.000829909,0.250522,0.064514,0.0
3.77973,0.000852371,0.384134,0.0798745,0.0
3.78021,0.000858751,0.517745,0.0925043,0.0
3.77968,0.000859467,0.400835,0.0815812,0.0
3.77941,0.000823789,0.250522,0.064514,0.0
3.77853,0.00084612,0.317328,0.0723649,0.0
3.77961,0.000868647,0.267223,0.0665621,0.0
3.77884,0.00083349,0.267223,0.0665621,0.0
3.77909,0.000849441,0.317328,0.0723649,0.0
3.77853,0.000819101,0.183716,0.0552977,0.0
3.7787,0.000848009,0.350731,0.0761197,0.0
3.77928,0.000849506,0.400835,0.0815812,0.0
3.77883,0.000846381,0.217119,0.0600766,0.0
3.77823,0.000825807,0.183716,0.0552977,0.0
3.77843,0.000812656,0.283925,0.0686102,0.0
3.77935,0.000831081,0.334029,0.074413,0.0
3.77976,0.00085836,0.484342,0.0894322,0.0
3.78048,0.000854194,0.350731,0.0761197,0.0
3.77946,0.000828932,0.267223,0.0665621,0.0
3.77804,0.000813502,0.250522,0.064514,0.0
3.77808,0.000812721,0.23382,0.062466,0.0
3.77912,0.00082164,0.350731,0.0761197,0.0
3.7793,0.000823854,0.23382,0.062466,0.0
3.77877,0.000840456,0.300626,0.0706582,0.0
3.77843,0.000820794,0.183716,0.0552977,0.0
3.77893,0.000844688,0.350731,0.0761197,0.0
3.77943,0.000851199,0.334029,0.0781678,0.0
3.77897,0.000828412,0.250522,0.064514,0.0
3.77832,0.000823333,0.317328,0.0723649,0.0
3.77967,0.00084293,0.317328,0.0723649,0.0
3.77904,0.000837526,0.283925,0.0686102,0.0
3.77913,0.000829714,0.283925,0.0686102,0.0
3.77914,0.000838503,0.167015,0.052567,0.0
3.77971,0.000830755,0.317328,0.0723649,0.0
3.77869,0.000827891,0.300626,0.0706582,0.0
3.77928,0.000826328,0.350731,0.0761197,0.0
3.7793,0.000858621,0.400835,0.0815812,0.0
3.77967,0.000865327,0.250522,0.064514,0.0
3.77862,0.000853282,0.250522,0.064514,0.0
3.77887,0.000836159,0.23382,0.062466,0.0
3.77968,0.000833295,0.300626,0.0706582,0.0
3.77985,0.000859207,0.417537,0.0829466,0.0
3.77889,0.000824961,0.267223,0.0665621,0.0
3.77905,0.000834401,0.317328,0.0723649,0.0
3.78084,0.00084879,0.467641,0.0877254,0.0
3.78041,0.000863504,0.267223,0.0665621,0.0
3.77884,0.000838763,0.200418,0.0576872,0.0
3.7798,0.000841172,0.334029,0.074413,0.0
3.78011,0.000869949,0.317328,0.0723649,0.0
3.77918,0.000826068,0.250522,0.064514,0.0
3.77797,0.000839349,0.317328,0.0723649,0.0
3.77861,0.000841303,0.367432,0.0778265,0.0
3.7783,0.000832057,0.283925,0.0686102,0.0
3.77934,0.000852696,0.334029,0.074413,0.0
3.78018,0.00082457,0.183716,0.0552977,0.0
3.78018,0.000829323,0.400835,0.0846533,0.0
3.77967,0.000846381,0.267223,0.0665621,0.0
3.77939,0.000840131,0.317328,0.0723649,0.0
3.77993,0.000838698,0.350731,0.0761197,0.0
3.77977,0.000831081,0.317328,0.0723649,0.0
3.78108,0.000836615,0.317328,0.0723649,0.0
3.78012,0.000834792,0.200418,0.0576872,0.0
3.78051,0.000820664,0.183716,0.0552977,0.0
3.78002,0.00084306,0.250522,0.064514,0.0
3.77865,0.000856082,0.250522,0.064514,0.0
3.77981,0.00083349,0.23382,0.062466,0.0
3.78084,0.000838568,0.300626,0.0706582,0.0
3.779,0.000842409,0.367432,0.0815812,0.0
3.77867,0.000809401,0.200418,0.0576872,0.0
3.77915,0.000807512,0.11691,0.0440334,0.0
3.77752,0.000823919,0.250522,0.064514,0.0
3.77884,0.00081526,0.267223,0.0665621,0.0
3.7803,0.000814869,0.317328,0.0723649,0.0
3.77969,0.000811289,0.283925,0.0686102,0.0
3.77938,0.000825026,0.267223,0.0665621,0.0
3.77982,0.000827109,0.23382,0.062466,0.0
3.77933,0.000804322,0.23382,0.062466,0.0
3.78016,0.000809986,0.23382,0.062466,0.0
3.78013,0.000828542,0.283925,0.0686102,0.0
3.78012,0.000820469,0.317328,0.0723649,0.0
3.77976,0.000815455,0.317328,0.0723649,0.0
3.77939,0.000806861,0.283925,0.0686102,0.0
3.77964,0.000814088,0.217119,0.0600766,0.0
3.7801,0.000823854,0.317328,0.0723649,0.0
3.7814,0.000833555,0.23382,0.062466,0.0
3.78015,0.00083043,0.200418,0.0576872,0.0
3.77898,0.000813632,0.150313,0.0501776,0.0
3.77988,0.000805234,0.200418,0.0576872,0.0
3.77986,0.000797877,0.217119,0.0600766,0.0
3.77993,0.000817083,0.200418,0.0576872,0.0
3.7806,0.000813242,0.23382,0.062466,0.0
3.78016,0.000831211,0.250522,0.064514,0.0
3.77993,0.000810312,0.183716,0.0552977,0.0
3.77924,0.000794035,0.200418,0.0576872,0.0
3.78016,0.000821901,0.317328,0.0723649,0.0
3.78031,0.000844753,0.23382,0.062466,0.0
3.78043,0.000795403,0.167015,0.052567,0.0
3.78117,0.000838633,0.334029,0.074413,0.0
3.78165,0.000843581,0.283925,0.0686102,0.0
3.78091,0.000806275,0.250522,0.064514,0.0
3.78103,0.000836355,0.23382,0.062466,0.0
3.78095,0.000826589,0.334029,0.074413,0.0
3.78106,0.000837071,0.300626,0.074413,0.0
3.78082,0.000805429,0.283925,0.0686102,0.0
3.77997,0.00080901,0.167015,0.052567,0.0
3.78005,0.000816497,0.267223,0.0665621,0.0
3.78065,0.000835834,0.183716,0.0552977,0.0
3.77951,0.000794817,0.183716,0.0552977,0.0
3.77989,0.000819036,0.217119,0.0600766,0.0
3.78061,0.00084892,0.23382,0.062466,0.0
3.7811,0.000813177,0.217119,0.0600766,0.0
3.78033,0.00078733,0.183716,0.0552977,0.0
3.78107,0.000823463,0.334029,0.074413,0.0
3.78133,0.000807317,0.283925,0.0686102,0.0
3.78004,0.000786223,0.183716,0.0552977,0.0
3.78037,0.000812851,0.217119,0.064514,0.0
3.78077,0.000810638,0.267223,0.0665621,0.0
3.78111,0.000818971,0.317328,0.0723649,0.0
3.781,0.000812591,0.217119,0.0600766,0.0
3.78127,0.000824961,0.217119,0.0600766,0.0
3.78034,0.000801392,0.217119,0.0600766,0.0
3.78074,0.000822161,0.250522,0.064514,0.0
3.78037,0.000809335,0.300626,0.0706582,0.0
3.78014,0.000816823,0.217119,0.0600766,0.0
3.78047,0.000808098,0.217119,0.0600766,0.0
3.78149,0.000826589,0.400835,0.0815812,0.0
3.78149,0.000846511,0.217119,0.0600766,0.0
3.781,0.00085211,0.384134,0.0798745,0.0
3.78153,0.000839089,0.183716,0.0552977,0.0
3.78212,0.000843712,0.384134,0.083288,0.0
3.78147,0.000862592,0.23382,0.062466,0.0
3.78091,0.000822552,0.367432,0.0778265,0.0
3.78078,0.000819752,0.183716,0.0552977,0.0
3.77926,0.000806926,0.200418,0.0576872,0.0
3.77983,0.000810442,0.183716,0.0552977,0.0
3.78214,0.000804843,0.200418,0.0576872,0.0
3.78189,0.000807773,0.217119,0.0600766,0.0
3.77987,0.000813698,0.200418,0.0576872,0.0
3.78092,0.000808424,0.217119,0.0600766,0.0
3.78128,0.00082444,0.300626,0.0706582,0.0
3.78204,0.000834922,0.350731,0.0761197,0.0
3.78246,0.000809856,0.200418,0.0576872,0.0
3.7812,0.000816627,0.334029,0.074413,0.0
3.78145,0.000805494,0.0835073,0.0372065,0.0
3.78109,0.000782967,0.167015,0.052567,0.0
3.78122,0.000815195,0.300626,0.0706582,0.0
3.78242,0.000812656,0.150313,0.0501776,0.0
3.78147,0.000816432,0.267223,0.0665621,0.0
3.78106,0.000811419,0.183716,0.0552977,0.0
3.78144,0.000794882,0.11691,0.0440334,0.0
3.78112,0.000783293,0.167015,0.052567,0.0
3.78183,0.000816888,0.200418,0.0576872,0.0
3.78214,0.00080302,0.200418,0.0576872,0.0
3.78215,0.000807643,0.167015,0.052567,0.0
3.78099,0.000813763,0.300626,0.0706582,0.0
3.78219,0.000803867,0.133612,0.0471055,0.0
3.7825,0.000803085,0.200418,0.0576872,0.0
3.78125,0.000795793,0.183716,0.0552977,0.0
3.78107,0.000808229,0.217119,0.0600766,0.0
3.7814,0.000796444,0.150313,0.0501776,0.0
3.7818,0.000810312,0.250522,0.064514,0.0
3.78115,0.000817278,0.200418,0.0576872,0.0
3.78152,0.000820273,0.350731,0.0761197,0.0
3.78153,0.000811809,0.23382,0.062466,0.0
3.78199,0.000810442,0.133612,0.0471055,0.0
3.78293,0.000801588,0.200418,0.0576872,0.0
3.78249,0.000806471,0.183716,0.0552977,0.0
3.78278,0.000794817,0.250522,0.064514,0.0
3.78352,0.0008456,0.300626,0.0706582,0.0
3.78254,0.000812656,0.250522,0.064514,0.0
3.78216,0.000815651,0.267223,0.0665621,0.0
3.78347,0.000826914,0.217119,0.0600766,0.0
3.78237,0.000799309,0.167015,0.052567,0.0
3.78148,0.000784595,0.167015,0.052567,0.0
3.7822,0.000803801,0.11691,0.0440334,0.0
3.78172,0.000806861,0.167015,0.052567,0.0
3.78197,0.000787915,0.200418,0.0576872,0.0
3.78268,0.00079677,0.150313,0.0501776,0.0
3.78187,0.000830495,0.300626,0.0706582,0.0
3.78216,0.000816692,0.200418,0.0576872,0.0
3.78255,0.000819752,0.23382,0.062466,0.0
3.78339,0.000809531,0.200418,0.0576872,0.0
3.78361,0.000829453,0.23382,0.062466,0.0
3.78364,0.000813632,0.23382,0.062466,0.0
3.78346,0.000815586,0.183716,0.0552977,0.0
3.78353,0.000785376,0.23382,0.062466,0.0
3.78272,0.00079397,0.167015,0.052567,0.0
3.78248,0.000787069,0.150313,0.0501776,0.0
3.78276,0.000812461,0.150313,0.0552977,0.0
3.78362,0.000800546,0.23382,0.062466,0.0
3.78352,0.000802825,0.200418,0.062466,0.0
3.78326,0.000805104,0.250522,0.064514,0.0
3.78327,0.000788567,0.267223,0.0665621,0.0
3.78357,0.000800416,0.167015,0.052567,0.0
3.78376,0.00079371,0.250522,0.064514,0.0
3.78395,0.000786483,0.150313,0.0501776,0.0
3.78369,0.000795598,0.167015,0.052567,0.0
3.7835,0.00080302,0.183716,0.0552977,0.0
3.78351,0.000799374,0.11691,0.0440334,0.0
3.78341,0.000779582,0.133612,0.0471055,0.0
3.78352,0.000777564,0.167015,0.052567,0.0
3.78343,0.000805624,0.167015,0.052567,0.0
3.78288,0.000799049,0.183716,0.0552977,0.0
3.7825,0.000785962,0.150313,0.0501776,0.0
3.78268,0.000803867,0.11691,0.0440334,0.0
3.78289,0.000814218,0.183716,0.0552977,0.0
3.78297,0.000818125,0.23382,0.062466,0.0
3.78274,0.000806796,0.100209,0.0409613,0.0
3.7826,0.000814739,0.150313,0.0501776,0.0
3.78406,0.000817148,0.250522,0.064514,0.0
3.78402,0.000803541,0.200418,0.0576872,0.0
3.7837,0.00079677,0.167015,0.052567,0.0
3.78481,0.00080302,0.300626,0.0706582,0.0
3.78515,0.00080888,0.23382,0.062466,0.0
3.78395,0.000791496,0.200418,0.0576872,0.0
3.78395,0.000822552,0.183716,0.0552977,0.0
3.78387,0.00078785,0.200418,0.0576872,0.0
3.78391,0.00077815,0.250522,0.064514,0.0
3.78435,0.000803281,0.200418,0.0576872,0.0
3.78441,0.000797747,0.200418,0.0576872,0.0
3.78414,0.000785116,0.167015,0.052567,0.0
3.78434,0.000788371,0.217119,0.0600766,0.0
3.78519,0.000812265,0.317328,0.0723649,0.0
3.7844,0.00081526,0.183716,0.0552977,0.0
3.7846,0.00083694,0.250522,0.064514,0.0
3.7843,0.000798658,0.100209,0.0409613,0.0
3.78455,0.000803801,0.267223,0.0665621,0.0
3.78447,0.000798658,0.11691,0.0440334,0.0
3.7835,0.000822552,0.200418,0.062466,0.0
3.78291,0.000811028,0.183716,0.0552977,0.0
3.78353,0.000766561,0.133612,0.0471055,0.0
3.7838,0.000799439,0.183716,0.0600766,0.0
3.7841,0.000795793,0.11691,0.0440334,0.0
3.78446,0.000796705,0.100209,0.0409613,0.0
3.7848,0.000810247,0.183716,0.0552977,0.0
3.78502,0.000796054,0.183716,0.0552977,0.0
3.7854,0.000798788,0.150313,0.0501776,0.0
3.78445,0.000798007,0.11691,0.0440334,0.0
3.78537,0.00080927,0.200418,0.0576872,0.0
3.78546,0.000799439,0.200418,0.0576872,0.0
3.78486,0.0007844,0.133612,0.0471055,0.0
3.785,0.000793775,0.133612,0.0471055,0.0
3.78507,0.000774113,0.150313,0.0501776,0.0
3.78491,0.000804843,0.23382,0.062466,0.0
3.78483,0.000808684,0.11691,0.0440334,0.0
3.78529,0.000801132,0.200418,0.0576872,0.0
3.7842,0.000787785,0.100209,0.0409613,0.0
3.78467,0.000811158,0.167015,0.052567,0.0
3.78632,0.000803867,0.100209,0.0409613,0.0
3.78535,0.000779712,0.11691,0.0440334,0.0
3.7856,0.000804778,0.167015,0.052567,0.0
3.78633,0.000780754,0.11691,0.0440334,0.0
3.78602,0.00077548,0.200418,0.0576872,0.0
3.78494,0.000780493,0.0668058,0.0334517,0.0
3.78636,0.000820794,0.167015,0.052567,0.0
3.7867,0.000816953,0.200418,0.0576872,0.0
3.78527,0.000785572,0.11691,0.0440334,0.0
3.78535,0.000793775,0.217119,0.0600766,0.0
3.78594,0.000789804,0.150313,0.0501776,0.0
3.78623,0.000786874,0.167015,0.052567,0.0
3.78641,0.000791301,0.11691,0.0440334,0.0
3.78602,0.000807447,0.200418,0.0576872,0.0
3.78586,0.000811354,0.100209,0.0409613,0.0
3.78687,0.000789999,0.150313,0.0501776,0.0
3.78673,0.000823203,0.200418,0.0576872,0.0
3.78646,0.000831667,0.217119,0.0600766,0.0
3.78726,0.000823008,0.200418,0.0576872,0.0
3.78574,0.000786223,0.100209,0.0409613,0.0
3.78621,0.000763045,0.11691,0.0440334,0.0
3.78623,0.000781275,0.0835073,0.0372065,0.0
3.78625,0.000795272,0.167015,0.052567,0.0
3.78645,0.000792473,0.217119,0.0600766,0.0
3.78666,0.000812395,0.267223,0.0665621,0.0
3.78696,0.000797421,0.167015,0.052567,0.0
3.78656,0.000783814,0.133612,0.0471055,0.0
3.78704,0.000800155,0.100209,0.0409613,0.0
3.78715,0.000767081,0.150313,0.0501776,0.0
3.78683,0.000795924,0.183716,0.0552977,0.0
3.78688,0.000800155,0.23382,0.062466,0.0
3.78725,0.00079996,0.183716,0.0552977,0.0
3.78747,0.000792603,0.167015,0.052567,0.0
3.7871,0.000797226,0.183716,0.0552977,0.0
3.78678,0.000778801,0.0835073,0.0372065,0.0
3.78716,0.00078173,0.167015,0.052567,0.0
3.78758,0.000774113,0.150313,0.0501776,0.0
3.78692,0.000782642,0.183716,0.0552977,0.0
3.7874,0.000796054,0.167015,0.052567,0.0
3.789,0.000827826,0.300626,0.0706582,0.0
3.7879,0.000819101,0.133612,0.0471055,0.0
3.78667,0.000806341,0.183716,0.0552977,0.0
3.78819,0.000816041,0.167015,0.052567,0.0
3.78792,0.0007844,0.133612,0.0471055,0.0
3.78796,0.000787785,0.250522,0.064514,0.0
3.78837,0.000813632,0.267223,0.0665621,0.0
3.7874,0.000791301,0.150313,0.0501776,0.0
3.78776,0.000803867,0.133612,0.0471055,0.0
3.7876,0.000813893,0.100209,0.0409613,0.0
3.7881,0.000786744,0.217119,0.0600766,0.0
3.7881,0.000806536,0.167015,0.052567,0.0
3.78729,0.000821706,0.217119,0.0600766,0.0
3.78694,0.000797877,0.183716,0.0552977,0.0
3.78715,0.000791627,0.133612,0.0471055,0.0
3.78834,0.000798332,0.200418,0.0576872,0.0
3.78822,0.000787199,0.11691,0.0440334,0.0
3.78723,0.0007816,0.133612,0.0471055,0.0
3.78752,0.000779256,0.167015,0.052567,0.0
3.78862,0.000798593,0.217119,0.0600766,0.0
3.7888,0.000796379,0.23382,0.062466,0.0
3.78887,0.000793189,0.150313,0.0501776,0.0
3.7887,0.000777629,0.200418,0.0576872,0.0
3.78894,0.000786678,0.217119,0.0600766,0.0
3.78896,0.000780884,0.150313,0.0501776,0.0
3.78878,0.000786744,0.100209,0.0409613,0.0
3.78883,0.000797942,0.11691,0.0440334,0.0
3.78992,0.000794231,0.133612,0.0471055,0.0
3.78925,0.000797486,0.100209,0.0409613,0.0
3.78926,0.000794296,0.200418,0.0576872,0.0
3.79036,0.000779387,0.267223,0.0665621,0.0
3.7894,0.000788111,0.100209,0.0409613,0.0
3.78922,0.000797226,0.0668058,0.0334517,0.0
3.78962,0.000801262,0.23382,0.062466,0.0
3.78944,0.000749828,0.0501044,0.0290142,0.0
3.78893,0.000781665,0.0835073,0.0372065,0.0
3.79004,0.000782772,0.11691,0.0440334,0.0
3.79009,0.000778866,0.150313,0.0501776,0.0
3.78939,0.000777824,0.11691,0.0440334,0.0
3.78937,0.000772616,0.150313,0.0501776,0.0
3.78937,0.000790259,0.133612,0.0471055,0.0
3.79068,0.000806536,0.133612,0.0471055,0.0
3.79104,0.000788632,0.183716,0.0552977,0.0
3.79011,0.000774504,0.167015,0.052567,0.0
3.79041,0.000803541,0.167015,0.052567,0.0
3.79119,0.000800872,0.133612,0.0471055,0.0
3.78951,0.000804908,0.200418,0.0576872,0.0
3.78966,0.000787915,0.150313,0.0501776,0.0
3.79128,0.000801978,0.167015,0.052567,0.0
3.79088,0.000821966,0.150313,0.0501776,0.0
3.79015,0.000784009,0.150313,0.0501776,0.0
3.79063,0.000766365,0.0835073,0.0372065,0.0
3.79097,0.000801262,0.183716,0.0552977,0.0
3.79097,0.000793384,0.100209,0.0409613,0.0
3.79064,0.000765519,0.133612,0.0471055,0.0
3.79121,0.000770337,0.133612,0.0471055,0.0
3.79042,0.000788111,0.183716,0.0552977,0.0
3.79029,0.000765389,0.100209,0.0409613,0.0
3.79155,0.000799114,0.183716,0.0552977,0.0
3.7911,0.000755558,0.0501044,0.0290142,0.0
3.79164,0.000793254,0.150313,0.0501776,0.0
3.79185,0.000795207,0.133612,0.0471055,0.0
3.78967,0.000786613,0.133612,0.0471055,0.0
3.78935,0.000801197,0.133612,0.0471055,0.0
3.79084,0.000807122,0.167015,0.052567,0.0
3.78958,0.000777498,0.11691,0.0440334,0.0
3.79032,0.000783163,0.200418,0.0576872,0.0
3.79166,0.000819101,0.23382,0.062466,0.0
3.79203,0.00079384,0.200418,0.0576872,0.0
3.79081,0.000771118,0.11691,0.0440334,0.0
3.79046,0.000788306,0.133612,0.0471055,0.0
3.79166,0.000781144,0.133612,0.0471055,0.0
3.79106,0.000777564,0.150313,0.0501776,0.0
3.79103,0.000769035,0.133612,0.0471055,0.0
3.79216,0.000775545,0.0668058,0.0334517,0.0
3.79218,0.000774959,0.200418,0.0576872,0.0
3.79219,0.000789087,0.133612,0.0471055,0.0
3.79216,0.000779647,0.0835073,0.0372065,0.0
3.79228,0.000776717,0.150313,0.0501776,0.0
3.79254,0.000781665,0.133612,0.0471055,0.0
3.79284,0.000796054,0.133612,0.0471055,0.0
3.79217,0.000773918,0.0668058,0.0334517,0.0
3.79147,0.000796249,0.200418,0.0576872,0.0
3.7909,0.000777043,0.133612,0.0471055,0.0
3.79282,0.000758878,0.200418,0.0576872,0.0
3.79259,0.000776131,0.150313,0.0501776,0.0
3.79241,0.000801392,0.200418,0.062466,0.0
3.79205,0.000798072,0.0835073,0.0372065,0.0
3.79254,0.000789348,0.200418,0.0576872,0.0
3.79182,0.000749893,0.11691,0.0440334,0.0
3.79163,0.00076643,0.167015,0.052567,0.0
3.79232,0.000800221,0.133612,0.0471055,0.0
3.79322,0.000794426,0.133612,0.0471055,0.0
3.79271,0.000792408,0.150313,0.0501776,0.0
3.79313,0.000807057,0.200418,0.0576872,0.0
3.79305,0.00080289,0.100209,0.0409613,0.0
3.79206,0.000780363,0.150313,0.0501776,0.0
3.79231,0.000776717,0.0835073,0.0372065,0.0
3.79345,0.000763761,0.133612,0.0471055,0.0
3.79471,0.000799895,0.200418,0.0576872,0.0
3.79415,0.000767667,0.0668058,0.0334517,0.0
3.79324,0.000767993,0.133612,0.0471055,0.0
3.79374,0.000773983,0.0835073,0.0372065,0.0
3.79412,0.000776587,0.217119,0.0600766,0.0
3.79422,0.000786223,0.0835073,0.0372065,0.0
3.7929,0.000760441,0.133612,0.0471055,0.0
3.79306,0.000793515,0.100209,0.0409613,0.0
3.7941,0.000768709,0.0835073,0.0372065,0.0
3.79382,0.000764998,0.0835073,0.0372065,0.0
3.79414,0.000771509,0.133612,0.0471055,0.0
3.79438,0.000767863,0.217119,0.0600766,0.0
3.79406,0.00077867,0.0668058,0.0334517,0.0
3.79378,0.000781665,0.150313,0.0501776,0.0
3.79377,0.000773201,0.0835073,0.0372065,0.0
3.79428,0.000810833,0.167015,0.052567,0.0
3.79398,0.000799179,0.133612,0.0471055,0.0
3.79445,0.000823659,0.283925,0.0727063,0.0
3.79506,0.000780233,0.0835073,0.0372065,0.0
3.79356,0.000795142,0.0668058,0.0334517,0.0
3.79388,0.00077828,0.11691,0.0440334,0.0
3.79487,0.000794752,0.133612,0.0471055,0.0
3.79479,0.000777694,0.0668058,0.0334517,0.0
3.79492,0.000764803,0.11691,0.0440334,0.0
3.795,0.000795403,0.11691,0.0440334,0.0
3.79477,0.000790715,0.183716,0.0552977,0.0
3.79611,0.000790975,0.100209,0.0409613,0.0
3.79518,0.000777498,0.183716,0.0552977,0.0
3.79414,0.000779712,0.133612,0.0471055,0.0
3.79515,0.000777889,0.133612,0.0471055,0.0
3.79558,0.000782447,0.133612,0.0471055,0.0
3.79438,0.00077522,0.0668058,0.0334517,0.0
3.79562,0.000748982,0.133612,0.0471055,0.0
3.79623,0.000785572,0.100209,0.0409613,0.0
3.7954,0.000777629,0.133612,0.0471055,0.0
3.79538,0.000773397,0.11691,0.0440334,0.0
3.79544,0.000771834,0.150313,0.0501776,0.0
3.79502,0.00079397,0.133612,0.0471055,0.0
3.7953,0.000783228,0.0334029,0.0235527,0.0
3.79547,0.000766691,0.0167015,0.0167259,0.0
3.79645,0.000785572,0.23382,0.062466,0.0
3.79674,0.00079371,0.11691,0.0440334,0.0
3.79554,0.000774438,0.0167015,0.0167259,0.0
3.79605,0.000769035,0.0501044,0.0290142,0.0
3.7968,0.000764087,0.100209,0.0409613,0.0
3.79641,0.000774569,0.0835073,0.0372065,0.0
3.79615,0.000788501,0.0835073,0.0372065,0.0
3.79672,0.000773983,0.133612,0.0471055,0.0
3.79693,0.000769751,0.0835073,0.0372065,0.0
3.79653,0.000776001,0.133612,0.0471055,0.0
3.79723,0.000777498,0.167015,0.052567,0.0
3.79654,0.000798267,0.133612,0.0471055,0.0
3.7964,0.000797486,0.133612,0.0471055,0.0
3.79627,0.000793254,0.150313,0.0501776,0.0
3.79688,0.000765779,0.100209,0.0409613,0.0
3.7968,0.000766886,0.11691,0.0440334,0.0
3.7969,0.000763045,0.0835073,0.0372065,0.0
3.7972,0.000770207,0.0668058,0.0334517,0.0
3.79766,0.000757511,0.133612,0.0471055,0.0
3.79617,0.00076298,0.0668058,0.0334517,0.0
3.79688,0.00075406,0.100209,0.0409613,0.0
3.79822,0.00076311,0.0334029,0.0235527,0.0
3.79741,0.000773267,0.100209,0.0409613,0.0
3.79697,0.000783749,0.100209,0.0409613,0.0
3.79693,0.000764803,0.167015,0.052567,0.0
3.79687,0.000754386,0.100209,0.0409613,0.0
3.79795,0.000770662,0.133612,0.0471055,0.0
3.79831,0.000798984,0.133612,0.0471055,0.0
3.79885,0.000799635,0.267223,0.0665621,0.0
3.79922,0.000767798,0.11691,0.0440334,0.0
3.79843,0.000766691,0.0835073,0.0372065,0.0
3.79855,0.00078772,0.0668058,0.0334517,0.0
3.79866,0.000779647,0.0835073,0.0372065,0.0
3.79776,0.000771444,0.0835073,0.0372065,0.0
3.79826,0.00077203,0.0668058,0.0334517,0.0
3.79833,0.000781991,0.0668058,0.0334517,0.0
3.79683,0.000771639,0.11691,0.0440334,0.0
3.79793,0.000765324,0.133612,0.0471055,0.0
3.79827,0.000759985,0.100209,0.0409613,0.0
3.79844,0.000768644,0.11691,0.0440334,0.0
3.79865,0.00074488,0.0668058,0.0334517,0.0
3.79765,0.000748917,0.100209,0.0409613,0.0
3.79758,0.000767472,0.0835073,0.0372065,0.0
3.79813,0.000786093,0.100209,0.0409613,0.0
3.79907,0.000803932,0.183716,0.0552977,0.0
3.79947,0.000773983,0.133612,0.0471055,0.0
3.79894,0.000766365,0.0668058,0.0334517,0.0
3.79863,0.000762589,0.133612,0.0471055,0.0
3.79823,0.000783098,0.100209,0.0409613,0.0
3.79815,0.000763826,0.167015,0.052567,0.0
3.79953,0.000774243,0.150313,0.0501776,0.0
3.79933,0.000779907,0.11691,0.0440334,0.0
3.80017,0.000788111,0.11691,0.0440334,0.0
3.80004,0.000770207,0.0501044,0.0290142,0.0
3.79993,0.000788632,0.200418,0.062466,0.0
3.80041,0.000778019,0.100209,0.0409613,0.0
3.79984,0.000772681,0.133612,0.0471055,0.0
3.80005,0.000796379,0.0835073,0.0372065,0.0
3.80087,0.000795989,0.100209,0.0409613,0.0
3.79925,0.00076643,0.0501044,0.0290142,0.0
3.79943,0.00076311,0.0835073,0.0372065,0.0
3.80067,0.000760245,0.0,0.0,0.0
3.80018,0.000761743,0.11691,0.0440334,0.0
3.79971,0.000759334,0.0835073,0.0372065,0.0
3.80017,0.000769425,0.0501044,0.0290142,0.0
3.79896,0.000785181,0.100209,0.0409613,0.0
3.80058,0.00076031,0.0835073,0.0372065,0.0
3.80089,0.000770207,0.0835073,0.0372065,0.0
3.79983,0.000785051,0.11691,0.0440334,0.0
3.80075,0.00077216,0.0501044,0.0290142,0.0
3.80002,0.000768188,0.11691,0.0440334,0.0
3.79995,0.000770141,0.0334029,0.0235527,0.0
3.8004,0.000764868,0.100209,0.0409613,0.0
3.80062,0.000767147,0.11691,0.0440334,0.0
3.8015,0.000793515,0.0835073,0.0372065,0.0
3.80078,0.000742471,0.0334029,0.0235527,0.0
3.80031,0.00076897,0.150313,0.0501776,0.0
3.80086,0.000779712,0.133612,0.0471055,0.0
3.80116,0.000776327,0.0668058,0.0334517,0.0
3.80092,0.000774438,0.133612,0.0471055,0.0
3.80155,0.000775415,0.133612,0.0471055,0.0
3.80068,0.000766691,0.0835073,0.0372065,0.0
3.80059,0.00076936,0.0668058,0.0334517,0.0
3.80261,0.000777759,0.100209,0.0409613,0.0
3.80193,0.000751521,0.0668058,0.0334517,0.0
3.80084,0.000770141,0.100209,0.0409613,0.0
3.80126,0.000767993,0.0167015,0.0167259,0.0
3.80236,0.000771118,0.100209,0.0409613,0.0
3.80186,0.000783163,0.133612,0.0471055,0.0
3.80158,0.000767407,0.0334029,0.0235527,0.0
3.80301,0.000758227,0.11691,0.0440334,0.0
3.80259,0.00075419,0.100209,0.0409613,0.0
3.80231,0.000754581,0.11691,0.0440334,0.0
3.80307,0.000761938,0.100209,0.0409613,0.0
3.80261,0.000773722,0.133612,0.0471055,0.0
3.80217,0.000784139,0.0835073,0.0372065,0.0
3.80233,0.000769946,0.150313,0.0501776,0.0
3.80268,0.000778084,0.0835073,0.0372065,0.0
3.8026,0.000785051,0.100209,0.0409613,0.0
3.80278,0.00079052,0.133612,0.0471055,0.0
3.80274,0.000774178,0.0668058,0.0334517,0.0
3.80322,0.000791431,0.183716,0.0552977,0.0
3.80284,0.000756795,0.0835073,0.0372065,0.0
3.80363,0.000763566,0.0668058,0.0334517,0.0
3.80273,0.000767993,0.0501044,0.0290142,0.0
3.8032,0.000779582,0.167015,0.052567,0.0
3.80369,0.000803932,0.100209,0.0409613,0.0
3.80393,0.000785897,0.0668058,0.0334517,0.0
3.80329,0.000785181,0.100209,0.0409613,0.0
3.80369,0.000773592,0.100209,0.0409613,0.0
3.80289,0.000767081,0.100209,0.0409613,0.0
3.80299,0.000790324,0.0835073,0.0372065,0.0
3.80463,0.000775285,0.133612,0.0471055,0.0
3.80341,0.000764347,0.100209,0.0409613,0.0
3.80298,0.000770597,0.0835073,0.0372065,0.0
3.80409,0.000783098,0.167015,0.052567,0.0
3.80403,0.000769686,0.100209,0.0409613,0.0
3.80449,0.000745792,0.0668058,0.0334517,0.0
3.80415,0.000752367,0.100209,0.0409613,0.0
3.80472,0.000765714,0.0334029,0.0235527,0.0
3.80443,0.000773787,0.0835073,0.0372065,0.0
3.80451,0.000777238,0.133612,0.0471055,0.0
3.8046,0.000771183,0.0668058,0.0334517,0.0
3.80423,0.000787981,0.11691,0.0440334,0.0
3.80385,0.000753149,0.0334029,0.0235527,0.0
3.80435,0.000772095,0.150313,0.0501776,0.0
3.80468,0.000769816,0.100209,0.0409613,0.0
3.80382,0.000759334,0.11691,0.0440334,0.0
3.8046,0.000762719,0.11691,0.0440334,0.0
3.8048,0.000760636,0.100209,0.0409613,0.0
3.80497,0.000772876,0.100209,0.0471055,0.0
3.80509,0.000750154,0.0668058,0.0334517,0.0
3.80439,0.000764347,0.11691,0.0440334,0.0
3.80563,0.00077854,0.150313,0.0501776,0.0
3.8062,0.000795142,0.0501044,0.0290142,0.0
3.8048,0.000757576,0.0668058,0.0334517,0.0
3.80473,0.00076031,0.133612,0.0471055,0.0
3.80596,0.000774243,0.11691,0.0440334,0.0
3.80595,0.000773397,0.0501044,0.0290142,0.0
3.80577,0.000795207,0.133612,0.0471055,0.0
3.8064,0.000777824,0.0835073,0.0372065,0.0
3.80618,0.000783553,0.11691,0.0440334,0.0
3.80656,0.000778215,0.150313,0.0501776,0.0
3.80685,0.000745466,0.100209,0.0409613,0.0
3.8054,0.000758748,0.0501044,0.0290142,0.0
3.80607,0.000754776,0.0835073,0.0372065,0.0
3.80603,0.000758032,0.0334029,0.0235527,0.0
3.80532,0.000764607,0.100209,0.0409613,0.0
3.80641,0.000760441,0.0668058,0.0334517,0.0
3.80642,0.000772485,0.0501044,0.0290142,0.0
3.80615,0.000770727,0.133612,0.0471055,0.0
3.80685,0.00075367,0.0501044,0.0290142,0.0
3.80636,0.000777108,0.0835073,0.0372065,0.0
3.80602,0.000762264,0.0835073,0.0372065,0.0
3.80628,0.000739151,0.0668058,0.0334517,0.0
3.80592,0.000746638,0.0334029,0.0235527,0.0
3.80683,0.000759008,0.150313,0.0501776,0.0
3.80701,0.000750219,0.0668058,0.0334517,0.0
3.80713,0.000739607,0.0501044,0.0290142,0.0
3.80692,0.000756469,0.0835073,0.0372065,0.0
3.80769,0.000781079,0.133612,0.0471055,0.0
3.80725,0.000751391,0.11691,0.0440334,0.0
3.80741,0.000770207,0.133612,0.0471055,0.0
3.80759,0.000763956,0.0835073,0.0372065,0.0
3.80767,0.000758813,0.100209,0.0409613,0.0
3.80745,0.000757055,0.0334029,0.0235527,0.0
3.80724,0.000742732,0.0334029,0.0235527,0.0
3.80751,0.000749307,0.0668058,0.0334517,0.0
3.80831,0.000766105,0.167015,0.052567,0.0
3.80797,0.000773462,0.100209,0.0409613,0.0
3.80734,0.000764087,0.0668058,0.0334517,0.0
3.80827,0.000759529,0.0835073,0.0372065,0.0
3.80788,0.000758878,0.0501044,0.0290142,0.0
3.80736,0.000749112,0.100209,0.0409613,0.0
3.80837,0.000773397,0.0668058,0.0334517,0.0
3.80918,0.000763175,0.0334029,0.0235527,0.0
3.80922,0.000767537,0.11691,0.0440334,0.0
3.80789,0.000784009,0.0668058,0.0334517,0.0
3.80897,0.000765454,0.0668058,0.0334517,0.0
3.80866,0.000776847,0.0668058,0.0334517,0.0
3.80922,0.000764152,0.0668058,0.0334517,0.0
3.80919,0.000762394,0.0501044,0.0290142,0.0
3.8086,0.00075367,0.0334029,0.0235527,0.0
3.80851,0.000768188,0.150313,0.0501776,0.0
3.80909,0.000757902,0.0334029,0.0235527,0.0
3.80886,0.000774178,0.133612,0.0471055,0.0
3.80874,0.000758553,0.0668058,0.0334517,0.0
3.80916,0.000760506,0.0835073,0.0372065,0.0
3.80849,0.000747159,0.0334029,0.0235527,0.0
3.80889,0.000759855,0.167015,0.052567,0.0
3.80999,0.00076018,0.0501044,0.0290142,0.0
3.81001,0.000776847,0.167015,0.052567,0.0
3.80933,0.00075393,0.0334029,0.0235527,0.0
3.80942,0.000771378,0.133612,0.0471055,0.0
3.81062,0.000768253,0.133612,0.0471055,0.0
3.80945,0.000758292,0.0835073,0.0372065,0.0
3.80901,0.000757967,0.100209,0.0409613,0.0
3.81012,0.000760766,0.100209,0.0409613,0.0
3.80968,0.000778019,0.0835073,0.0372065,0.0
3.81004,0.000761222,0.100209,0.0409613,0.0
3.81022,0.000789869,0.100209,0.0409613,0.0
3.81011,0.000766691,0.0501044,0.0290142,0.0
3.80984,0.000769425,0.0668058,0.0334517,0.0
3.81003,0.000771704,0.0501044,0.0290142,0.0
3.81117,0.000772095,0.11691,0.0440334,0.0
3.81114,0.000771248,0.0501044,0.0290142,0.0
3.81065,0.000758292,0.0501044,0.0290142,0.0
3.81057,0.000768644,0.0668058,0.0334517,0.0
3.81107,0.000766365,0.133612,0.0471055,0.0
3.81092,0.00077522,0.0501044,0.0290142,0.0
3.81189,0.00076005,0.0668058,0.0334517,0.0
3.81111,0.000775155,0.0668058,0.0334517,0.0
3.81072,0.000757641,0.100209,0.0409613,0.0
3.81143,0.000738435,0.0334029,0.0235527,0.0
3.81193,0.000752888,0.0835073,0.0372065,0.0
3.81136,0.00078746,0.100209,0.0409613,0.0
3.81133,0.000780558,0.11691,0.0440334,0.0
3.81074,0.000750349,0.0334029,0.0235527,0.0
3.81145,0.000751326,0.133612,0.0471055,0.0
3.81241,0.00076324,0.0501044,0.0290142,0.0
3.81083,0.000765454,0.100209,0.0409613,0.0
3.81049,0.000764607,0.0835073,0.0372065,0.0
3.81097,0.000763045,0.0334029,0.0235527,0.0
3.81066,0.00076923,0.0835073,0.0372065,0.0
3.81223,0.000776196,0.0501044,0.0290142,0.0
3.81284,0.000765193,0.11691,0.0440334,0.0
3.8117,0.000754776,0.0334029,0.0235527,0.0
3.8111,0.000748591,0.0334029,0.0235527,0.0
3.81182,0.000748917,0.0501044,0.0290142,0.0
3.81264,0.000748787,0.0668058,0.0334517,0.0
3.81247,0.000780819,0.100209,0.0409613,0.0
3.81268,0.000760115,0.0835073,0.0372065,0.0
3.81252,0.000746443,0.0501044,0.0290142,0.0
3.81216,0.000766691,0.100209,0.0409613,0.0
3.81266,0.000764021,0.0835073,0.0372065,0.0
3.81304,0.000765584,0.0835073,0.0372065,0.0
3.81369,0.000754711,0.0501044,0.0290142,0.0
3.81278,0.000759724,0.0334029,0.0235527,0.0
3.81313,0.000765259,0.100209,0.0409613,0.0
3.81309,0.000747615,0.0668058,0.0334517,0.0
3.81201,0.000752823,0.0668058,0.0334517,0.0
3.81298,0.000754451,0.100209,0.0409613,0.0
3.81277,0.000758553,0.0501044,0.0290142,0.0
3.81257,0.00076005,0.0835073,0.0372065,0.0
3.81408,0.000763566,0.0668058,0.0334517,0.0
3.81355,0.000754516,0.100209,0.0409613,0.0
3.81276,0.000774178,0.0835073,0.0372065,0.0
3.8128,0.000771574,0.100209,0.0409613,0.0
3.81319,0.000776001,0.133612,0.0471055,0.0
3.81353,0.000761222,0.0167015,0.0167259,0.0
3.81385,0.000748982,0.0668058,0.0334517,0.0
3.81501,0.00074794,0.100209,0.0409613,0.0
3.81445,0.000771118,0.100209,0.0409613,0.0
3.81366,0.000775871,0.0835073,0.0372065,0.0
3.81488,0.000758618,0.0835073,0.0372065,0.0
3.81503,0.000755818,0.0334029,0.0235527,0.0
3.81504,0.000756144,0.11691,0.0440334,0.0
3.8145,0.000771248,0.0668058,0.0334517,0.0
3.81466,0.000762784,0.100209,0.0409613,0.0
3.81569,0.000779191,0.11691,0.0440334,0.0
3.81481,0.000792147,0.0668058,0.0334517,0.0
3.81476,0.000779647,0.0501044,0.0290142,0.0
3.81535,0.000762784,0.0835073,0.0372065,0.0
3.81538,0.000773071,0.133612,0.0471055,0.0
3.81468,0.000779126,0.100209,0.0409613,0.0
3.81507,0.000748982,0.11691,0.0440334,0.0
3.81604,0.000759659,0.0501044,0.0290142,0.0
3.81583,0.000766105,0.183716,0.0552977,0.0
3.81478,0.000768123,0.0334029,0.0235527,0.0
3.81497,0.000783163,0.0668058,0.0334517,0.0
3.81541,0.000769816,0.0501044,0.0290142,0.0
3.81485,0.000756599,0.0334029,0.0235527,0.0
3.81491,0.000768904,0.0501044,0.0290142,0.0
3.81607,0.000774569,0.0835073,0.0372065,0.0
3.81626,0.000779712,0.100209,0.0409613,0.0
3.81512,0.000768579,0.150313,0.0501776,0.0
3.81612,0.000770662,0.0668058,0.0334517,0.0
3.81613,0.000767733,0.11691,0.0440334,0.0
3.8167,0.000743253,0.0835073,0.0372065,0.0
3.81589,0.000742211,0.0501044,0.0290142,0.0
3.8162,0.000753539,0.0501044,0.0290142,0.0
3.81706,0.000747419,0.0,0.0,0.0
3.81541,0.000733877,0.0334029,0.0235527,0.0
3.81667,0.000751977,0.0668058,0.0334517,0.0
3.81782,0.000746182,0.0501044,0.0290142,0.0
3.81807,0.000752172,0.100209,0.0409613,0.0
3.81694,0.000723786,0.0668058,0.0334517,0.0
3.81732,0.000758813,0.0501044,0.0290142,0.0
3.81757,0.00076936,0.0668058,0.0334517,0.0
3.81755,0.000766561,0.0835073,0.0372065,0.0
3.81833,0.000762589,0.11691,0.0440334,0.0
3.81753,0.000770141,0.0334029,0.0235527,0.0
3.81675,0.000757185,0.0501044,0.0290142,0.0
3.81715,0.000755818,0.0668058,0.0334517,0.0
3.81807,0.000747485,0.0501044,0.0290142,0.0
3.81673,0.000743839,0.0835073,0.0372065,0.0
3.81747,0.000748136,0.0501044,0.0290142,0.0
3.81704,0.000745987,0.0668058,0.0334517,0.0
3.81741,0.00074475,0.0835073,0.0372065,0.0
3.81724,0.000734593,0.11691,0.0440334,0.0
3.81695,0.000739411,0.100209,0.0409613,0.0
3.81663,0.000759204,0.0167015,0.0167259,0.0
3.81781,0.000760831,0.150313,0.0501776,0.0
3.81877,0.000759008,0.0668058,0.0334517,0.0
3.81863,0.000755493,0.0835073,0.0372065,0.0
3.81884,0.000771704,0.11691,0.0440334,0.0
3.8186,0.000792082,0.100209,0.0409613,0.0
3.81864,0.000773983,0.133612,0.0471055,0.0
3.81945,0.00076617,0.0835073,0.0372065,0.0
3.8189,0.000748396,0.0334029,0.0235527,0.0
3.81835,0.000769035,0.0167015,0.0167259,0.0
3.81892,0.00076897,0.133612,0.0471055,0.0
3.81884,0.000753279,0.0668058,0.0334517,0.0
3.81915,0.000771769,0.0835073,0.0372065,0.0
3.8199,0.000757706,0.0668058,0.0334517,0.0
3.81903,0.000765844,0.0501044,0.0290142,0.0
3.81993,0.000754972,0.0835073,0.0372065,0.0
3.82084,0.000761547,0.11691,0.0440334,0.0
3.81956,0.000748136,0.0501044,0.0290142,0.0
3.81946,0.000755948,0.0835073,0.0372065,0.0
3.81902,0.000741885,0.0501044,0.0290142,0.0
3.81942,0.000780624,0.11691,0.0440334,0.0
3.81964,0.000779061,0.133612,0.0471055,0.0
3.81988,0.000764412,0.100209,0.0409613,0.0
3.81971,0.000769946,0.0334029,0.0235527,0.0
3.82009,0.000758748,0.0668058,0.0334517,0.0
3.82003,0.000760766,0.11691,0.0440334,0.0
3.8197,0.000747159,0.0501044,0.0290142,0.0
3.82025,0.000758032,0.0501044,0.0290142,0.0
3.81944,0.000789283,0.11691,0.0440334,0.0
3.81994,0.000754711,0.0334029,0.0235527,0.0
3.8205,0.000741039,0.0334029,0.0235527,0.0
3.82072,0.000740128,0.0167015,0.0167259,0.0
3.82005,0.000747289,0.0501044,0.0290142,0.0
3.82046,0.000752107,0.0668058,0.0334517,0.0
3.82152,0.000740323,0.0334029,0.0235527,0.0
3.82165,0.00076298,0.100209,0.0409613,0.0
3.82171,0.000760441,0.0835073,0.0372065,0.0
3.82121,0.000763891,0.0668058,0.0334517,0.0
3.82099,0.000745857,0.100209,0.0409613,0.0
3.82205,0.000742862,0.0835073,0.0372065,0.0
3.82069,0.000739607,0.0501044,0.0290142,0.0
3.82017,0.000763501,0.0835073,0.0372065,0.0
3.82098,0.000750219,0.0501044,0.0290142,0.0
3.82116,0.000747875,0.0334029,0.0235527,0.0
3.82102,0.000734724,0.0501044,0.0290142,0.0
3.821,0.000752823,0.0,0.0,0.0
3.8218,0.000754776,0.0668058,0.0334517,0.0
3.82189,0.000753539,0.0668058,0.0334517,0.0
3.8216,0.000779061,0.0501044,0.0290142,0.0
3.82189,0.000771378,0.0334029,0.0235527,0.0
3.8216,0.000764021,0.11691,0.0440334,0.0
3.82195,0.000763501,0.0501044,0.0290142,0.0
3.82234,0.000775806,0.0334029,0.0235527,0.0
3.8226,0.000752042,0.11691,0.0440334,0.0
3.82302,0.000753474,0.0835073,0.0372065,0.0
3.82335,0.000776978,0.150313,0.0501776,0.0
3.82335,0.000776392,0.183716,0.0552977,0.0
3.82301,0.000768253,0.0668058,0.0334517,0.0
3.82274,0.000756274,0.100209,0.0409613,0.0
3.82304,0.000772485,0.0835073,0.0372065,0.0
3.82371,0.000751391,0.0501044,0.0290142,0.0
3.82305,0.000741625,0.0334029,0.0235527,0.0
3.82348,0.000762654,0.0835073,0.0372065,0.0
3.82372,0.000765844,0.0835073,0.0372065,0.0
3.8234,0.000770076,0.133612,0.0471055,0.0
3.82299,0.000760896,0.0501044,0.0290142,0.0
3.82268,0.000756209,0.0167015,0.0167259,0.0
3.82303,0.000785572,0.100209,0.0409613,0.0
3.82344,0.000767602,0.0668058,0.0334517,0.0
3.82326,0.000739151,0.0,0.0,0.0
3.82235,0.000746508,0.0835073,0.0372065,0.0
3.8219,0.000755948,0.0334029,0.0235527,0.0
3.82262,0.00075087,0.0334029,0.0235527,0.0
3.82378,0.00075087,0.0334029,0.0235527,0.0
3.82407,0.000770076,0.11691,0.0440334,0.0
3.82381,0.0007663,0.0334029,0.0235527,0.0
3.82369,0.000750675,0.0668058,0.0334517,0.0
3.82448,0.000758943,0.0167015,0.0167259,0.0
3.82437,0.000752758,0.0835073,0.0372065,0.0
3.824,0.00075367,0.0501044,0.0290142,0.0
3.82431,0.000776457,0.100209,0.0409613,0.0
3.82439,0.000765063,0.0668058,0.0334517,0.0
3.82476,0.00075419,0.100209,0.0409613,0.0
3.82522,0.000753539,0.0668058,0.0334517,0.0
3.82498,0.000762915,0.0668058,0.0334517,0.0
3.8245,0.000746703,0.0167015,0.0167259,0.0
3.82518,0.000757706,0.0668058,0.0334517,0.0
3.82539,0.000772485,0.100209,0.0409613,0.0
3.82518,0.000753865,0.0,0.0,0.0
3.82548,0.000754125,0.0668058,0.0334517,0.0
3.82576,0.000753084,0.0334029,0.0235527,0.0
3.82455,0.000745596,0.0668058,0.0334517,0.0
3.82529,0.000753604,0.0668058,0.0334517,0.0
3.82612,0.000755493,0.0835073,0.0372065,0.0
3.82439,0.000733422,0.0167015,0.0167259,0.0
3.82454,0.000741039,0.0167015,0.0167259,0.0
3.82577,0.000746703,0.0334029,0.0235527,0.0
3.82532,0.000743383,0.0668058,0.0334517,0.0
3.82562,0.000756599,0.0167015,0.0167259,0.0
3.82593,0.000763175,0.0835073,0.0372065,0.0
3.82549,0.000765779,0.0501044,0.0290142,0.0
3.82602,0.00074768,0.0668058,0.0334517,0.0
3.82556,0.000734463,0.0167015,0.0167259,0.0
3.82652,0.000734008,0.0,0.0,0.0
3.82627,0.000752367,0.0835073,0.0372065,0.0
3.82608,0.000752563,0.0334029,0.0235527,0.0
3.82648,0.000756795,0.0668058,0.0334517,0.0
3.82736,0.000752563,0.0835073,0.0372065,0.0
3.82774,0.000759659,0.11691,0.0440334,0.0
3.82756,0.000787004,0.133612,0.0471055,0.0
3.82724,0.000764477,0.0167015,0.0167259,0.0
3.82743,0.000766756,0.100209,0.0409613,0.0
3.82717,0.000750935,0.0501044,0.0290142,0.0
3.82633,0.000743839,0.0167015,0.0167259,0.0
3.82681,0.000737328,0.0334029,0.0235527,0.0
3.8265,0.000751521,0.0668058,0.0334517,0.0
3.82692,0.000748852,0.0668058,0.0334517,0.0
3.82763,0.000754321,0.0167015,0.0167259,0.0
3.82738,0.000741234,0.0835073,0.0372065,0.0
3.8277,0.000745922,0.0501044,0.0290142,0.0
3.82813,0.000762068,0.0668058,0.0334517,0.0
3.82739,0.000759659,0.0,0.0,0.0
3.82857,0.00074794,0.133612,0.0471055,0.0
3.82822,0.000752888,0.0167015,0.0167259,0.0
3.82765,0.000768319,0.0668058,0.0334517,0.0
3.82794,0.000756599,0.0334029,0.0235527,0.0
3.82848,0.000741039,0.0334029,0.0235527,0.0
3.82821,0.000755818,0.100209,0.0409613,0.0
3.82952,0.000759985,0.0668058,0.0334517,0.0
3.82972,0.00075725,0.0835073,0.0372065,0.0
3.82864,0.00075686,0.0501044,0.0290142,0.0
3.8284,0.000746573,0.0334029,0.0235527,0.0
3.82908,0.00074807,0.0668058,0.0334517,0.0
3.8303,0.00076298,0.150313,0.0501776,0.0
3.82978,0.000765584,0.0668058,0.0334517,0.0
3.82902,0.000755753,0.0835073,0.0372065,0.0
3.82926,0.000759399,0.0668058,0.0334517,0.0
3.82963,0.000751847,0.0501044,0.0290142,0.0
3.82946,0.000740258,0.0668058,0.0334517,0.0
3.82926,0.000760701,0.0668058,0.0334517,0.0
3.83071,0.000776001,0.150313,0.0501776,0.0
3.83082,0.000757576,0.100209,0.0409613,0.0
3.82984,0.000742471,0.0167015,0.0167259,0.0
3.82939,0.000736677,0.0501044,0.0290142,0.0
3.83033,0.000753019,0.0501044,0.0290142,0.0
3.82998,0.00075699,0.0334029,0.0235527,0.0
3.83009,0.000736807,0.0501044,0.0290142,0.0
3.83022,0.000758162,0.0835073,0.0372065,0.0
3.82977,0.000770402,0.0668058,0.0334517,0.0
3.82973,0.000743448,0.0668058,0.0334517,0.0
3.82988,0.000761938,0.0334029,0.0235527,0.0
3.82989,0.000770337,0.0501044,0.0290142,0.0
3.83007,0.000756925,0.0668058,0.0334517,0.0
3.83022,0.000766365,0.0501044,0.0290142,0.0
3.83082,0.000776782,0.0501044,0.0290142,0.0
3.83012,0.000763045,0.0334029,0.0235527,0.0
3.82991,0.000760376,0.0501044,0.0290142,0.0
3.8301,0.000757576,0.0668058,0.0334517,0.0
3.83022,0.000768904,0.0668058,0.0334517,0.0
3.8318,0.000771444,0.100209,0.0409613,0.0
3.83174,0.00076337,0.0668058,0.0334517,0.0
3.83112,0.000770597,0.0501044,0.0290142,0.0
3.83137,0.000753865,0.0668058,0.0334517,0.0
3.83152,0.000751782,0.0668058,0.0334517,0.0
3.8323,0.000754842,0.0835073,0.0372065,0.0
3.83186,0.000742276,0.0835073,0.0372065,0.0
3.83116,0.000764803,0.0501044,0.0290142,0.0
3.83137,0.000749568,0.0167015,0.0167259,0.0
3.83131,0.00074755,0.0167015,0.0167259,0.0
3.83205,0.000752367,0.0501044,0.0290142,0.0
3.83139,0.000754386,0.0668058,0.0334517,0.0
3.83152,0.0007357,0.0668058,0.0334517,0.0
3.83138,0.000745727,0.0334029,0.0235527,0.0
3.83215,0.00075992,0.0835073,0.0372065,0.0
3.83277,0.00077255,0.0334029,0.0235527,0.0
3.83273,0.000767733,0.0334029,0.0235527,0.0
3.83227,0.000768449,0.0668058,0.0334517,0.0
3.83223,0.000776392,0.100209,0.0409613,0.0
3.83262,0.000752172,0.0668058,0.0334517,0.0
3.83191,0.000755753,0.0501044,0.0290142,0.0
3.83236,0.000757967,0.0334029,0.0235527,0.0
3.83369,0.00073251,0.0668058,0.0334517,0.0
3.8338,0.000750414,0.0167015,0.0167259,0.0
3.83252,0.000731599,0.0501044,0.0290142,0.0
3.83383,0.000746313,0.100209,0.0409613,0.0
3.83414,0.00075725,0.0167015,0.0167259,0.0
3.83458,0.000748266,0.0835073,0.0372065,0.0
3.83324,0.000753149,0.0334029,0.0235527,0.0
3.83424,0.000739021,0.0167015,0.0167259,0.0
3.83434,0.000755948,0.0501044,0.0290142,0.0
3.83376,0.00075712,0.0835073,0.0372065,0.0
3.83331,0.000747289,0.0501044,0.0290142,0.0
3.83359,0.000740779,0.0501044,0.0290142,0.0
3.83399,0.000776457,0.0668058,0.0334517,0.0
3.83399,0.000737328,0.0334029,0.0235527,0.0
3.83405,0.000724567,0.0835073,0.0372065,0.0
3.83305,0.000736872,0.0501044,0.0290142,0.0
3.83389,0.000760441,0.0835073,0.0372065,0.0
3.83438,0.000762264,0.0334029,0.0235527,0.0
3.83416,0.000751391,0.0167015,0.0167259,0.0
3.83422,0.000746964,0.0167015,0.0167259,0.0
3.83444,0.000747485,0.0334029,0.0235527,0.0
3.83446,0.000742406,0.0334029,0.0235527,0.0
3.83375,0.000756404,0.0501044,0.0290142,0.0
3.83454,0.000749047,0.0668058,0.0334517,0.0
3.83436,0.000781079,0.133612,0.0471055,0.0
3.83517,0.000748852,0.0334029,0.0235527,0.0
3.83471,0.000746573,0.0334029,0.0235527,0.0
3.83464,0.000756534,0.0334029,0.0235527,0.0
3.83429,0.000758748,0.0501044,0.0290142,0.0
3.83567,0.000759529,0.0835073,0.0372065,0.0
3.83586,0.00076311,0.0668058,0.0334517,0.0
3.83509,0.000739151,0.0334029,0.0235527,0.0
3.83628,0.00075393,0.0334029,0.0235527,0.0
3.83677,0.000761938,0.0334029,0.0235527,0.0
3.83658,0.000746313,0.0835073,0.0372065,0.0
3.83587,0.000726911,0.0501044,0.0290142,0.0
3.83526,0.000771834,0.0167015,0.0167259,0.0
3.83627,0.000783749,0.133612,0.0471055,0.0
3.83705,0.00077203,0.0501044,0.0290142,0.0
3.83593,0.00074781,0.0835073,0.0372065,0.0
3.83574,0.000758813,0.0167015,0.0167259,0.0
3.83647,0.000751,0.0334029,0.0235527,0.0
3.83566,0.000766235,0.0501044,0.0290142,0.0
3.83539,0.000759008,0.0334029,0.0235527,0.0
3.83647,0.000753474,0.0668058,0.0334517,0.0
3.8368,0.000760506,0.0668058,0.0334517,0.0
3.83672,0.000765324,0.0334029,0.0235527,0.0
3.83701,0.000767277,0.100209,0.0409613,0.0
3.8378,0.000748005,0.0668058,0.0334517,0.0
3.83747,0.000742862,0.0501044,0.0290142,0.0
3.83755,0.000746117,0.0501044,0.0290142,0.0
3.83737,0.00076018,0.0,0.0,0.0
3.83704,0.000748136,0.0668058,0.0334517,0.0
3.83772,0.000751196,0.0167015,0.0167259,0.0
3.83801,0.000749503,0.0501044,0.0290142,0.0
3.83702,0.000720856,0.0,0.0,0.0
3.83772,0.000736807,0.0668058,0.0334517,0.0
3.83832,0.000754581,0.0334029,0.0235527,0.0
3.83763,0.000752172,0.0334029,0.0235527,0.0
3.83801,0.000727822,0.0501044,0.0290142,0.0
3.8376,0.000745076,0.0,0.0,0.0
3.83734,0.000745336,0.0501044,0.0290142,0.0
3.83751,0.000761417,0.0501044,0.0290142,0.0
3.83879,0.000775545,0.11691,0.0440334,0.0
3.83869,0.000758097,0.0835073,0.0372065,0.0
3.83836,0.00074807,0.0668058,0.0334517,0.0
3.83852,0.000758227,0.0167015,0.0167259,0.0
3.83889,0.000759855,0.167015,0.052567,0.0
3.83886,0.000745531,0.0167015,0.0167259,0.0
3.83813,0.000736156,0.0501044,0.0290142,0.0
3.83914,0.000763631,0.100209,0.0409613,0.0
3.83906,0.000777238,0.0167015,0.0167259,0.0
3.83887,0.000761157,0.0501044,0.0290142,0.0
3.83902,0.000767537,0.100209,0.0409613,0.0
3.83991,0.000747615,0.0668058,0.0334517,0.0
3.83977,0.000757446,0.0167015,0.0167259,0.0
3.8392,0.000746117,0.0334029,0.0235527,0.0
3.83959,0.000752628,0.0501044,0.0290142,0.0
3.84005,0.000767081,0.0668058,0.0334517,0.0
3.8405,0.000764673,0.100209,0.0409613,0.0
3.84013,0.000760896,0.0501044,0.0290142,0.0
3.83915,0.000753279,0.0668058,0.0334517,0.0
3.8403,0.000765063,0.0835073,0.0372065,0.0
3.84083,0.000769165,0.0501044,0.0290142,0.0
3.83999,0.000768449,0.0501044,0.0290142,0.0
3.83971,0.000745662,0.0501044,0.0290142,0.0
3.84114,0.00077535,0.100209,0.0409613,0.0
3.8407,0.000765975,0.0835073,0.0372065,0.0
3.83951,0.000756209,0.0668058,0.0334517,0.0
3.84048,0.000759073,0.0501044,0.0290142,0.0
3.8409,0.000755427,0.167015,0.052567,0.0
3.84114,0.000751847,0.0334029,0.0235527,0.0
3.84134,0.000747485,0.0334029,0.0235527,0.0
3.84066,0.000745922,0.0167015,0.0167259,0.0
3.84157,0.000757511,0.0501044,0.0290142,0.0
3.84149,0.000764542,0.0835073,0.0372065,0.0
3.84107,0.000760245,0.0668058,0.0334517,0.0
3.84141,0.000752758,0.0167015,0.0167259,0.0
3.8412,0.000748656,0.0835073,0.0372065,0.0
3.84106,0.000735505,0.0334029,0.0235527,0.0
3.84165,0.00073837,0.0334029,0.0235527,0.0
3.84136,0.000751716,0.0501044,0.0290142,0.0
3.84158,0.000731468,0.0501044,0.0290142,0.0
3.84228,0.000752693,0.0835073,0.0372065,0.0
3.84221,0.000759529,0.0835073,0.0372065,0.0
3.84225,0.000749828,0.0167015,0.0167259,0.0
3.84194,0.000739086,0.0501044,0.0290142,0.0
3.84199,0.000764998,0.0501044,0.0290142,0.0
3.84168,0.000763956,0.0835073,0.0372065,0.0
3.84175,0.000757185,0.0,0.0,0.0
3.8421,0.000746443,0.0334029,0.0235527,0.0
3.84237,0.00074807,0.0501044,0.0290142,0.0
3.8422,0.000762003,0.100209,0.0409613,0.0
3.84213,0.000739476,0.0334029,0.0235527,0.0
3.8427,0.000752758,0.0501044,0.0290142,0.0
3.84287,0.000765128,0.0334029,0.0235527,0.0
3.84199,0.000760506,0.0334029,0.0235527,0.0
3.8424,0.000755883,0.0501044,0.0290142,0.0
3.8432,0.000755623,0.0501044,0.0290142,0.0
3.84292,0.000751651,0.0501044,0.0290142,0.0
3.84351,0.00074475,0.0334029,0.0235527,0.0
3.84365,0.000749633,0.0501044,0.0290142,0.0
3.84338,0.00076324,0.0501044,0.0290142,0.0
3.84363,0.000761287,0.0167015,0.0167259,0.0
3.84329,0.000741169,0.0334029,0.0235527,0.0
3.84468,0.000745336,0.0501044,0.0290142,0.0
3.84474,0.000757771,0.0668058,0.0409613,0.0
3.84353,0.000751977,0.0668058,0.0334517,0.0
3.84382,0.000746313,0.0167015,0.0167259,0.0
3.84531,0.00074781,0.0334029,0.0235527,0.0
3.84446,0.000765193,0.0334029,0.0235527,0.0
3.84481,0.000746182,0.0334029,0.0235527,0.0
3.84506,0.000744229,0.0501044,0.0290142,0.0
3.84463,0.000744034,0.0334029,0.0235527,0.0
3.84455,0.000745727,0.0,0.0,0.0
3.84427,0.000773071,0.0501044,0.0290142,0.0
3.84449,0.000770141,0.0668058,0.0334517,0.0
3.84371,0.000757706,0.0668058,0.0334517,0.0
3.84436,0.000748982,0.0501044,0.0290142,0.0
3.84455,0.000725153,0.0668058,0.0334517,0.0
3.84546,0.000745792,0.100209,0.0409613,0.0
3.84517,0.000773527,0.0501044,0.0290142,0.0
3.84466,0.000761938,0.0167015,0.0167259,0.0
3.84558,0.000741365,0.0668058,0.0334517,0.0
3.84584,0.000758097,0.0,0.0,0.0
3.84583,0.000748982,0.0501044,0.0290142,0.0
3.84572,0.000735896,0.0334029,0.0235527,0.0
3.84656,0.000752953,0.100209,0.0409613,0.0
3.84698,0.000754321,0.0501044,0.0290142,0.0
3.84566,0.000762133,0.11691,0.0440334,0.0
3.84606,0.000752628,0.0334029,0.0235527,0.0
3.847,0.00078759,0.100209,0.0409613,0.0
3.84648,0.000760831,0.0501044,0.0290142,0.0
3.84734,0.000773267,0.100209,0.0409613,0.0
3.84707,0.000762784,0.0334029,0.0235527,0.0
3.84609,0.000756664,0.0334029,0.0235527,0.0
3.84642,0.00075699,0.0501044,0.0290142,0.0
3.84663,0.000753995,0.0501044,0.0290142,0.0
3.84634,0.000743188,0.0334029,0.0235527,0.0
3.84603,0.000738956,0.0334029,0.0235527,0.0
3.84712,0.000747615,0.0334029,0.0235527,0.0
3.84671,0.000757055,0.0334029,0.0235527,0.0
3.84686,0.00075087,0.0,0.0,0.0
3.84708,0.00074755,0.0334029,0.0235527,0.0
3.84639,0.000754386,0.0334029,0.0235527,0.0
3.84664,0.000767863,0.0,0.0,0.0
3.84714,0.000748136,0.0501044,0.0290142,0.0
3.84672,0.000750154,0.0334029,0.0235527,0.0
3.8476,0.000769035,0.11691,0.0501776,0.0
3.84681,0.00075419,0.0501044,0.0290142,0.0
3.84623,0.00074169,0.0334029,0.0235527,0.0
3.84821,0.000758422,0.0668058,0.0334517,0.0
3.84812,0.00076285,0.0,0.0,0.0
3.84731,0.00076018,0.0501044,0.0290142,0.0
3.84802,0.000753344,0.0334029,0.0235527,0.0
3.84863,0.000748005,0.0,0.0,0.0
3.84874,0.000748852,0.0334029,0.0235527,0.0
3.84868,0.000749893,0.11691,0.0501776,0.0
3.84863,0.000735635,0.0,0.0,0.0
3.84856,0.000764412,0.0668058,0.0334517,0.0
3.84955,0.000777498,0.0501044,0.0290142,0.0
3.84878,0.000748852,0.0334029,0.0235527,0.0
3.84793,0.000754776,0.0501044,0.0290142,0.0
3.84866,0.000771313,0.0334029,0.0235527,0.0
3.84853,0.000765063,0.0501044,0.0290142,0.0
3.84806,0.000753344,0.0167015,0.0167259,0.0
3.84869,0.00075367,0.0835073,0.0372065,0.0
3.84849,0.000740648,0.0668058,0.0334517,0.0
3.84891,0.000731664,0.0334029,0.0235527,0.0
3.84827,0.00074475,0.0167015,0.0167259,0.0
3.84903,0.000753409,0.0835073,0.0372065,0.0
3.84922,0.000749828,0.0501044,0.0290142,0.0
3.8486,0.000755167,0.0167015,0.0167259,0.0
3.84923,0.000748917,0.0668058,0.0334517,0.0
3.84922,0.000756013,0.0,0.0,0.0
3.84951,0.000758227,0.0668058,0.0334517,0.0
3.85121,0.000749503,0.0,0.0,0.0
3.85084,0.000744555,0.0668058,0.0334517,0.0
3.85049,0.000758683,0.0334029,0.0235527,0.0
3.85032,0.000753214,0.0501044,0.0290142,0.0
3.85011,0.000757967,0.0501044,0.0290142,0.0
3.85005,0.00077509,0.0501044,0.0290142,0.0
3.8511,0.000751977,0.0167015,0.0167259,0.0
3.85168,0.000754646,0.0334029,0.0235527,0.0
3.8522,0.000756469,0.0668058,0.0334517,0.0
3.85251,0.000757055,0.0501044,0.0290142,0.0
3.85106,0.00075061,0.0501044,0.0290142,0.0
3.85122,0.000748591,0.0668058,0.0334517,0.0
3.85174,0.000775024,0.0334029,0.0235527,0.0
3.85099,0.000750479,0.0501044,0.0290142,0.0
3.85095,0.000755753,0.0501044,0.0290142,0.0
3.85163,0.000772811,0.133612,0.0471055,0.0
3.85062,0.000748591,0.0,0.0,0.0
3.8507,0.000751391,0.0334029,0.0235527,0.0
3.85107,0.000773006,0.0334029,0.0235527,0.0
3.85111,0.0,0.0501044,0.0,0.0
3.85153,0.0,0.0501044,0.0,0.0
3.85144,0.0,0.0501044,0.0,0.0
3.85125,0.0,0.0501044,0.0,0.0
3.85153,0.0,0.0501044,0.0,0.0
3.85099,0.0,0.0668058,0.0,0.0
3.85194,0.0,0.0167015,0.0,0.0
3.85279,0.0,0.0501044,0.0,0.0
3.85224,0.0,0.0835073,0.0,0.0
3.85283,0.0,0.0501044,0.0,0.0
3.85229,0.0,0.0167015,0.0,0.0
3.85257,0.0,0.0,0.0,0.0
3.85413,0.0,0.0501044,0.0,0.0
3.85304,0.0,0.0501044,0.0,0.0
3.85308,0.0,0.0835073,0.0,0.0
3.85376,0.0,0.0334029,0.0,0.0
3.85349,0.0,0.0167015,0.0,0.0
3.85312,0.0,0.0501044,0.0,0.0
3.85362,0.0,0.0835073,0.0,0.0
3.85317,0.0,0.0,0.0,0.0
3.85274,0.0,0.0501044,0.0,0.0
3.85275,0.0,0.0,0.0,0.0
3.8541,0.0,0.0167015,0.0,0.0
3.85395,0.0,0.0167015,0.0,0.0
3.85404,0.0,0.0167015,0.0,0.0
3.85427,0.0,0.0,0.0,0.0
3.85373,0.0,0.0501044,0.0,0.0
3.85391,0.0,0.0668058,0.0,0.0
3.85556,0.0,0.0501044,0.0,0.0
3.85504,0.0,0.0668058,0.0,0.0
3.85416,0.0,0.0501044,0.0,0.0
3.85518,0.0,0.0167015,0.0,0.0
3.85471,0.0,0.0501044,0.0,0.0
3.85448,0.0,0.0501044,0.0,0.0
3.85506,0.0,0.0835073,0.0,0.0
3.85417,0.0,0.0334029,0.0,0.0
3.85437,0.0,0.0668058,0.0,0.0
3.85523,0.0,0.0334029,0.0,0.0
3.85446,0.0,0.0501044,0.0,0.0
3.85421,0.0,0.0334029,0.0,0.0
3.85484,0.0,0.0501044,0.0,0.0
3.85445,0.0,0.0501044,0.0,0.0
3.85556,0.0,0.0668058,0.0,0.0
3.85551,0.0,0.0167015,0.0,0.0
3.85605,0.0,0.0835073,0.0,0.0
3.85504,0.0,0.0167015,0.0,0.0
3.85536,0.0,0.0835073,0.0,0.0
3.85596,0.0,0.0167015,0.0,0.0
3.85593,0.0,0.0835073,0.0,0.0
3.85539,0.0,0.0334029,0.0,0.0
3.85594,0.0,0.0,0.0,0.0
3.85592,0.0,0.0167015,0.0,0.0
3.85565,0.0,0.0334029,0.0,0.0
3.85702,0.0,0.0,0.0,0.0
3.85682,0.0,0.0334029,0.0,0.0
3.85706,0.0,0.0501044,0.0,0.0
3.85785,0.0,0.100209,0.0,0.0
3.85621,0.0,0.0835073,0.0,0.0
3.85649,0.0,0.0501044,0.0,0.0
3.85756,0.0,0.0501044,0.0,0.0
3.8571,0.0,0.0167015,0.0,0.0
3.85679,0.0,0.0334029,0.0,0.0
3.85841,0.0,0.0167015,0.0,0.0
3.8577,0.0,0.0501044,0.0,0.0
3.85737,0.0,0.0501044,0.0,0.0
3.8571,0.0,0.0167015,0.0,0.0
3.85666,0.0,0.0167015,0.0,0.0
3.85727,0.0,0.0668058,0.0,0.0
3.85757,0.0,0.0167015,0.0,0.0
3.85709,0.0,0.0167015,0.0,0.0
3.85775,0.0,0.0167015,0.0,0.0
3.85739,0.0,0.0501044,0.0,0.0
3.85639,0.0,0.0167015,0.0,0.0
3.8577,0.0,0.0501044,0.0,0.0
3.85772,0.0,0.0167015,0.0,0.0
3.85759,0.0,0.100209,0.0,0.0
3.85796,0.0,0.0167015,0.0,0.0
3.8584,0.0,0.0334029,0.0,0.0
3.85842,0.0,0.0501044,0.0,0.0
3.85798,0.0,0.0167015,0.0,0.0
3.85962,0.0,0.0835073,0.0,0.0
3.85914,0.0,0.0501044,0.0,0.0
3.85876,0.0,0.0167015,0.0,0.0
3.85971,0.0,0.0167015,0.0,0.0
3.85885,0.0,0.0167015,0.0,0.0
3.85955,0.0,0.0334029,0.0,0.0
3.8594,0.0,0.0167015,0.0,0.0
3.85833,0.0,0.0,0.0,0.0
3.85929,0.0,0.0668058,0.0,0.0
3.85925,0.0,0.0167015,0.0,0.0
3.85908,0.0,0.0167015,0.0,0.0
3.85802,0.0,0.0,0.0,0.0
3.85984,0.0,0.0835073,0.0,0.0
3.86061,0.0,0.0334029,0.0,0.0
3.85955,0.0,0.0334029,0.0,0.0
3.85999,0.0,0.0334029,0.0,0.0
3.8601,0.0,0.0668058,0.0,0.0
3.85986,0.0,0.0501044,0.0,0.0
3.86027,0.0,0.133612,0.0,0.0
3.86045,0.0,0.0167015,0.0,0.0
3.85995,0.0,0.0,0.0,0.0
3.85963,0.0,0.0501044,0.0,0.0
3.86035,0.0,0.0501044,0.0,0.0
3.86098,0.0,0.0,0.0,0.0
3.86053,0.0,0.0167015,0.0,0.0
3.86131,0.0,0.100209,0.0,0.0
3.86139,0.0,0.0334029,0.0,0.0
3.86075,0.0,0.0668058,0.0,0.0
3.86193,0.0,0.0668058,0.0,0.0
3.86187,0.0,0.0668058,0.0,0.0
3.8612,0.0,0.0334029,0.0,0.0
3.86113,0.0,0.0501044,0.0,0.0
3.86178,0.0,0.0,0.0,0.0
3.86183,0.0,0.0501044,0.0,0.0
3.86151,0.0,0.0334029,0.0,0.0
3.8623,0.0,0.0668058,0.0,0.0
3.8626,0.0,0.0334029,0.0,0.0
3.86259,0.0,0.0334029,0.0,0.0
3.86263,0.0,0.0334029,0.0,0.0
3.86131,0.0,0.0167015,0.0,0.0
3.86197,0.0,0.0167015,0.0,0.0
3.86311,0.0,0.0668058,0.0,0.0
3.86281,0.0,0.0501044,0.0,0.0
3.86245,0.0,0.0,0.0,0.0
3.86252,0.0,0.0501044,0.0,0.0
3.86257,0.0,0.100209,0.0,0.0
3.86268,0.0,0.0835073,0.0,0.0
3.86247,0.0,0.0167015,0.0,0.0
3.8626,0.0,0.0334029,0.0,0.0
3.86242,0.0,0.0334029,0.0,0.0
3.86269,0.0,0.0334029,0.0,0.0
3.86388,0.0,0.0835073,0.0,0.0
3.86385,0.0,0.0835073,0.0,0.0
3.86336,0.0,0.0167015,0.0,0.0
3.8631,0.0,0.0668058,0.0,0.0
3.86401,0.0,0.0167015,0.0,0.0
3.86377,0.0,0.0501044,0.0,0.0
3.86321,0.0,0.0167015,0.0,0.0
3.86359,0.0,0.0167015,0.0,0.0
3.86346,0.0,0.0668058,0.0,0.0
3.86446,0.0,0.0668058,0.0,0.0
3.86411,0.0,0.0501044,0.0,0.0
3.86445,0.0,0.0,0.0,0.0
3.86455,0.0,0.0334029,0.0,0.0
3.86429,0.0,0.0167015,0.0,0.0
3.86367,0.0,0.0167015,0.0,0.0
3.86483,0.0,0.0,0.0,0.0
3.86458,0.0,0.0,0.0,0.0
3.86473,0.0,0.0668058,0.0,0.0
3.86484,0.0,0.0334029,0.0,0.0
3.86457,0.0,0.0167015,0.0,0.0
3.8645,0.0,0.0,0.0,0.0
3.86476,0.0,0.133612,0.0,0.0
3.86601,0.0,0.0334029,0.0,0.0
3.86597,0.0,0.0501044,0.0,0.0
3.86502,0.0,0.0668058,0.0,0.0
3.86545,0.0,0.0167015,0.0,0.0
3.86507,0.0,0.0668058,0.0,0.0
3.86581,0.0,0.0167015,0.0,0.0
3.86692,0.0,0.0835073,0.0,0.0
3.86691,0.0,0.0167015,0.0,0.0
3.86563,0.0,0.0,0.0,0.0
3.86598,0.0,0.0334029,0.0,0.0
3.86676,0.0,0.0334029,0.0,0.0
3.86676,0.0,0.0334029,0.0,0.0
3.86707,0.0,0.100209,0.0,0.0
3.86769,0.0,0.0167015,0.0,0.0
3.86691,0.0,0.0167015,0.0,0.0
3.8665,0.0,0.0334029,0.0,0.0
3.8668,0.0,0.0167015,0.0,0.0
3.86717,0.0,0.0501044,0.0,0.0
3.8667,0.0,0.0334029,0.0,0.0
3.86715,0.0,0.0501044,0.0,0.0
3.86752,0.0,0.0334029,0.0,0.0
3.8666,0.0,0.0334029,0.0,0.0
3.8669,0.0,0.0668058,0.0,0.0
3.86677,0.0,0.0334029,0.0,0.0
3.86666,0.0,0.0,0.0,0.0
3.86753,0.0,0.0167015,0.0,0.0
3.86774,0.0,0.0,0.0,0.0
3.86755,0.0,0.0334029,0.0,0.0
3.86816,0.0,0.0334029,0.0,0.0
3.86842,0.0,0.0,0.0,0.0
3.86817,0.0,0.0668058,0.0,0.0
3.86782,0.0,0.0668058,0.0,0.0
3.86912,0.0,0.0167015,0.0,0.0
3.86878,0.0,0.0167015,0.0,0.0
3.86883,0.0,0.0501044,0.0,0.0
3.8691,0.0,0.0835073,0.0,0.0
3.87019,0.0,0.0334029,0.0,0.0
3.86914,0.0,0.0334029,0.0,0.0
3.8681,0.0,0.0334029,0.0,0.0
3.86823,0.0,0.0167015,0.0,0.0
3.86862,0.0,0.0,0.0,0.0
3.86899,0.0,0.0167015,0.0,0.0
3.86944,0.0,0.0501044,0.0,0.0
3.86915,0.0,0.0167015,0.0,0.0
3.86924,0.0,0.0835073,0.0,0.0
3.86933,0.0,0.0334029,0.0,0.0
3.8692,0.0,0.0501044,0.0,0.0
3.8703,0.0,0.0668058,0.0,0.0
3.87071,0.0,0.133612,0.0,0.0
3.87028,0.0,0.0501044,0.0,0.0
3.86946,0.0,0.0,0.0,0.0
3.8696,0.0,0.0334029,0.0,0.0
3.8689,0.0,0.0167015,0.0,0.0
3.86926,0.0,0.0668058,0.0,0.0
3.87007,0.0,0.0167015,0.0,0.0
3.87038,0.0,0.0167015,0.0,0.0
3.86939,0.0,0.0668058,0.0,0.0
3.87099,0.0,0.0167015,0.0,0.0
3.87158,0.0,0.0668058,0.0,0.0
3.87103,0.0,0.0167015,0.0,0.0
3.87013,0.0,0.0167015,0.0,0.0
3.87047,0.0,0.0334029,0.0,0.0
3.87071,0.0,0.0167015,0.0,0.0
3.87049,0.0,0.0501044,0.0,0.0
3.87169,0.0,0.100209,0.0,0.0
3.87146,0.0,0.0,0.0,0.0
3.87051,0.0,0.0334029,0.0,0.0
3.87238,0.0,0.0167015,0.0,0.0
3.87254,0.0,0.100209,0.0,0.0
3.87156,0.0,0.0334029,0.0,0.0
3.87154,0.0,0.0334029,0.0,0.0
3.87096,0.0,0.0668058,0.0,0.0
3.87077,0.0,0.0167015,0.0,0.0
3.87211,0.0,0.0167015,0.0,0.0
3.87252,0.0,0.0334029,0.0,0.0
3.87217,0.0,0.0501044,0.0,0.0
3.87152,0.0,0.0334029,0.0,0.0
3.87214,0.0,0.0167015,0.0,0.0
3.87239,0.0,0.0334029,0.0,0.0
3.87229,0.0,0.0334029,0.0,0.0
3.8729,0.0,0.0334029,0.0,0.0
3.87322,0.0,0.0501044,0.0,0.0
3.87286,0.0,0.0,0.0,0.0
3.87273,0.0,0.0835073,0.0,0.0
3.8726,0.0,0.0334029,0.0,0.0
3.87204,0.0,0.0334029,0.0,0.0
3.87294,0.0,0.0167015,0.0,0.0
3.87412,0.0,0.0167015,0.0,0.0
3.87353,0.0,0.0334029,0.0,0.0
3.87349,0.0,0.0167015,0.0,0.0
3.87321,0.0,0.0668058,0.0,0.0
3.87354,0.0,0.0,0.0,0.0
3.87331,0.0,0.0167015,0.0,0.0
3.873,0.0,0.0334029,0.0,0.0
3.87405,0.0,0.0167015,0.0,0.0
3.8744,0.0,0.0,0.0,0.0
3.87457,0.0,0.0501044,0.0,0.0
3.87404,0.0,0.0501044,0.0,0.0
3.87356,0.0,0.0501044,0.0,0.0
3.87459,0.0,0.0167015,0.0,0.0
3.87402,0.0,0.0167015,0.0,0.0
3.87393,0.0,0.0167015,0.0,0.0
3.87425,0.0,0.0501044,0.0,0.0
3.8755,0.0,0.0167015,0.0,0.0
3.87452,0.0,0.0501044,0.0,0.0
3.87516,0.0,0.0334029,0.0,0.0
3.87547,0.0,0.0501044,0.0,0.0
3.87425,0.0,0.0,0.0,0.0
3.87464,0.0,0.0167015,0.0,0.0
3.8749,0.0,0.0668058,0.0,0.0
3.87478,0.0,0.0334029,0.0,0.0
3.87475,0.0,0.0167015,0.0,0.0
3.87536,0.0,0.0334029,0.0,0.0
3.87608,0.0,0.0167015,0.0,0.0
3.87546,0.0,0.0334029,0.0,0.0
3.87545,0.0,0.0167015,0.0,0.0
3.87551,0.0,0.0167015,0.0,0.0
3.87493,0.0,0.0,0.0,0.0
3.87536,0.0,0.0167015,0.0,0.0
3.87607,0.0,0.0501044,0.0,0.0
3.87626,0.0,0.0835073,0.0,0.0
3.87621,0.0,0.0835073,0.0,0.0
3.87604,0.0,0.0167015,0.0,0.0
3.87572,0.0,0.0334029,0.0,0.0
3.87583,0.0,0.0,0.0,0.0
3.87631,0.0,0.0,0.0,0.0
3.87726,0.0,0.0,0.0,0.0
3.87712,0.0,0.0,0.0,0.0
3.87691,0.0,0.0501044,0.0,0.0
3.87716,0.0,0.0501044,0.0,0.0
3.87728,0.0,0.0334029,0.0,0.0
3.87689,0.0,0.0167015,0.0,0.0
3.87759,0.0,0.0668058,0.0,0.0
3.87772,0.0,0.0501044,0.0,0.0
3.8783,0.0,0.0167015,0.0,0.0
3.87668,0.0,0.0,0.0,0.0
3.87706,0.0,0.0501044,0.0,0.0
3.87851,0.0,0.0334029,0.0,0.0
3.87823,0.0,0.11691,0.0,0.0
3.87848,0.0,0.0,0.0,0.0
3.87788,0.0,0.0668058,0.0,0.0
3.8772,0.0,0.0167015,0.0,0.0
3.87752,0.0,0.0668058,0.0,0.0
3.878,0.0,0.0,0.0,0.0
3.87876,0.0,0.0668058,0.0,0.0
3.8791,0.0,0.0167015,0.0,0.0
3.87929,0.0,0.0501044,0.0,0.0
3.87847,0.0,0.0167015,0.0,0.0
3.8785,0.0,0.0501044,0.0,0.0
3.878,0.0,0.0668058,0.0,0.0
3.87779,0.0,0.0835073,0.0,0.0
3.87845,0.0,0.0,0.0,0.0
3.87891,0.0,0.0334029,0.0,0.0
3.87958,0.0,0.0334029,0.0,0.0
3.87936,0.0,0.0334029,0.0,0.0
3.87982,0.0,0.0167015,0.0,0.0
3.88038,0.0,0.0501044,0.0,0.0
3.88009,0.0,0.0334029,0.0,0.0
3.87989,0.0,0.0334029,0.0,0.0
3.87885,0.0,0.0,0.0,0.0
3.8794,0.0,0.0501044,0.0,0.0
3.88103,0.0,0.0334029,0.0,0.0
3.88051,0.0,0.0334029,0.0,0.0
3.88006,0.0,0.0334029,0.0,0.0
3.88042,0.0,0.0501044,0.0,0.0
3.88055,0.0,0.0167015,0.0,0.0
3.88047,0.0,0.0501044,0.0,0.0
3.88039,0.0,0.0835073,0.0,0.0
3.87985,0.0,0.0501044,0.0,0.0
3.87953,0.0,0.0334029,0.0,0.0
3.88045,0.0,0.0334029,0.0,0.0
3.88032,0.0,0.0,0.0,0.0
3.88065,0.0,0.0334029,0.0,0.0
3.88075,0.0,0.0,0.0,0.0
3.88146,0.0,0.0334029,0.0,0.0
3.88036,0.0,0.0167015,0.0,0.0
3.88104,0.0,0.0334029,0.0,0.0
3.88122,0.0,0.0167015,0.0,0.0
3.88132,0.0,0.0501044,0.0,0.0
3.88273,0.0,0.0501044,0.0,0.0
3.88288,0.0,0.0501044,0.0,0.0
3.88247,0.0,0.0,0.0,0.0
3.8823,0.0,0.0167015,0.0,0.0
3.8836,0.0,0.100209,0.0,0.0
3.88299,0.0,0.0501044,0.0,0.0
3.88245,0.0,0.0,0.0,0.0
3.88238,0.0,0.0334029,0.0,0.0
3.88327,0.0,0.0167015,0.0,0.0
3.88295,0.0,0.0501044,0.0,0.0
3.88219,0.0,0.0334029,0.0,0.0
3.88186,0.0,0.0501044,0.0,0.0
3.88231,0.0,0.0167015,0.0,0.0
3.88293,0.0,0.0167015,0.0,0.0
3.88319,0.0,0.0501044,0.0,0.0
3.88258,0.0,0.0334029,0.0,0.0
3.88224,0.0,0.0167015,0.0,0.0
3.88312,0.0,0.0334029,0.0,0.0
3.88283,0.0,0.0334029,0.0,0.0
3.88309,0.0,0.0501044,0.0,0.0
3.88287,0.0,0.0334029,0.0,0.0
3.88298,0.0,0.0501044,0.0,0.0
3.88378,0.0,0.0,0.0,0.0
3.88375,0.0,0.0835073,0.0,0.0
3.88363,0.0,0.0334029,0.0,0.0
3.88365,0.0,0.0167015,0.0,0.0
3.88329,0.0,0.0167015,0.0,0.0
3.88427,0.0,0.0,0.0,0.0
3.88468,0.0,0.0334029,0.0,0.0
3.88463,0.0,0.0167015,0.0,0.0
3.88469,0.0,0.0167015,0.0,0.0
3.88508,0.0,0.100209,0.0,0.0
3.88529,0.0,0.0835073,0.0,0.0
3.88507,0.0,0.0334029,0.0,0.0
3.88458,0.0,0.0334029,0.0,0.0
3.88503,0.0,0.0,0.0,0.0
3.88577,0.0,0.0501044,0.0,0.0
3.8853,0.0,0.0501044,0.0,0.0
3.88563,0.0,0.0334029,0.0,0.0
3.88497,0.0,0.0334029,0.0,0.0
3.88514,0.0,0.0167015,0.0,0.0
3.8855,0.0,0.0501044,0.0,0.0
3.88553,0.0,0.0167015,0.0,0.0
3.88582,0.0,0.0,0.0,0.0
3.88588,0.0,0.0668058,0.0,0.0
3.88558,0.0,0.0334029,0.0,0.0
3.88625,0.0,0.0167015,0.0,0.0
3.88588,0.0,0.0668058,0.0,0.0
3.88716,0.0,0.0334029,0.0,0.0
3.88667,0.0,0.0167015,0.0,0.0
3.88592,0.0,0.0,0.0,0.0
3.88602,0.0,0.0668058,0.0,0.0
3.88645,0.0,0.0167015,0.0,0.0
3.88664,0.0,0.0668058,0.0,0.0
3.88742,0.0,0.0,0.0,0.0
3.88738,0.0,0.0334029,0.0,0.0
3.88745,0.0,0.0501044,0.0,0.0
3.88689,0.0,0.0167015,0.0,0.0
3.88759,0.0,0.0167015,0.0,0.0
3.88761,0.0,0.0668058,0.0,0.0
3.88701,0.0,0.0167015,0.0,0.0
3.88722,0.0,0.0334029,0.0,0.0
3.88846,0.0,0.0334029,0.0,0.0
3.88753,0.0,0.0,0.0,0.0
3.88726,0.0,0.0334029,0.0,0.0
3.88726,0.0,0.0,0.0,0.0
3.88699,0.0,0.0,0.0,0.0
3.88713,0.0,0.0501044,0.0,0.0
3.88862,0.0,0.0167015,0.0,0.0
3.88836,0.0,0.0501044,0.0,0.0
3.88769,0.0,0.0668058,0.0,0.0
3.8888,0.0,0.0668058,0.0,0.0
3.8882,0.0,0.0334029,0.0,0.0
3.88871,0.0,0.0334029,0.0,0.0
3.88915,0.0,0.0334029,0.0,0.0
3.889,0.0,0.0167015,0.0,0.0
3.88898,0.0,0.0167015,0.0,0.0
3.8891,0.0,0.0334029,0.0,0.0
3.88853,0.0,0.0167015,0.0,0.0
3.88853,0.0,0.0835073,0.0,0.0
3.88916,0.0,0.0668058,0.0,0.0
3.89008,0.0,0.0501044,0.0,0.0
3.89013,0.0,0.0501044,0.0,0.0
3.88977,0.0,0.0334029,0.0,0.0
3.88892,0.0,0.0,0.0,0.0
3.88862,0.0,0.0167015,0.0,0.0
3.88951,0.0,0.0668058,0.0,0.0
3.89003,0.0,0.0167015,0.0,0.0
3.89024,0.0,0.0334029,0.0,0.0
3.88915,0.0,0.0167015,0.0,0.0
3.88921,0.0,0.0,0.0,0.0
3.88967,0.0,0.0,0.0,0.0
3.88998,0.0,0.0167015,0.0,0.0
3.88999,0.0,0.0501044,0.0,0.0
3.89023,0.0,0.0167015,0.0,0.0
3.89021,0.0,0.0334029,0.0,0.0
3.89022,0.0,0.0334029,0.0,0.0
3.89073,0.0,0.0,0.0,0.0
3.8908,0.0,0.0,0.0,0.0
3.89115,0.0,0.0167015,0.0,0.0
3.89114,0.0,0.0167015,0.0,0.0
3.89192,0.0,0.0167015,0.0,0.0
3.89155,0.0,0.0167015,0.0,0.0
3.89117,0.0,0.0334029,0.0,0.0
3.89197,0.0,0.0167015,0.0,0.0
3.89219,0.0,0.0,0.0,0.0
3.8912,0.0,0.0334029,0.0,0.0
3.89178,0.0,0.0668058,0.0,0.0
3.89222,0.0,0.100209,0.0,0.0
3.89232,0.0,0.0501044,0.0,0.0
3.8919,0.0,0.0334029,0.0,0.0
3.89161,0.0,0.0334029,0.0,0.0
3.89151,0.0,0.0,0.0,0.0
3.89161,0.0,0.0334029,0.0,0.0
3.89337,0.0,0.0668058,0.0,0.0
3.89321,0.0,0.0,0.0,0.0
3.89275,0.0,0.0334029,0.0,0.0
3.89311,0.0,0.0501044,0.0,0.0
3.89248,0.0,0.0167015,0.0,0.0
3.89233,0.0,0.0334029,0.0,0.0
3.8942,0.0,0.0501044,0.0,0.0
3.89397,0.0,0.0668058,0.0,0.0
3.89337,0.0,0.0167015,0.0,0.0
3.89387,0.0,0.0668058,0.0,0.0
3.89313,0.0,0.0334029,0.0,0.0
3.8937,0.0,0.0334029,0.0,0.0
3.89466,0.0,0.0167015,0.0,0.0
3.89329,0.0,0.0,0.0,0.0
3.89355,0.0,0.0501044,0.0,0.0
3.89447,0.0,0.0334029,0.0,0.0
3.89444,0.0,0.0334029,0.0,0.0
3.89361,0.0,0.0167015,0.0,0.0
3.89386,0.0,0.0334029,0.0,0.0
3.89426,0.0,0.0334029,0.0,0.0
3.8939,0.0,0.0501044,0.0,0.0
3.89452,0.0,0.0334029,0.0,0.0
3.8941,0.0,0.0334029,0.0,0.0
3.89413,0.0,0.100209,0.0,0.0
3.89436,0.0,0.0167015,0.0,0.0
3.89397,0.0,0.0501044,0.0,0.0
3.89433,0.0,0.0334029,0.0,0.0
3.89479,0.0,0.0167015,0.0,0.0
3.89536,0.0,0.0334029,0.0,0.0
3.89495,0.0,0.0167015,0.0,0.0
3.89476,0.0,0.0167015,0.0,0.0
3.8953,0.0,0.0501044,0.0,0.0
3.89519,0.0,0.0167015,0.0,0.0
3.89485,0.0,0.0334029,0.0,0.0
3.89483,0.0,0.0167015,0.0,0.0
3.89589,0.0,0.0167015,0.0,0.0
3.89622,0.0,0.0668058,0.0,0.0
3.8962,0.0,0.0167015,0.0,0.0
3.89642,0.0,0.0,0.0,0.0
3.89533,0.0,0.0167015,0.0,0.0
3.89599,0.0,0.0,0.0,0.0
3.89536,0.0,0.0668058,0.0,0.0
3.89637,0.0,0.0,0.0,0.0
3.89713,0.0,0.0167015,0.0,0.0
3.89699,0.0,0.0501044,0.0,0.0
3.89642,0.0,0.0167015,0.0,0.0
3.89643,0.0,0.0167015,0.0,0.0
3.89586,0.0,0.0167015,0.0,0.0
3.89674,0.0,0.0167015,0.0,0.0
3.89733,0.0,0.0167015,0.0,0.0
3.8971,0.0,0.0501044,0.0,0.0
3.8969,0.0,0.0,0.0,0.0
3.89655,0.0,0.0668058,0.0,0.0
3.89634,0.0,0.0,0.0,0.0
3.89718,0.0,0.0167015,0.0,0.0
3.89778,0.0,0.0501044,0.0,0.0
3.89819,0.0,0.0501044,0.0,0.0
3.89789,0.0,0.0167015,0.0,0.0
3.89778,0.0,0.0167015,0.0,0.0
3.89817,0.0,0.0501044,0.0,0.0
3.89818,0.0,0.0167015,0.0,0.0
3.8973,0.0,0.0501044,0.0,0.0
3.89822,0.0,0.0167015,0.0,0.0
3.89841,0.0,0.0167015,0.0,0.0
3.89791,0.0,0.0334029,0.0,0.0
3.89844,0.0,0.0,0.0,0.0
3.89934,0.0,0.0334029,0.0,0.0
3.8992,0.0,0.0501044,0.0,0.0
3.89914,0.0,0.0668058,0.0,0.0
3.89888,0.0,0.0,0.0,0.0
3.8993,0.0,0.0501044,0.0,0.0
3.89904,0.0,0.0167015,0.0,0.0
3.89944,0.0,0.0167015,0.0,0.0
3.89901,0.0,0.0167015,0.0,0.0
3.89808,0.0,0.0334029,0.0,0.0
3.8991,0.0,0.0668058,0.0,0.0
3.89937,0.0,0.0167015,0.0,0.0
3.89929,0.0,0.0167015,0.0,0.0
3.89944,0.0,0.0167015,0.0,0.0
3.89901,0.0,0.0167015,0.0,0.0
3.89851,0.0,0.0167015,0.0,0.0
3.89961,0.0,0.0334029,0.0,0.0
3.89942,0.0,0.0501044,0.0,0.0
3.89976,0.0,0.0501044,0.0,0.0
3.90031,0.0,0.0,0.0,0.0
3.90056,0.0,0.0501044,0.0,0.0
3.9004,0.0,0.0334029,0.0,0.0
3.9002,0.0,0.0501044,0.0,0.0
3.90103,0.0,0.0167015,0.0,0.0
3.90103,0.0,0.0167015,0.0,0.0
3.90083,0.0,0.0167015,0.0,0.0
3.9011,0.0,0.0167015,0.0,0.0
3.90153,0.0,0.0334029,0.0,0.0
3.90078,0.0,0.0167015,0.0,0.0
3.90095,0.0,0.0167015,0.0,0.0
3.90022,0.0,0.0167015,0.0,0.0
3.90097,0.0,0.0835073,0.0,0.0
3.90182,0.0,0.0334029,0.0,0.0
3.90121,0.0,0.0,0.0,0.0
3.90063,0.0,0.0,0.0,0.0
3.9009,0.0,0.0,0.0,0.0
3.90197,0.0,0.0334029,0.0,0.0
3.90136,0.0,0.0334029,0.0,0.0
3.90152,0.0,0.0334029,0.0,0.0
3.90123,0.0,0.0167015,0.0,0.0
3.90207,0.0,0.0,0.0,0.0
3.90295,0.0,0.0334029,0.0,0.0
3.90272,0.0,0.0334029,0.0,0.0
3.90231,0.0,0.0167015,0.0,0.0
3.90214,0.0,0.0334029,0.0,0.0
3.90218,0.0,0.0334029,0.0,0.0
3.90169,0.0,0.0,0.0,0.0
3.90289,0.0,0.0167015,0.0,0.0
3.90301,0.0,0.0334029,0.0,0.0
3.90253,0.0,0.0167015,0.0,0.0
3.90357,0.0,0.0501044,0.0,0.0
3.90304,0.0,0.0,0.0,0.0
3.90354,0.0,0.0167015,0.0,0.0
3.9038,0.0,0.0167015,0.0,0.0
3.90412,0.0,0.0334029,0.0,0.0
3.90309,0.0,0.0167015,0.0,0.0
3.90388,0.0,0.0334029,0.0,0.0
3.90359,0.0,0.0,0.0,0.0
3.90329,0.0,0.0334029,0.0,0.0
3.90309,0.0,0.0167015,0.0,0.0
3.90412,0.0,0.0334029,0.0,0.0
3.90421,0.0,0.0334029,0.0,0.0
3.90384,0.0,0.0501044,0.0,0.0
3.90382,0.0,0.0167015,0.0,0.0
3.90586,0.0,0.0835073,0.0,0.0
3.90552,0.0,0.0501044,0.0,0.0
3.90443,0.0,0.0334029,0.0,0.0
3.90406,0.0,0.0167015,0.0,0.0
3.90504,0.0,0.0,0.0,0.0
3.90567,0.0,0.0167015,0.0,0.0
3.90521,0.0,0.0334029,0.0,0.0
3.90521,0.0,0.0,0.0,0.0
3.90469,0.0,0.0334029,0.0,0.0
3.90459,0.0,0.0167015,0.0,0.0
3.90529,0.0,0.0501044,0.0,0.0
3.90521,0.0,0.0334029,0.0,0.0
3.90592,0.0,0.0167015,0.0,0.0
3.9062,0.0,0.0167015,0.0,0.0
3.90474,0.0,0.0,0.0,0.0
3.90513,0.0,0.0167015,0.0,0.0
3.90608,0.0,0.0167015,0.0,0.0
3.90488,0.0,0.0334029,0.0,0.0
3.90638,0.0,0.0167015,0.0,0.0
3.9059,0.0,0.0,0.0,0.0
3.90498,0.0,0.0167015,0.0,0.0
3.90574,0.0,0.0167015,0.0,0.0
3.90667,0.0,0.0167015,0.0,0.0
3.90547,0.0,0.0334029,0.0,0.0
3.90574,0.0,0.0,0.0,0.0
3.90578,0.0,0.0,0.0,0.0
3.90635,0.0,0.0334029,0.0,0.0
3.90676,0.0,0.100209,0.0,0.0
3.90727,0.0,0.0167015,0.0,0.0
3.9067,0.0,0.0167015,0.0,0.0
3.90736,0.0,0.0501044,0.0,0.0
3.90695,0.0,0.0,0.0,0.0
3.90803,0.0,0.0,0.0,0.0
3.90777,0.0,0.0167015,0.0,0.0
3.90765,0.0,0.0501044,0.0,0.0
3.90781,0.0,0.0167015,0.0,0.0
3.90759,0.0,0.0,0.0,0.0
3.90778,0.0,0.0501044,0.0,0.0
3.90798,0.0,0.0,0.0,0.0
3.90761,0.0,0.0501044,0.0,0.0
3.90878,0.0,0.0167015,0.0,0.0
3.90843,0.0,0.0,0.0,0.0
3.90746,0.0,0.0334029,0.0,0.0
3.90805,0.0,0.0334029,0.0,0.0
3.90818,0.0,0.0167015,0.0,0.0
3.90841,0.0,0.0334029,0.0,0.0
3.90721,0.0,0.0668058,0.0,0.0
3.90861,0.0,0.0167015,0.0,0.0
3.90835,0.0,0.0835073,0.0,0.0
3.9097,0.0,0.0167015,0.0,0.0
3.90958,0.0,0.0334029,0.0,0.0
3.90925,0.0,0.0167015,0.0,0.0
3.90892,0.0,0.0167015,0.0,0.0
3.90931,0.0,0.0501044,0.0,0.0
3.90902,0.0,0.0167015,0.0,0.0
3.90938,0.0,0.0167015,0.0,0.0
3.9088,0.0,0.0668058,0.0,0.0
3.90938,0.0,0.0167015,0.0,0.0
3.90923,0.0,0.0501044,0.0,0.0
3.91046,0.0,0.0,0.0,0.0
3.90988,0.0,0.0334029,0.0,0.0
3.9102,0.0,0.0,0.0,0.0
3.91028,0.0,0.0334029,0.0,0.0
3.9102,0.0,0.0167015,0.0,0.0
3.91051,0.0,0.0,0.0,0.0
3.91085,0.0,0.0334029,0.0,0.0
3.91072,0.0,0.0167015,0.0,0.0
3.91074,0.0,0.0,0.0,0.0
3.9109,0.0,0.0167015,0.0,0.0
3.91125,0.0,0.0,0.0,0.0
3.91137,0.0,0.0167015,0.0,0.0
3.91103,0.0,0.0334029,0.0,0.0
3.91197,0.0,0.0,0.0,0.0
3.91102,0.0,0.0,0.0,0.0
3.91107,0.0,0.0334029,0.0,0.0
3.91151,0.0,0.0835073,0.0,0.0
3.91104,0.0,0.0334029,0.0,0.0
3.91149,0.0,0.0668058,0.0,0.0
3.91078,0.0,0.0,0.0,0.0
3.91177,0.0,0.0167015,0.0,0.0
3.91148,0.0,0.0167015,0.0,0.0
3.91169,0.0,0.0,0.0,0.0
3.91194,0.0,0.0,0.0,0.0
3.9123,0.0,0.0,0.0,0.0
3.91205,0.0,0.0334029,0.0,0.0
3.91271,0.0,0.0167015,0.0,0.0
3.91243,0.0,0.0334029,0.0,0.0
3.91282,0.0,0.0,0.0,0.0
3.91221,0.0,0.0,0.0,0.0
3.91197,0.0,0.0,0.0,0.0
3.91348,0.0,0.0167015,0.0,0.0
3.91221,0.0,0.0334029,0.0,0.0
3.91388,0.0,0.0167015,0.0,0.0
3.91366,0.0,0.0501044,0.0,0.0
3.91382,0.0,0.0334029,0.0,0.0
3.91355,0.0,0.0334029,0.0,0.0
3.9139,0.0,0.0,0.0,0.0
3.9134,0.0,0.0167015,0.0,0.0
3.91372,0.0,0.0167015,0.0,0.0
3.91353,0.0,0.0,0.0,0.0
3.91276,0.0,0.0,0.0,0.0
3.91286,0.0,0.0167015,0.0,0.0
3.9138,0.0,0.0501044,0.0,0.0
3.91335,0.0,0.0167015,0.0,0.0
3.91291,0.0,0.0167015,0.0,0.0
3.91383,0.0,0.0,0.0,0.0
3.91428,0.0,0.0334029,0.0,0.0
3.91544,0.0,0.0835073,0.0,0.0
3.91545,0.0,0.0668058,0.0,0.0
3.91467,0.0,0.0167015,0.0,0.0
3.91479,0.0,0.0167015,0.0,0.0
3.91438,0.0,0.0,0.0,0.0
3.91524,0.0,0.0,0.0,0.0
3.91475,0.0,0.0167015,0.0,0.0
3.91489,0.0,0.0,0.0,0.0
3.91501,0.0,0.0167015,0.0,0.0
3.91539,0.0,0.0167015,0.0,0.0
3.91568,0.0,0.0,0.0,0.0
3.9149,0.0,0.0167015,0.0,0.0
3.91511,0.0,0.0,0.0,0.0
3.91508,0.0,0.0,0.0,0.0
3.91519,0.0,0.0167015,0.0,0.0
3.91546,0.0,0.0334029,0.0,0.0
3.91567,0.0,0.0,0.0,0.0
3.91513,0.0,0.0334029,0.0,0.0
3.91642,0.0,0.0167015,0.0,0.0
3.91604,0.0,0.0,0.0,0.0
3.91594,0.0,0.0,0.0,0.0
3.91606,0.0,0.0,0.0,0.0
3.9175,0.0,0.0334029,0.0,0.0
3.9172,0.0,0.0334029,0.0,0.0
3.91742,0.0,0.0167015,0.0,0.0
3.91595,0.0,0.0,0.0,0.0
3.91596,0.0,0.0167015,0.0,0.0
3.91757,0.0,0.0167015,0.0,0.0
3.91682,0.0,0.0501044,0.0,0.0
3.9172,0.0,0.0668058,0.0,0.0
3.91771,0.0,0.0,0.0,0.0
3.91827,0.0,0.0668058,0.0,0.0
3.9173,0.0,0.0334029,0.0,0.0
3.91688,0.0,0.0167015,0.0,0.0
3.9175,0.0,0.0668058,0.0,0.0
3.91697,0.0,0.0,0.0,0.0
3.91684,0.0,0.0334029,0.0,0.0
3.91765,0.0,0.0334029,0.0,0.0
3.9174,0.0,0.0,0.0,0.0
3.9171,0.0,0.0501044,0.0,0.0
3.91723,0.0,0.0167015,0.0,0.0
3.91771,0.0,0.0167015,0.0,0.0
3.91766,0.0,0.0,0.0,0.0
3.91842,0.0,0.0501044,0.0,0.0
3.91838,0.0,0.0334029,0.0,0.0
3.9184,0.0,0.0,0.0,0.0
3.91872,0.0,0.0334029,0.0,0.0
3.91925,0.0,0.0334029,0.0,0.0
3.9192,0.0,0.0334029,0.0,0.0
3.91865,0.0,0.0167015,0.0,0.0
3.91986,0.0,0.0501044,0.0,0.0
3.91952,0.0,0.0334029,0.0,0.0
3.91776,0.0,0.0501044,0.0,0.0
3.91966,0.0,0.0501044,0.0,0.0
3.92012,0.0,0.0501044,0.0,0.0
3.91879,0.0,0.0167015,0.0,0.0
3.9194,0.0,0.0167015,0.0,0.0
3.92118,0.0,0.0501044,0.0,0.0
3.92051,0.0,0.0334029,0.0,0.0
3.91874,0.0,0.0167015,0.0,0.0
3.91968,0.0,0.0835073,0.0,0.0
3.92056,0.0,0.0334029,0.0,0.0
3.91856,0.0,0.0167015,0.0,0.0
3.91903,0.0,0.0334029,0.0,0.0
3.91996,0.0,0.0167015,0.0,0.0
3.91996,0.0,0.0167015,0.0,0.0
3.91992,0.0,0.0,0.0,0.0
3.92037,0.0,0.0501044,0.0,0.0
3.91999,0.0,0.0167015,0.0,0.0
3.92012,0.0,0.0334029,0.0,0.0
3.92026,0.0,0.0167015,0.0,0.0
3.92105,0.0,0.0334029,0.0,0.0
3.92105,0.0,0.0334029,0.0,0.0
3.92063,0.0,0.0334029,0.0,0.0
3.92086,0.0,0.0,0.0,0.0
3.9207,0.0,0.0334029,0.0,0.0
3.9217,0.0,0.0334029,0.0,0.0
3.92128,0.0,0.0167015,0.0,0.0
3.92161,0.0,0.0,0.0,0.0
3.9224,0.0,0.0167015,0.0,0.0
3.92211,0.0,0.0334029,0.0,0.0
3.92188,0.0,0.0501044,0.0,0.0
3.92158,0.0,0.0167015,0.0,0.0
3.92178,0.0,0.0,0.0,0.0
3.92257,0.0,0.0668058,0.0,0.0
3.92261,0.0,0.0167015,0.0,0.0
3.92275,0.0,0.0167015,0.0,0.0
3.92241,0.0,0.0501044,0.0,0.0
3.92171,0.0,0.0167015,0.0,0.0
3.92222,0.0,0.0167015,0.0,0.0
3.92355,0.0,0.0501044,0.0,0.0
3.92334,0.0,0.0668058,0.0,0.0
3.92288,0.0,0.0334029,0.0,0.0
3.92358,0.0,0.0,0.0,0.0
3.92304,0.0,0.0,0.0,0.0
3.92261,0.0,0.0,0.0,0.0
3.92303,0.0,0.0167015,0.0,0.0
3.92304,0.0,0.0,0.0,0.0
3.92342,0.0,0.0334029,0.0,0.0
3.92362,0.0,0.0501044,0.0,0.0
3.92362,0.0,0.0167015,0.0,0.0
3.92382,0.0,0.0334029,0.0,0.0
3.92372,0.0,0.0668058,0.0,0.0
3.92461,0.0,0.0167015,0.0,0.0
3.92485,0.0,0.0334029,0.0,0.0
3.92387,0.0,0.0334029,0.0,0.0
3.9239,0.0,0.0501044,0.0,0.0
3.92423,0.0,0.0,0.0,0.0
3.92355,0.0,0.0668058,0.0,0.0
3.92426,0.0,0.0167015,0.0,0.0
3.92402,0.0,0.0,0.0,0.0
3.92449,0.0,0.0,0.0,0.0
3.92554,0.0,0.0668058,0.0,0.0
3.92429,0.0,0.0334029,0.0,0.0
3.92452,0.0,0.0501044,0.0,0.0
3.92569,0.0,0.0334029,0.0,0.0
3.92482,0.0,0.0167015,0.0,0.0
3.92482,0.0,0.0,0.0,0.0
3.92563,0.0,0.0,0.0,0.0
3.92647,0.0,0.0167015,0.0,0.0
3.92568,0.0,0.0167015,0.0,0.0
3.92579,0.0,0.0167015,0.0,0.0
3.92557,0.0,0.0,0.0,0.0
3.92553,0.0,0.0334029,0.0,0.0
3.92646,0.0,0.0,0.0,0.0
3.92557,0.0,0.0,0.0,0.0
3.92562,0.0,0.0334029,0.0,0.0
3.92668,0.0,0.0334029,0.0,0.0
3.92617,0.0,0.0,0.0,0.0
3.92612,0.0,0.0167015,0.0,0.0
3.92582,0.0,0.0334029,0.0,0.0
3.92629,0.0,0.0334029,0.0,0.0
3.9259,0.0,0.0167015,0.0,0.0
3.92565,0.0,0.0167015,0.0,0.0
3.92638,0.0,0.0334029,0.0,0.0
3.92667,0.0,0.0,0.0,0.0
3.9265,0.0,0.0334029,0.0,0.0
3.92758,0.0,0.0167015,0.0,0.0
3.92694,0.0,0.0,0.0,0.0
3.92735,0.0,0.0167015,0.0,0.0
3.92887,0.0,0.0334029,0.0,0.0
3.9271,0.0,0.0167015,0.0,0.0
3.92711,0.0,0.0334029,0.0,0.0
3.92712,0.0,0.0167015,0.0,0.0
3.92742,0.0,0.0334029,0.0,0.0
3.92764,0.0,0.0334029,0.0,0.0
3.92879,0.0,0.0167015,0.0,0.0
3.92864,0.0,0.0501044,0.0,0.0
3.92768,0.0,0.0,0.0,0.0
3.92791,0.0,0.0167015,0.0,0.0
3.92811,0.0,0.0334029,0.0,0.0
3.92771,0.0,0.0334029,0.0,0.0
3.92882,0.0,0.0167015,0.0,0.0
3.92912,0.0,0.0,0.0,0.0
3.92848,0.0,0.0,0.0,0.0
3.92921,0.0,0.0,0.0,0.0
3.92927,0.0,0.0167015,0.0,0.0
3.92862,0.0,0.0167015,0.0,0.0
3.92828,0.0,0.0,0.0,0.0
3.92857,0.0,0.0501044,0.0,0.0
3.92852,0.0,0.0,0.0,0.0
3.92885,0.0,0.0,0.0,0.0
3.92954,0.0,0.0334029,0.0,0.0
3.92935,0.0,0.0,0.0,0.0
3.92964,0.0,0.0167015,0.0,0.0
3.92997,0.0,0.0167015,0.0,0.0
3.92938,0.0,0.0334029,0.0,0.0
3.93041,0.0,0.0167015,0.0,0.0
3.9306,0.0,0.0334029,0.0,0.0
3.93049,0.0,0.0,0.0,0.0
3.93021,0.0,0.0,0.0,0.0
3.92957,0.0,0.0334029,0.0,0.0
3.9301,0.0,0.0167015,0.0,0.0
3.9313,0.0,0.0,0.0,0.0
3.93047,0.0,0.0501044,0.0,0.0
3.92991,0.0,0.0167015,0.0,0.0
3.93016,0.0,0.0,0.0,0.0
3.93024,0.0,0.0167015,0.0,0.0
3.93128,0.0,0.0668058,0.0,0.0
3.93152,0.0,0.0334029,0.0,0.0
3.93151,0.0,0.0167015,0.0,0.0
3.93088,0.0,0.0501044,0.0,0.0
3.93091,0.0,0.0167015,0.0,0.0
3.93087,0.0,0.0668058,0.0,0.0
3.93127,0.0,0.0334029,0.0,0.0
3.93016,0.0,0.0334029,0.0,0.0
3.93182,0.0,0.0,0.0,0.0
3.93243,0.0,0.0167015,0.0,0.0
3.93213,0.0,0.0501044,0.0,0.0
3.93191,0.0,0.0,0.0,0.0
3.9307,0.0,0.0,0.0,0.0
3.93255,0.0,0.0167015,0.0,0.0
3.93276,0.0,0.0501044,0.0,0.0
3.93266,0.0,0.0,0.0,0.0
3.93152,0.0,0.0167015,0.0,0.0
3.93248,0.0,0.0167015,0.0,0.0
3.93269,0.0,0.0167015,0.0,0.0
3.93178,0.0,0.0,0.0,0.0
3.9333,0.0,0.0,0.0,0.0
3.93388,0.0,0.0334029,0.0,0.0
3.93282,0.0,0.0334029,0.0,0.0
3.93338,0.0,0.0167015,0.0,0.0
3.93333,0.0,0.0501044,0.0,0.0
3.93362,0.0,0.0501044,0.0,0.0
3.93396,0.0,0.0334029,0.0,0.0
3.93339,0.0,0.0,0.0,0.0
3.93281,0.0,0.0501044,0.0,0.0
3.93325,0.0,0.0167015,0.0,0.0
3.93391,0.0,0.0,0.0,0.0
3.93372,0.0,0.0334029,0.0,0.0
3.93339,0.0,0.0167015,0.0,0.0
3.93265,0.0,0.0167015,0.0,0.0
3.934,0.0,0.0,0.0,0.0
3.93437,0.0,0.0334029,0.0,0.0
3.93403,0.0,0.0334029,0.0,0.0
3.93479,0.0,0.0334029,0.0,0.0
3.93491,0.0,0.0,0.0,0.0
3.93394,0.0,0.0167015,0.0,0.0
3.93481,0.0,0.0167015,0.0,0.0
3.9346,0.0,0.0167015,0.0,0.0
3.93408,0.0,0.0,0.0,0.0
3.93478,0.0,0.0167015,0.0,0.0
3.93515,0.0,0.0,0.0,0.0
3.93503,0.0,0.0334029,0.0,0.0
3.93534,0.0,0.0,0.0,0.0
3.93627,0.0,0.0334029,0.0,0.0
3.93604,0.0,0.0,0.0,0.0
3.93519,0.0,0.0334029,0.0,0.0
3.93565,0.0,0.0,0.0,0.0
3.93583,0.0,0.0167015,0.0,0.0
3.93605,0.0,0.0,0.0,0.0
3.93575,0.0,0.0501044,0.0,0.0
3.93618,0.0,0.0334029,0.0,0.0
3.93631,0.0,0.0167015,0.0,0.0
3.93603,0.0,0.0,0.0,0.0
3.93533,0.0,0.0,0.0,0.0
3.93605,0.0,0.0334029,0.0,0.0
3.93596,0.0,0.0334029,0.0,0.0
3.93583,0.0,0.0501044,0.0,0.0
3.93583,0.0,0.0,0.0,0.0
3.93593,0.0,0.0501044,0.0,0.0
3.93601,0.0,0.0167015,0.0,0.0
3.93612,0.0,0.0167015,0.0,0.0
3.93643,0.0,0.0668058,0.0,0.0
3.93609,0.0,0.0,0.0,0.0
3.93692,0.0,0.0501044,0.0,0.0
3.93704,0.0,0.0835073,0.0,0.0
3.93678,0.0,0.0334029,0.0,0.0
3.937,0.0,0.0167015,0.0,0.0
3.93711,0.0,0.0334029,0.0,0.0
3.93722,0.0,0.0167015,0.0,0.0
3.93759,0.0,0.0167015,0.0,0.0
3.93846,0.0,0.0668058,0.0,0.0
3.9383,0.0,0.0167015,0.0,0.0
3.93816,0.0,0.0501044,0.0,0.0
3.938,0.0,0.0668058,0.0,0.0
3.93789,0.0,0.0167015,0.0,0.0
3.93839,0.0,0.0,0.0,0.0
3.93918,0.0,0.0167015,0.0,0.0
3.93903,0.0,0.0334029,0.0,0.0
3.93774,0.0,0.0501044,0.0,0.0
3.93794,0.0,0.0,0.0,0.0
3.93766,0.0,0.0334029,0.0,0.0
3.93875,0.0,0.0334029,0.0,0.0
3.93924,0.0,0.0501044,0.0,0.0
3.93921,0.0,0.0501044,0.0,0.0
3.9385,0.0,0.0167015,0.0,0.0
3.93823,0.0,0.0501044,0.0,0.0
3.93917,0.0,0.0167015,0.0,0.0
3.9394,0.0,0.0501044,0.0,0.0
3.93881,0.0,0.0167015,0.0,0.0
3.93956,0.0,0.0334029,0.0,0.0
3.93897,0.0,0.0167015,0.0,0.0
3.9394,0.0,0.0,0.0,0.0
3.94002,0.0,0.0,0.0,0.0
3.94001,0.0,0.0167015,0.0,0.0
3.93897,0.0,0.0,0.0,0.0
3.94001,0.0,0.0,0.0,0.0
3.94003,0.0,0.0334029,0.0,0.0
3.93971,0.0,0.0334029,0.0,0.0
3.93955,0.0,0.0167015,0.0,0.0
3.94021,0.0,0.0167015,0.0,0.0
3.93992,0.0,0.0167015,0.0,0.0
3.93966,0.0,0.0,0.0,0.0
3.94061,0.0,0.0334029,0.0,0.0
3.93976,0.0,0.0,0.0,0.0
3.94048,0.0,0.0167015,0.0,0.0
3.94053,0.0,0.0167015,0.0,0.0
3.93967,0.0,0.0668058,0.0,0.0
3.94032,0.0,0.0,0.0,0.0
3.94099,0.0,0.0,0.0,0.0
3.94105,0.0,0.0,0.0,0.0
3.9419,0.0,0.0334029,0.0,0.0
3.94189,0.0,0.0,0.0,0.0
3.94174,0.0,0.0167015,0.0,0.0
3.94154,0.0,0.0167015,0.0,0.0
3.94113,0.0,0.0167015,0.0,0.0
3.94148,0.0,0.0167015,0.0,0.0
3.94126,0.0,0.0,0.0,0.0
3.94157,0.0,0.0167015,0.0,0.0
3.94218,0.0,0.0334029,0.0,0.0
3.94153,0.0,0.0334029,0.0,0.0
3.94175,0.0,0.0,0.0,0.0
3.94231,0.0,0.0167015,0.0,0.0
3.94239,0.0,0.0167015,0.0,0.0
3.94258,0.0,0.0,0.0,0.0
3.94217,0.0,0.0167015,0.0,0.0
3.94236,0.0,0.0,0.0,0.0
3.94246,0.0,0.0,0.0,0.0
3.94196,0.0,0.0,0.0,0.0
3.94303,0.0,0.0167015,0.0,0.0
3.94308,0.0,0.0501044,0.0,0.0
3.9423,0.0,0.0167015,0.0,0.0
3.942,0.0,0.0334029,0.0,0.0
3.94334,0.0,0.0501044,0.0,0.0
3.94246,0.0,0.0334029,0.0,0.0
3.94302,0.0,0.0,0.0,0.0
3.94379,0.0,0.0334029,0.0,0.0
3.94235,0.0,0.0167015,0.0,0.0
3.94278,0.0,0.0668058,0.0,0.0
3.94352,0.0,0.0167015,0.0,0.0
3.94393,0.0,0.0167015,0.0,0.0
3.94435,0.0,0.0668058,0.0,0.0
3.94363,0.0,0.0,0.0,0.0
3.94446,0.0,0.0,0.0,0.0
3.9447,0.0,0.0501044,0.0,0.0
3.94398,0.0,0.0167015,0.0,0.0
3.94401,0.0,0.0167015,0.0,0.0
3.94494,0.0,0.0,0.0,0.0
3.94465,0.0,0.0167015,0.0,0.0
3.944,0.0,0.0501044,0.0,0.0
3.94495,0.0,0.0334029,0.0,0.0
3.94486,0.0,0.0501044,0.0,0.0
3.945,0.0,0.0501044,0.0,0.0
3.94455,0.0,0.0167015,0.0,0.0
3.94478,0.0,0.0501044,0.0,0.0
3.94458,0.0,0.0167015,0.0,0.0
3.94456,0.0,0.0,0.0,0.0
3.94512,0.0,0.0,0.0,0.0
3.94534,0.0,0.0334029,0.0,0.0
3.94467,0.0,0.0167015,0.0,0.0
3.94546,0.0,0.0501044,0.0,0.0
3.94546,0.0,0.0,0.0,0.0
3.94563,0.0,0.0334029,0.0,0.0
3.9458,0.0,0.0,0.0,0.0
3.94609,0.0,0.0167015,0.0,0.0
3.94537,0.0,0.0501044,0.0,0.0
3.94621,0.0,0.0501044,0.0,0.0
3.94546,0.0,0.0167015,0.0,0.0
3.9464,0.0,0.0,0.0,0.0
3.94745,0.0,0.0167015,0.0,0.0
3.94672,0.0,0.0,0.0,0.0
3.94661,0.0,0.0334029,0.0,0.0
3.94671,0.0,0.0501044,0.0,0.0
3.94701,0.0,0.0,0.0,0.0
3.94695,0.0,0.0167015,0.0,0.0
3.94758,0.0,0.0334029,0.0,0.0
3.94752,0.0,0.0167015,0.0,0.0
3.94717,0.0,0.0167015,0.0,0.0
3.9472,0.0,0.0167015,0.0,0.0
3.94787,0.0,0.0167015,0.0,0.0
3.94815,0.0,0.0167015,0.0,0.0
3.94713,0.0,0.0,0.0,0.0
3.94716,0.0,0.0167015,0.0,0.0
3.94786,0.0,0.0,0.0,0.0
3.94787,0.0,0.0501044,0.0,0.0
3.94722,0.0,0.0334029,0.0,0.0
3.94694,0.0,0.0334029,0.0,0.0
3.94771,0.0,0.0167015,0.0,0.0
3.9478,0.0,0.0,0.0,0.0
3.94842,0.0,0.0,0.0,0.0
3.94789,0.0,0.0,0.0,0.0
3.94924,0.0,0.0167015,0.0,0.0
3.94944,0.0,0.0,0.0,0.0
3.94901,0.0,0.0,0.0,0.0
3.94891,0.0,0.0167015,0.0,0.0
3.94896,0.0,0.0334029,0.0,0.0
3.94967,0.0,0.0167015,0.0,0.0
3.94987,0.0,0.0,0.0,0.0
3.95026,0.0,0.0668058,0.0,0.0
3.94951,0.0,0.0,0.0,0.0
3.9491,0.0,0.0,0.0,0.0
3.94915,0.0,0.0,0.0,0.0
3.94964,0.0,0.0501044,0.0,0.0
3.94953,0.0,0.0,0.0,0.0
3.94991,0.0,0.0167015,0.0,0.0
3.95011,0.0,0.0167015,0.0,0.0
3.94895,0.0,0.0,0.0,0.0
3.94948,0.0,0.0167015,0.0,0.0
3.95019,0.0,0.0,0.0,0.0
3.94924,0.0,0.0167015,0.0,0.0
3.94941,0.0,0.0,0.0,0.0
3.94998,0.0,0.0167015,0.0,0.0
3.94971,0.0,0.0,0.0,0.0
3.94992,0.0,0.0167015,0.0,0.0
3.95051,0.0,0.0334029,0.0,0.0
3.95119,0.0,0.0668058,0.0,0.0
3.95089,0.0,0.0,0.0,0.0
3.95088,0.0,0.0167015,0.0,0.0
3.95072,0.0,0.0334029,0.0,0.0
3.95158,0.0,0.0334029,0.0,0.0
3.95203,0.0,0.0,0.0,0.0
3.95283,0.0,0.0668058,0.0,0.0
3.95271,0.0,0.0167015,0.0,0.0
3.95174,0.0,0.0167015,0.0,0.0
3.95153,0.0,0.0334029,0.0,0.0
3.95216,0.0,0.0334029,0.0,0.0
3.95159,0.0,0.0,0.0,0.0
3.95148,0.0,0.0501044,0.0,0.0
3.95163,0.0,0.0167015,0.0,0.0
3.95103,0.0,0.0,0.0,0.0
3.95299,0.0,0.0167015,0.0,0.0
3.9528,0.0,0.0167015,0.0,0.0
3.95185,0.0,0.0,0.0,0.0
3.95234,0.0,0.0167015,0.0,0.0
3.95284,0.0,0.0167015,0.0,0.0
3.95262,0.0,0.0167015,0.0,0.0
3.9515,0.0,0.0,0.0,0.0
3.95246,0.0,0.0,0.0,0.0
3.95333,0.0,0.0,0.0,0.0
3.95367,0.0,0.0,0.0,0.0
3.95365,0.0,0.0167015,0.0,0.0
3.95322,0.0,0.0501044,0.0,0.0
3.95381,0.0,0.0167015,0.0,0.0
3.95385,0.0,0.0334029,0.0,0.0
3.95288,0.0,0.0167015,0.0,0.0
3.95422,0.0,0.0668058,0.0,0.0
3.9547,0.0,0.0334029,0.0,0.0
3.95401,0.0,0.0,0.0,0.0
3.95331,0.0,0.0334029,0.0,0.0
3.95459,0.0,0.0167015,0.0,0.0
3.95473,0.0,0.0167015,0.0,0.0
3.95422,0.0,0.0501044,0.0,0.0
3.95342,0.0,0.0334029,0.0,0.0
3.95356,0.0,0.0,0.0,0.0
3.95393,0.0,0.0334029,0.0,0.0
3.95388,0.0,0.0167015,0.0,0.0
3.95373,0.0,0.0,0.0,0.0
3.95356,0.0,0.0334029,0.0,0.0
3.95425,0.0,0.0334029,0.0,0.0
3.95445,0.0,0.0,0.0,0.0
3.95457,0.0,0.0,0.0,0.0
3.95465,0.0,0.0501044,0.0,0.0
3.95533,0.0,0.0167015,0.0,0.0
3.95515,0.0,0.0334029,0.0,0.0
3.95476,0.0,0.0,0.0,0.0
3.95526,0.0,0.0334029,0.0,0.0
3.95513,0.0,0.0167015,0.0,0.0
3.95474,0.0,0.0,0.0,0.0
3.95639,0.0,0.0334029,0.0,0.0
3.95631,0.0,0.0167015,0.0,0.0
3.95558,0.0,0.0,0.0,0.0
3.95594,0.0,0.0167015,0.0,0.0
3.95622,0.0,0.0,0.0,0.0
3.95612,0.0,0.0,0.0,0.0
3.95609,0.0,0.0167015,0.0,0.0
3.95508,0.0,0.0167015,0.0,0.0
3.95636,0.0,0.0334029,0.0,0.0
3.95689,0.0,0.0,0.0,0.0
3.9564,0.0,0.0,0.0,0.0
3.9557,0.0,0.0334029,0.0,0.0
3.95578,0.0,0.0167015,0.0,0.0
3.9565,0.0,0.0167015,0.0,0.0
3.95697,0.0,0.0167015,0.0,0.0
3.95615,0.0,0.0334029,0.0,0.0
3.95714,0.0,0.0,0.0,0.0
3.95675,0.0,0.0334029,0.0,0.0
3.95565,0.0,0.0334029,0.0,0.0
3.956,0.0,0.0334029,0.0,0.0
3.95686,0.0,0.0167015,0.0,0.0
3.95839,0.0,0.0167015,0.0,0.0
3.9584,0.0,0.0167015,0.0,0.0
3.95738,0.0,0.0,0.0,0.0
3.95805,0.0,0.0,0.0,0.0
3.95899,0.0,0.0167015,0.0,0.0
3.95807,0.0,0.0167015,0.0,0.0
3.95803,0.0,0.0167015,0.0,0.0
3.958,0.0,0.0,0.0,0.0
3.95785,0.0,0.0,0.0,0.0
3.95878,0.0,0.0,0.0,0.0
3.95881,0.0,0.0,0.0,0.0
3.95794,0.0,0.0167015,0.0,0.0
3.95971,0.0,0.0167015,0.0,0.0
3.95867,0.0,0.0167015,0.0,0.0
3.95823,0.0,0.0668058,0.0,0.0
3.9591,0.0,0.0,0.0,0.0
3.95871,0.0,0.0,0.0,0.0
3.95884,0.0,0.0334029,0.0,0.0
3.95847,0.0,0.0167015,0.0,0.0
3.95887,0.0,0.0167015,0.0,0.0
3.95916,0.0,0.0334029,0.0,0.0
3.95879,0.0,0.0167015,0.0,0.0
3.95882,0.0,0.0334029,0.0,0.0
3.96032,0.0,0.0,0.0,0.0
3.95982,0.0,0.0,0.0,0.0
3.96045,0.0,0.0334029,0.0,0.0
3.95964,0.0,0.0167015,0.0,0.0
3.95949,0.0,0.0,0.0,0.0
3.96008,0.0,0.0167015,0.0,0.0
3.96053,0.0,0.0167015,0.0,0.0
3.96047,0.0,0.0167015,0.0,0.0
3.96083,0.0,0.0334029,0.0,0.0
3.96053,0.0,0.0334029,0.0,0.0
3.96042,0.0,0.0501044,0.0,0.0
3.96052,0.0,0.0,0.0,0.0
3.96113,0.0,0.0167015,0.0,0.0
3.96024,0.0,0.0167015,0.0,0.0
3.95998,0.0,0.0,0.0,0.0
3.96062,0.0,0.0,0.0,0.0
3.96059,0.0,0.0,0.0,0.0
3.96005,0.0,0.0167015,0.0,0.0
3.96106,0.0,0.0501044,0.0,0.0
3.96134,0.0,0.0,0.0,0.0
3.96172,0.0,0.0167015,0.0,0.0
3.96239,0.0,0.0501044,0.0,0.0
3.96182,0.0,0.0,0.0,0.0
3.96165,0.0,0.0334029,0.0,0.0
3.96183,0.0,0.0,0.0,0.0
3.9614,0.0,0.0167015,0.0,0.0
3.96206,0.0,0.0,0.0,0.0
3.96112,0.0,0.0167015,0.0,0.0
3.96141,0.0,0.0,0.0,0.0
3.9622,0.0,0.0167015,0.0,0.0
3.96252,0.0,0.0,0.0,0.0
3.96265,0.0,0.0,0.0,0.0
3.96281,0.0,0.0,0.0,0.0
3.96088,0.0,0.0,0.0,0.0
3.96155,0.0,0.0,0.0,0.0
3.96347,0.0,0.0167015,0.0,0.0
3.96289,0.0,0.0167015,0.0,0.0
3.96308,0.0,0.0334029,0.0,0.0
3.96267,0.0,0.0167015,0.0,0.0
3.96298,0.0,0.0,0.0,0.0
3.96321,0.0,0.0167015,0.0,0.0
3.96449,0.0,0.0334029,0.0,0.0
3.96264,0.0,0.0167015,0.0,0.0
3.96284,0.0,0.0,0.0,0.0
3.9639,0.0,0.0668058,0.0,0.0
3.96359,0.0,0.0167015,0.0,0.0
3.96329,0.0,0.0334029,0.0,0.0
3.96315,0.0,0.0,0.0,0.0
3.96272,0.0,0.0501044,0.0,0.0
3.96345,0.0,0.0167015,0.0,0.0
3.96325,0.0,0.0167015,0.0,0.0
3.96369,0.0,0.0,0.0,0.0
3.96437,0.0,0.0,0.0,0.0
3.96513,0.0,0.0,0.0,0.0
3.96543,0.0,0.0167015,0.0,0.0
3.96414,0.0,0.0167015,0.0,0.0
3.96399,0.0,0.0,0.0,0.0
3.96541,0.0,0.0167015,0.0,0.0
3.96457,0.0,0.0,0.0,0.0
3.96488,0.0,0.0334029,0.0,0.0
3.96576,0.0,0.0668058,0.0,0.0
3.96583,0.0,0.0167015,0.0,0.0
3.96625,0.0,0.0,0.0,0.0
3.96525,0.0,0.0,0.0,0.0
3.96574,0.0,0.0334029,0.0,0.0
3.96573,0.0,0.0167015,0.0,0.0
3.9653,0.0,0.0167015,0.0,0.0
3.96582,0.0,0.0501044,0.0,0.0
3.9664,0.0,0.0,0.0,0.0
3.96598,0.0,0.0668058,0.0,0.0
3.96601,0.0,0.0167015,0.0,0.0
3.96509,0.0,0.0167015,0.0,0.0
3.96534,0.0,0.0,0.0,0.0
3.96505,0.0,0.0334029,0.0,0.0
3.96511,0.0,0.0167015,0.0,0.0
3.96587,0.0,0.0334029,0.0,0.0
3.96571,0.0,0.0167015,0.0,0.0
3.96575,0.0,0.0167015,0.0,0.0
3.96652,0.0,0.0167015,0.0,0.0
3.96783,0.0,0.0334029,0.0,0.0
3.96725,0.0,0.0167015,0.0,0.0
3.96756,0.0,0.0167015,0.0,0.0
3.96746,0.0,0.0,0.0,0.0
3.9665,0.0,0.0167015,0.0,0.0
3.96699,0.0,0.0334029,0.0,0.0
3.96775,0.0,0.0,0.0,0.0
3.96865,0.0,0.0501044,0.0,0.0
3.96787,0.0,0.0167015,0.0,0.0
3.96685,0.0,0.0167015,0.0,0.0
3.9685,0.0,0.0334029,0.0,0.0
3.96791,0.0,0.0,0.0,0.0
3.96749,0.0,0.0,0.0,0.0
3.96762,0.0,0.0167015,0.0,0.0
3.96702,0.0,0.0,0.0,0.0
3.96678,0.0,0.0501044,0.0,0.0
3.96822,0.0,0.0,0.0,0.0
3.96701,0.0,0.0167015,0.0,0.0
3.9668,0.0,0.0,0.0,0.0
3.96836,0.0,0.0501044,0.0,0.0
3.96845,0.0,0.0167015,0.0,0.0
3.96816,0.0,0.0,0.0,0.0
3.96812,0.0,0.0167015,0.0,0.0
3.96813,0.0,0.0,0.0,0.0
3.96891,0.0,0.0167015,0.0,0.0
3.96938,0.0,0.0334029,0.0,0.0
3.96939,0.0,0.0334029,0.0,0.0
3.96951,0.0,0.0167015,0.0,0.0
3.97023,0.0,0.0334029,0.0,0.0
3.97011,0.0,0.0167015,0.0,0.0
3.97021,0.0,0.0501044,0.0,0.0
3.97053,0.0,0.0167015,0.0,0.0
3.97016,0.0,0.0,0.0,0.0
3.96931,0.0,0.0167015,0.0,0.0
3.96979,0.0,0.0,0.0,0.0
3.97032,0.0,0.0501044,0.0,0.0
3.96966,0.0,0.0167015,0.0,0.0
3.96987,0.0,0.0167015,0.0,0.0
3.96994,0.0,0.0,0.0,0.0
3.97019,0.0,0.0,0.0,0.0
3.96942,0.0,0.0,0.0,0.0
3.97006,0.0,0.0167015,0.0,0.0
3.96984,0.0,0.0167015,0.0,0.0
3.97028,0.0,0.0167015,0.0,0.0
3.97019,0.0,0.0334029,0.0,0.0
3.96962,0.0,0.0334029,0.0,0.0
3.96995,0.0,0.0167015,0.0,0.0
3.97144,0.0,0.0,0.0,0.0
3.97191,0.0,0.0167015,0.0,0.0
3.97244,0.0,0.0167015,0.0,0.0
3.97254,0.0,0.0167015,0.0,0.0
3.9719,0.0,0.0,0.0,0.0
3.97138,0.0,0.0,0.0,0.0
3.97114,0.0,0.0,0.0,0.0
3.97145,0.0,0.0167015,0.0,0.0
3.97297,0.0,0.0167015,0.0,0.0
3.97227,0.0,0.0167015,0.0,0.0
3.97115,0.0,0.0,0.0,0.0
3.97118,0.0,0.0,0.0,0.0
3.97225,0.0,0.0501044,0.0,0.0
3.97268,0.0,0.0167015,0.0,0.0
3.97179,0.0,0.0334029,0.0,0.0
3.97255,0.0,0.0,0.0,0.0
3.97274,0.0,0.0167015,0.0,0.0
3.97182,0.0,0.0,0.0,0.0
3.97216,0.0,0.0,0.0,0.0
3.97237,0.0,0.0334029,0.0,0.0
3.97281,0.0,0.0,0.0,0.0
3.97386,0.0,0.0334029,0.0,0.0
3.97277,0.0,0.0,0.0,0.0
3.97259,0.0,0.0,0.0,0.0
3.97233,0.0,0.0334029,0.0,0.0
3.97353,0.0,0.0,0.0,0.0
3.97367,0.0,0.0501044,0.0,0.0
3.97359,0.0,0.0167015,0.0,0.0
3.97294,0.0,0.0,0.0,0.0
3.97421,0.0,0.0334029,0.0,0.0
3.97404,0.0,0.0167015,0.0,0.0
3.97374,0.0,0.0,0.0,0.0
3.9744,0.0,0.0167015,0.0,0.0
3.97446,0.0,0.0167015,0.0,0.0
3.97344,0.0,0.0334029,0.0,0.0
3.97385,0.0,0.0,0.0,0.0
3.97523,0.0,0.0167015,0.0,0.0
3.97454,0.0,0.0,0.0,0.0
3.97479,0.0,0.0501044,0.0,0.0
3.97455,0.0,0.0,0.0,0.0
3.97386,0.0,0.0334029,0.0,0.0
3.97439,0.0,0.0334029,0.0,0.0
3.97487,0.0,0.0,0.0,0.0
3.97474,0.0,0.0167015,0.0,0.0
3.97523,0.0,0.0167015,0.0,0.0
3.97549,0.0,0.0,0.0,0.0
3.97469,0.0,0.0,0.0,0.0
3.97498,0.0,0.0167015,0.0,0.0
3.9754,0.0,0.0,0.0,0.0
3.97529,0.0,0.0,0.0,0.0
3.9754,0.0,0.0,0.0,0.0
3.97596,0.0,0.0,0.0,0.0
3.97591,0.0,0.0501044,0.0,0.0
3.97666,0.0,0.0,0.0,0.0
3.9762,0.0,0.0334029,0.0,0.0
3.97604,0.0,0.0,0.0,0.0
3.97679,0.0,0.0835073,0.0,0.0
3.97682,0.0,0.0334029,0.0,0.0
3.97537,0.0,0.0,0.0,0.0
3.97597,0.0,0.0,0.0,0.0
3.97691,0.0,0.0167015,0.0,0.0
3.97633,0.0,0.0,0.0,0.0
3.97583,0.0,0.0,0.0,0.0
3.97717,0.0,0.0,0.0,0.0
3.97674,0.0,0.0,0.0,0.0
3.97692,0.0,0.0334029,0.0,0.0
3.97663,0.0,0.0,0.0,0.0
3.97793,0.0,0.0334029,0.0,0.0
3.97881,0.0,0.0167015,0.0,0.0
3.97795,0.0,0.0167015,0.0,0.0
3.97714,0.0,0.0334029,0.0,0.0
3.97712,0.0,0.0668058,0.0,0.0
3.97805,0.0,0.0334029,0.0,0.0
3.978,0.0,0.0,0.0,0.0
3.97779,0.0,0.0167015,0.0,0.0
3.9779,0.0,0.0167015,0.0,0.0
3.97741,0.0,0.0,0.0,0.0
3.97815,0.0,0.0,0.0,0.0
3.97807,0.0,0.0334029,0.0,0.0
3.97854,0.0,0.0167015,0.0,0.0
3.97857,0.0,0.0167015,0.0,0.0
3.97806,0.0,0.0167015,0.0,0.0
3.97836,0.0,0.0,0.0,0.0
3.97895,0.0,0.0334029,0.0,0.0
3.97883,0.0,0.0668058,0.0,0.0
3.9796,0.0,0.0167015,0.0,0.0
3.97865,0.0,0.0501044,0.0,0.0
3.97974,0.0,0.0501044,0.0,0.0
3.97975,0.0,0.0501044,0.0,0.0
3.97895,0.0,0.0167015,0.0,0.0
3.97827,0.0,0.0167015,0.0,0.0
3.97895,0.0,0.0,0.0,0.0
3.97943,0.0,0.0167015,0.0,0.0
3.98014,0.0,0.0167015,0.0,0.0
3.97974,0.0,0.0167015,0.0,0.0
3.9801,0.0,0.0167015,0.0,0.0
3.98002,0.0,0.0334029,0.0,0.0
3.98049,0.0,0.0,0.0,0.0
3.97955,0.0,0.0334029,0.0,0.0
3.98056,0.0,0.0167015,0.0,0.0
3.97983,0.0,0.0,0.0,0.0
3.98112,0.0,0.0167015,0.0,0.0
3.98087,0.0,0.0167015,0.0,0.0
3.98065,0.0,0.0,0.0,0.0
3.98045,0.0,0.0,0.0,0.0
3.98176,0.0,0.0167015,0.0,0.0
3.9816,0.0,0.0334029,0.0,0.0
3.98053,0.0,0.0167015,0.0,0.0
3.98059,0.0,0.0,0.0,0.0
3.9797,0.0,0.0167015,0.0,0.0
3.98045,0.0,0.0167015,0.0,0.0
3.98137,0.0,0.0,0.0,0.0
3.98081,0.0,0.0,0.0,0.0
3.98004,0.0,0.0,0.0,0.0
3.98129,0.0,0.0334029,0.0,0.0
3.98126,0.0,0.0334029,0.0,0.0
3.98114,0.0,0.0167015,0.0,0.0
3.98119,0.0,0.0668058,0.0,0.0
3.98125,0.0,0.0334029,0.0,0.0
3.98222,0.0,0.0334029,0.0,0.0
3.98237,0.0,0.0,0.0,0.0
3.98151,0.0,0.0,0.0,0.0
3.98184,0.0,0.0167015,0.0,0.0
3.9822,0.0,0.0,0.0,0.0
3.98155,0.0,0.0,0.0,0.0
3.98183,0.0,0.0,0.0,0.0
3.98317,0.0,0.0,0.0,0.0
3.98302,0.0,0.0167015,0.0,0.0
3.98365,0.0,0.0,0.0,0.0
3.98309,0.0,0.0,0.0,0.0
3.98344,0.0,0.0167015,0.0,0.0
3.98449,0.0,0.0334029,0.0,0.0
3.98418,0.0,0.0167015,0.0,0.0
3.98351,0.0,0.0,0.0,0.0
3.98413,0.0,0.0334029,0.0,0.0
3.98383,0.0,0.0,0.0,0.0
3.9836,0.0,0.0,0.0,0.0
3.98422,0.0,0.0167015,0.0,0.0
3.98429,0.0,0.0167015,0.0,0.0
3.98359,0.0,0.0167015,0.0,0.0
3.98336,0.0,0.0,0.0,0.0
3.98354,0.0,0.0167015,0.0,0.0
3.98347,0.0,0.0,0.0,0.0
3.98342,0.0,0.0167015,0.0,0.0
3.98419,0.0,0.0167015,0.0,0.0
3.98359,0.0,0.0,0.0,0.0
3.983,0.0,0.0,0.0,0.0
3.98343,0.0,0.0,0.0,0.0
3.9844,0.0,0.0,0.0,0.0
3.98421,0.0,0.0167015,0.0,0.0
3.98416,0.0,0.0,0.0,0.0
3.98493,0.0,0.0334029,0.0,0.0
3.98589,0.0,0.0835073,0.0,0.0
3.98486,0.0,0.0,0.0,0.0
3.98465,0.0,0.0668058,0.0,0.0
3.98624,0.0,0.0167015,0.0,0.0
3.98577,0.0,0.0167015,0.0,0.0
3.98613,0.0,0.0167015,0.0,0.0
3.98654,0.0,0.0167015,0.0,0.0
3.98623,0.0,0.0334029,0.0,0.0
3.98589,0.0,0.0167015,0.0,0.0
3.98579,0.0,0.0334029,0.0,0.0
3.98574,0.0,0.0334029,0.0,0.0
3.98543,0.0,0.0501044,0.0,0.0
3.98513,0.0,0.0,0.0,0.0
3.98498,0.0,0.0,0.0,0.0
3.98538,0.0,0.0,0.0,0.0
3.98509,0.0,0.0,0.0,0.0
3.98482,0.0,0.0167015,0.0,0.0
3.98565,0.0,0.0167015,0.0,0.0
3.98615,0.0,0.0,0.0,0.0
3.98623,0.0,0.0,0.0,0.0
3.98722,0.0,0.0167015,0.0,0.0
3.98679,0.0,0.0,0.0,0.0
3.98652,0.0,0.0668058,0.0,0.0
3.98726,0.0,0.0501044,0.0,0.0
3.98768,0.0,0.0167015,0.0,0.0
3.98735,0.0,0.0,0.0,0.0
3.98838,0.0,0.0,0.0,0.0
3.98797,0.0,0.0167015,0.0,0.0
3.98775,0.0,0.0167015,0.0,0.0
3.98733,0.0,0.0167015,0.0,0.0
3.98772,0.0,0.0,0.0,0.0
3.98861,0.0,0.0,0.0,0.0
3.98847,0.0,0.0334029,0.0,0.0
3.98825,0.0,0.0,0.0,0.0
3.98843,0.0,0.0334029,0.0,0.0
3.98842,0.0,0.0167015,0.0,0.0
3.98805,0.0,0.0167015,0.0,0.0
3.98865,0.0,0.0167015,0.0,0.0
3.9881,0.0,0.0,0.0,0.0
3.98838,0.0,0.0167015,0.0,0.0
3.98907,0.0,0.0167015,0.0,0.0
3.98873,0.0,0.0,0.0,0.0
3.98804,0.0,0.0501044,0.0,0.0
3.98921,0.0,0.0334029,0.0,0.0
3.98923,0.0,0.0167015,0.0,0.0
3.98843,0.0,0.0,0.0,0.0
3.98942,0.0,0.0,0.0,0.0
3.98995,0.0,0.0167015,0.0,0.0
3.99007,0.0,0.0334029,0.0,0.0
3.9897,0.0,0.0,0.0,0.0
3.98943,0.0,0.0668058,0.0,0.0
3.98981,0.0,0.0167015,0.0,0.0
3.99006,0.0,0.0,0.0,0.0
3.98954,0.0,0.0334029,0.0,0.0
3.98927,0.0,0.0334029,0.0,0.0
3.99068,0.0,0.0,0.0,0.0
3.99126,0.0,0.0167015,0.0,0.0
3.99049,0.0,0.0167015,0.0,0.0
3.99103,0.0,0.0,0.0,0.0
3.99075,0.0,0.0167015,0.0,0.0
3.99101,0.0,0.0,0.0,0.0
3.99142,0.0,0.0334029,0.0,0.0
3.99087,0.0,0.0,0.0,0.0
3.99085,0.0,0.0,0.0,0.0
3.99118,0.0,0.0,0.0,0.0
3.99139,0.0,0.0167015,0.0,0.0
3.99161,0.0,0.0334029,0.0,0.0
3.99112,0.0,0.0167015,0.0,0.0
3.99174,0.0,0.0167015,0.0,0.0
3.99104,0.0,0.0,0.0,0.0
3.99062,0.0,0.0167015,0.0,0.0
3.99166,0.0,0.0167015,0.0,0.0
3.99195,0.0,0.0167015,0.0,0.0
3.99155,0.0,0.0167015,0.0,0.0
3.99086,0.0,0.0,0.0,0.0
3.99181,0.0,0.0,0.0,0.0
3.99276,0.0,0.0167015,0.0,0.0
3.99196,0.0,0.0,0.0,0.0
3.99143,0.0,0.0,0.0,0.0
3.9927,0.0,0.0334029,0.0,0.0
3.99235,0.0,0.0,0.0,0.0
3.99148,0.0,0.0,0.0,0.0
3.99222,0.0,0.0334029,0.0,0.0
3.99304,0.0,0.0334029,0.0,0.0
3.99314,0.0,0.0334029,0.0,0.0
3.99197,0.0,0.0,0.0,0.0
3.99218,0.0,0.0,0.0,0.0
3.99255,0.0,0.0,0.0,0.0
3.9938,0.0,0.0167015,0.0,0.0
3.99393,0.0,0.0,0.0,0.0
3.99335,0.0,0.0,0.0,0.0
3.99332,0.0,0.0167015,0.0,0.0
3.99438,0.0,0.0167015,0.0,0.0
3.99376,0.0,0.0,0.0,0.0
3.99332,0.0,0.0334029,0.0,0.0
3.99474,0.0,0.0167015,0.0,0.0
3.99436,0.0,0.0167015,0.0,0.0
3.99343,0.0,0.0,0.0,0.0
3.99454,0.0,0.0334029,0.0,0.0
3.99423,0.0,0.0,0.0,0.0
3.99371,0.0,0.0,0.0,0.0
3.99524,0.0,0.0,0.0,0.0
3.99546,0.0,0.0,0.0,0.0
3.99488,0.0,0.0167015,0.0,0.0
3.99463,0.0,0.0167015,0.0,0.0
3.99531,0.0,0.0,0.0,0.0
3.99453,0.0,0.0334029,0.0,0.0
3.9954,0.0,0.0334029,0.0,0.0
3.99482,0.0,0.0,0.0,0.0
3.99508,0.0,0.0,0.0,0.0
3.99509,0.0,0.0167015,0.0,0.0
3.99556,0.0,0.0167015,0.0,0.0
3.99591,0.0,0.0501044,0.0,0.0
3.99543,0.0,0.0501044,0.0,0.0
3.99514,0.0,0.0,0.0,0.0
3.99524,0.0,0.0,0.0,0.0
3.99517,0.0,0.0334029,0.0,0.0
3.99492,0.0,0.0167015,0.0,0.0
3.99623,0.0,0.0,0.0,0.0
3.99634,0.0,0.0167015,0.0,0.0
3.99591,0.0,0.0167015,0.0,0.0
3.99604,0.0,0.0,0.0,0.0
3.99636,0.0,0.0167015,0.0,0.0
3.99627,0.0,0.0167015,0.0,0.0
3.99661,0.0,0.0167015,0.0,0.0
3.99726,0.0,0.0334029,0.0,0.0
3.99657,0.0,0.0167015,0.0,0.0
3.99733,0.0,0.0,0.0,0.0
3.99714,0.0,0.0,0.0,0.0
3.9974,0.0,0.0,0.0,0.0
3.99711,0.0,0.0167015,0.0,0.0
3.99723,0.0,0.0,0.0,0.0
3.99736,0.0,0.0501044,0.0,0.0
3.99637,0.0,0.0,0.0,0.0
3.99689,0.0,0.0,0.0,0.0
3.99772,0.0,0.0501044,0.0,0.0
3.99648,0.0,0.0,0.0,0.0
3.99677,0.0,0.0,0.0,0.0
3.99718,0.0,0.0,0.0,0.0
3.99786,0.0,0.0334029,0.0,0.0
3.99794,0.0,0.0167015,0.0,0.0
3.99766,0.0,0.0,0.0,0.0
3.99779,0.0,0.0,0.0,0.0
3.99838,0.0,0.0,0.0,0.0
3.99859,0.0,0.0167015,0.0,0.0
3.99823,0.0,0.0,0.0,0.0
3.99829,0.0,0.0,0.0,0.0
3.99899,0.0,0.0,0.0,0.0
3.9993,0.0,0.0,0.0,0.0
3.99925,0.0,0.0167015,0.0,0.0
3.99856,0.0,0.0167015,0.0,0.0
3.99878,0.0,0.0,0.0,0.0
3.99917,0.0,0.0167015,0.0,0.0
3.99992,0.0,0.0167015,0.0,0.0
3.99931,0.0,0.0167015,0.0,0.0
3.99951,0.0,0.0,0.0,0.0
3.99991,0.0,0.0,0.0,0.0
4.00054,0.0,0.0,0.0,0.0
3.99979,0.0,0.0,0.0,0.0
3.99973,0.0,0.0501044,0.0,0.0
3.99991,0.0,0.0167015,0.0,0.0
3.99928,0.0,0.0,0.0,0.0
4.00043,0.0,0.0167015,0.0,0.0
3.99976,0.0,0.0,0.0,0.0
3.99932,0.0,0.0167015,0.0,0.0
3.99999,0.0,0.0167015,0.0,0.0
4.00053,0.0,0.0,0.0,0.0
4.00131,0.0,0.0334029,0.0,0.0
4.00106,0.0,0.0334029,0.0,0.0
4.00103,0.0,0.0167015,0.0,0.0
4.00121,0.0,0.0167015,0.0,0.0
4.00094,0.0,0.0167015,0.0,0.0
4.00039,0.0,0.0501044,0.0,0.0
4.00086,0.0,0.0501044,0.0,0.0
4.00172,0.0,0.0334029,0.0,0.0
4.00246,0.0,0.0,0.0,0.0
4.0027,0.0,0.0668058,0.0,0.0
4.00177,0.0,0.0167015,0.0,0.0
4.00208,0.0,0.0,0.0,0.0
4.00195,0.0,0.0167015,0.0,0.0
4.00143,0.0,0.0167015,0.0,0.0
4.00214,0.0,0.0,0.0,0.0
4.00272,0.0,0.0,0.0,0.0
4.002,0.0,0.0334029,0.0,0.0
4.00166,0.0,0.0,0.0,0.0
4.00177,0.0,0.0167015,0.0,0.0
4.00249,0.0,0.0,0.0,0.0
4.00305,0.0,0.0167015,0.0,0.0
4.00181,0.0,0.0167015,0.0,0.0
4.00173,0.0,0.0167015,0.0,0.0
4.00167,0.0,0.0,0.0,0.0
4.00213,0.0,0.0167015,0.0,0.0
4.00258,0.0,0.0167015,0.0,0.0
4.00235,0.0,0.0167015,0.0,0.0
4.00256,0.0,0.0167015,0.0,0.0
4.00307,0.0,0.0,0.0,0.0
4.00359,0.0,0.0167015,0.0,0.0
4.00391,0.0,0.0,0.0,0.0
4.00401,0.0,0.0,0.0,0.0
4.00355,0.0,0.0167015,0.0,0.0
4.00353,0.0,0.0167015,0.0,0.0
4.00371,0.0,0.0501044,0.0,0.0
4.00459,0.0,0.0167015,0.0,0.0
4.00409,0.0,0.0,0.0,0.0
4.00479,0.0,0.0167015,0.0,0.0
4.004,0.0,0.0334029,0.0,0.0
4.00355,0.0,0.0334029,0.0,0.0
4.00382,0.0,0.0,0.0,0.0
4.00365,0.0,0.0334029,0.0,0.0
4.00306,0.0,0.0,0.0,0.0
4.00362,0.0,0.0,0.0,0.0
4.00437,0.0,0.0167015,0.0,0.0
4.00447,0.0,0.0167015,0.0,0.0
4.00404,0.0,0.0,0.0,0.0
4.00408,0.0,0.0,0.0,0.0
4.00473,0.0,0.0167015,0.0,0.0
4.00454,0.0,0.0,0.0,0.0
4.00508,0.0,0.0501044,0.0,0.0
4.00488,0.0,0.0334029,0.0,0.0
4.00534,0.0,0.0167015,0.0,0.0
4.00535,0.0,0.0,0.0,0.0
4.00509,0.0,0.0,0.0,0.0
4.00508,0.0,0.0167015,0.0,0.0
4.00569,0.0,0.0334029,0.0,0.0
4.00638,0.0,0.0,0.0,0.0
4.00596,0.0,0.0,0.0,0.0
4.00653,0.0,0.0334029,0.0,0.0
4.00689,0.0,0.0668058,0.0,0.0
4.00716,0.0,0.0334029,0.0,0.0
4.00762,0.0,0.0167015,0.0,0.0
4.00767,0.0,0.0167015,0.0,0.0
4.0065,0.0,0.0167015,0.0,0.0
4.00689,0.0,0.0167015,0.0,0.0
4.00653,0.0,0.0501044,0.0,0.0
4.0066,0.0,0.0167015,0.0,0.0
4.00687,0.0,0.0167015,0.0,0.0
4.00772,0.0,0.0334029,0.0,0.0
4.00656,0.0,0.0,0.0,0.0
4.00662,0.0,0.0334029,0.0,0.0
4.00617,0.0,0.0,0.0,0.0
4.00666,0.0,0.0167015,0.0,0.0
4.00687,0.0,0.0167015,0.0,0.0
4.0074,0.0,0.0167015,0.0,0.0
4.00793,0.0,0.0167015,0.0,0.0
4.00778,0.0,0.0501044,0.0,0.0
4.00851,0.0,0.0334029,0.0,0.0
4.00752,0.0,0.0167015,0.0,0.0
4.00718,0.0,0.0334029,0.0,0.0
4.00837,0.0,0.0167015,0.0,0.0
4.00838,0.0,0.0334029,0.0,0.0
4.00885,0.0,0.0334029,0.0,0.0
4.0081,0.0,0.0,0.0,0.0
4.00838,0.0,0.0167015,0.0,0.0
4.00903,0.0,0.0,0.0,0.0
4.00842,0.0,0.0,0.0,0.0
4.00898,0.0,0.0167015,0.0,0.0
4.00814,0.0,0.0167015,0.0,0.0
4.00757,0.0,0.0,0.0,0.0
4.00891,0.0,0.0334029,0.0,0.0
4.00934,0.0,0.0,0.0,0.0
4.00898,0.0,0.0,0.0,0.0
4.00941,0.0,0.0501044,0.0,0.0
4.00809,0.0,0.0167015,0.0,0.0
4.00862,0.0,0.0167015,0.0,0.0
4.00903,0.0,0.0167015,0.0,0.0
4.00913,0.0,0.0,0.0,0.0
4.00886,0.0,0.0167015,0.0,0.0
4.00922,0.0,0.0,0.0,0.0
4.00988,0.0,0.0,0.0,0.0
4.00947,0.0,0.0167015,0.0,0.0
4.00997,0.0,0.0501044,0.0,0.0
4.01031,0.0,0.0167015,0.0,0.0
4.00961,0.0,0.0,0.0,0.0
4.0105,0.0,0.0334029,0.0,0.0
4.01008,0.0,0.0,0.0,0.0
4.00991,0.0,0.0167015,0.0,0.0
4.01119,0.0,0.0167015,0.0,0.0
4.01087,0.0,0.0167015,0.0,0.0
4.01013,0.0,0.0,0.0,0.0
4.01053,0.0,0.0,0.0,0.0
4.01034,0.0,0.0167015,0.0,0.0
4.00989,0.0,0.0,0.0,0.0
4.01119,0.0,0.0,0.0,0.0
4.01197,0.0,0.0,0.0,0.0
4.0114,0.0,0.0167015,0.0,0.0
4.01075,0.0,0.0,0.0,0.0
4.01129,0.0,0.0501044,0.0,0.0
4.01244,0.0,0.0,0.0,0.0
4.01184,0.0,0.0167015,0.0,0.0
4.01156,0.0,0.0167015,0.0,0.0
4.01155,0.0,0.0167015,0.0,0.0
4.01175,0.0,0.0,0.0,0.0
4.01181,0.0,0.0334029,0.0,0.0
4.01211,0.0,0.0167015,0.0,0.0
4.01244,0.0,0.0334029,0.0,0.0
4.01234,0.0,0.0167015,0.0,0.0
4.01257,0.0,0.0167015,0.0,0.0
4.0127,0.0,0.0167015,0.0,0.0
4.0121,0.0,0.0334029,0.0,0.0
4.01226,0.0,0.0,0.0,0.0
4.01272,0.0,0.0167015,0.0,0.0
4.01256,0.0,0.0334029,0.0,0.0
4.01268,0.0,0.0,0.0,0.0
4.01324,0.0,0.0334029,0.0,0.0
4.01314,0.0,0.0167015,0.0,0.0
4.01364,0.0,0.0167015,0.0,0.0
4.01419,0.0,0.0334029,0.0,0.0
4.01325,0.0,0.0501044,0.0,0.0
4.01329,0.0,0.0167015,0.0,0.0
4.01349,0.0,0.0167015,0.0,0.0
4.01385,0.0,0.0334029,0.0,0.0
4.01445,0.0,0.0,0.0,0.0
4.0144,0.0,0.0167015,0.0,0.0
4.01396,0.0,0.0,0.0,0.0
4.01415,0.0,0.0,0.0,0.0
4.01418,0.0,0.0,0.0,0.0
4.01443,0.0,0.0,0.0,0.0
4.01352,0.0,0.0,0.0,0.0
4.01423,0.0,0.0167015,0.0,0.0
4.01569,0.0,0.0167015,0.0,0.0
4.0147,0.0,0.0334029,0.0,0.0
4.01481,0.0,0.0167015,0.0,0.0
4.01504,0.0,0.0,0.0,0.0
4.01408,0.0,0.0334029,0.0,0.0
4.01485,0.0,0.0,0.0,0.0
4.01527,0.0,0.0,0.0,0.0
4.0148,0.0,0.0167015,0.0,0.0
4.01576,0.0,0.0167015,0.0,0.0
4.01639,0.0,0.0334029,0.0,0.0
4.01635,0.0,0.0167015,0.0,0.0
4.015,0.0,0.0,0.0,0.0
4.01481,0.0,0.0,0.0,0.0
4.01552,0.0,0.0334029,0.0,0.0
4.0159,0.0,0.0167015,0.0,0.0
4.01588,0.0,0.0668058,0.0,0.0
4.0154,0.0,0.0,0.0,0.0
4.01517,0.0,0.0,0.0,0.0
4.01583,0.0,0.0167015,0.0,0.0
4.01614,0.0,0.0,0.0,0.0
4.01519,0.0,0.0167015,0.0,0.0
4.01543,0.0,0.0501044,0.0,0.0
4.01698,0.0,0.0167015,0.0,0.0
4.01638,0.0,0.0167015,0.0,0.0
4.01642,0.0,0.0501044,0.0,0.0
4.0179,0.0,0.0167015,0.0,0.0
4.01583,0.0,0.0167015,0.0,0.0
4.01637,0.0,0.0167015,0.0,0.0
4.01736,0.0,0.0167015,0.0,0.0
4.0175,0.0,0.0167015,0.0,0.0
4.01752,0.0,0.0,0.0,0.0
4.01753,0.0,0.0,0.0,0.0
4.01757,0.0,0.0,0.0,0.0
4.0169,0.0,0.0167015,0.0,0.0
4.01762,0.0,0.0501044,0.0,0.0
4.01799,0.0,0.0,0.0,0.0
4.01794,0.0,0.0167015,0.0,0.0
4.01819,0.0,0.0,0.0,0.0
4.01761,0.0,0.0,0.0,0.0
4.01794,0.0,0.0,0.0,0.0
4.01862,0.0,0.0167015,0.0,0.0
4.0181,0.0,0.0334029,0.0,0.0
4.01703,0.0,0.0,0.0,0.0
4.01803,0.0,0.0167015,0.0,0.0
4.0185,0.0,0.0,0.0,0.0
4.02001,0.0,0.0334029,0.0,0.0
4.01874,0.0,0.0167015,0.0,0.0
4.01757,0.0,0.0,0.0,0.0
4.01902,0.0,0.0167015,0.0,0.0
4.01963,0.0,0.0,0.0,0.0
4.01846,0.0,0.0501044,0.0,0.0
4.0195,0.0,0.0501044,0.0,0.0
4.0193,0.0,0.0,0.0,0.0
4.01802,0.0,0.0334029,0.0,0.0
4.02011,0.0,0.0167015,0.0,0.0
4.02077,0.0,0.0334029,0.0,0.0
4.01976,0.0,0.0,0.0,0.0
4.02085,0.0,0.0,0.0,0.0
4.02046,0.0,0.0,0.0,0.0
4.0203,0.0,0.0,0.0,0.0
4.02082,0.0,0.0,0.0,0.0
4.02064,0.0,0.0167015,0.0,0.0
4.02055,0.0,0.0501044,0.0,0.0
4.0206,0.0,0.0167015,0.0,0.0
4.02078,0.0,0.0167015,0.0,0.0
4.0199,0.0,0.0,0.0,0.0
4.01935,0.0,0.0167015,0.0,0.0
4.02003,0.0,0.0,0.0,0.0
4.01938,0.0,0.0167015,0.0,0.0
4.01979,0.0,0.0,0.0,0.0
4.01963,0.0,0.0,0.0,0.0
4.02077,0.0,0.0,0.0,0.0
4.02022,0.0,0.0,0.0,0.0
4.02026,0.0,0.0167015,0.0,0.0
4.02135,0.0,0.0,0.0,0.0
4.02167,0.0,0.0167015,0.0,0.0
4.02107,0.0,0.0334029,0.0,0.0
4.02107,0.0,0.0334029,0.0,0.0
4.02125,0.0,0.0,0.0,0.0
4.02162,0.0,0.0,0.0,0.0
4.02101,0.0,0.0,0.0,0.0
4.02196,0.0,0.0334029,0.0,0.0
4.02314,0.0,0.0167015,0.0,0.0
4.02228,0.0,0.0,0.0,0.0
4.02216,0.0,0.0334029,0.0,0.0
4.02299,0.0,0.0167015,0.0,0.0
4.02223,0.0,0.0,0.0,0.0
4.02169,0.0,0.0,0.0,0.0
4.02255,0.0,0.0167015,0.0,0.0
4.02203,0.0,0.0167015,0.0,0.0
4.02198,0.0,0.0,0.0,0.0
4.02162,0.0,0.0167015,0.0,0.0
4.02242,0.0,0.0,0.0,0.0
4.02296,0.0,0.0,0.0,0.0
4.02255,0.0,0.0,0.0,0.0
4.02195,0.0,0.0,0.0,0.0
4.02329,0.0,0.0,0.0,0.0
4.02339,0.0,0.0,0.0,0.0
4.02339,0.0,0.0,0.0,0.0
4.02401,0.0,0.0167015,0.0,0.0
4.02397,0.0,0.0334029,0.0,0.0
4.02359,0.0,0.0,0.0,0.0
4.02346,0.0,0.0,0.0,0.0
4.02354,0.0,0.0167015,0.0,0.0
4.02426,0.0,0.0167015,0.0,0.0
4.02399,0.0,0.0,0.0,0.0
4.02425,0.0,0.0,0.0,0.0
4.025,0.0,0.0167015,0.0,0.0
4.02463,0.0,0.0,0.0,0.0
4.02405,0.0,0.0501044,0.0,0.0
4.02485,0.0,0.0,0.0,0.0
4.02623,0.0,0.0334029,0.0,0.0
4.02589,0.0,0.0,0.0,0.0
4.02493,0.0,0.0,0.0,0.0
4.02516,0.0,0.0334029,0.0,0.0
4.02533,0.0,0.0167015,0.0,0.0
4.02451,0.0,0.0,0.0,0.0
4.02396,0.0,0.0167015,0.0,0.0
4.02497,0.0,0.0,0.0,0.0
4.02494,0.0,0.0167015,0.0,0.0
4.02451,0.0,0.0,0.0,0.0
4.02548,0.0,0.0167015,0.0,0.0
4.02593,0.0,0.0167015,0.0,0.0
4.0261,0.0,0.0334029,0.0,0.0
4.02582,0.0,0.0,0.0,0.0
4.02681,0.0,0.0167015,0.0,0.0
4.02697,0.0,0.0,0.0,0.0
4.02606,0.0,0.0167015,0.0,0.0
4.02607,0.0,0.0501044,0.0,0.0
4.02581,0.0,0.0,0.0,0.0
4.02592,0.0,0.0,0.0,0.0
4.02615,0.0,0.0,0.0,0.0
4.02687,0.0,0.0167015,0.0,0.0
4.02646,0.0,0.0167015,0.0,0.0
4.02642,0.0,0.0167015,0.0,0.0
4.02674,0.0,0.0,0.0,0.0
4.02748,0.0,0.0167015,0.0,0.0
4.02738,0.0,0.0334029,0.0,0.0
4.02737,0.0,0.0,0.0,0.0
4.02758,0.0,0.0167015,0.0,0.0
4.02695,0.0,0.0167015,0.0,0.0
4.02621,0.0,0.0167015,0.0,0.0
4.02652,0.0,0.0334029,0.0,0.0
4.0274,0.0,0.0501044,0.0,0.0
4.02731,0.0,0.0835073,0.0,0.0
4.02795,0.0,0.0,0.0,0.0
4.02787,0.0,0.0,0.0,0.0
4.02846,0.0,0.0,0.0,0.0
4.02819,0.0,0.0,0.0,0.0
4.02715,0.0,0.0167015,0.0,0.0
4.02825,0.0,0.0167015,0.0,0.0
4.02917,0.0,0.0334029,0.0,0.0
4.02803,0.0,0.0,0.0,0.0
4.02842,0.0,0.0167015,0.0,0.0
4.02941,0.0,0.0167015,0.0,0.0
4.02905,0.0,0.0167015,0.0,0.0
4.0288,0.0,0.0,0.0,0.0
4.02886,0.0,0.0167015,0.0,0.0
4.02914,0.0,0.0167015,0.0,0.0
4.02836,0.0,0.0167015,0.0,0.0
4.02898,0.0,0.0167015,0.0,0.0
4.02834,0.0,0.0,0.0,0.0
4.02938,0.0,0.0167015,0.0,0.0
4.0303,0.0,0.0501044,0.0,0.0
4.02984,0.0,0.0167015,0.0,0.0
4.02957,0.0,0.0167015,0.0,0.0
4.03017,0.0,0.0167015,0.0,0.0
4.02934,0.0,0.0167015,0.0,0.0
4.02953,0.0,0.0,0.0,0.0
4.03047,0.0,0.0,0.0,0.0
4.02989,0.0,0.0334029,0.0,0.0
4.03039,0.0,0.0334029,0.0,0.0
4.02964,0.0,0.0,0.0,0.0
4.0294,0.0,0.0167015,0.0,0.0
4.03052,0.0,0.0167015,0.0,0.0
4.03114,0.0,0.0167015,0.0,0.0
4.02988,0.0,0.0,0.0,0.0
4.02982,0.0,0.0,0.0,0.0
4.03136,0.0,0.0,0.0,0.0
4.03091,0.0,0.0167015,0.0,0.0
4.03082,0.0,0.0334029,0.0,0.0
4.03079,0.0,0.0334029,0.0,0.0
4.03139,0.0,0.0334029,0.0,0.0
4.03079,0.0,0.0,0.0,0.0
4.03083,0.0,0.0,0.0,0.0
4.0319,0.0,0.0501044,0.0,0.0
4.03196,0.0,0.0167015,0.0,0.0
4.03209,0.0,0.0,0.0,0.0
4.03188,0.0,0.0167015,0.0,0.0
4.03192,0.0,0.0,0.0,0.0
4.03191,0.0,0.0167015,0.0,0.0
4.03207,0.0,0.0,0.0,0.0
4.03195,0.0,0.0,0.0,0.0
4.03227,0.0,0.0,0.0,0.0
4.03281,0.0,0.0334029,0.0,0.0
4.03353,0.0,0.0167015,0.0,0.0
4.03293,0.0,0.0,0.0,0.0
4.03241,0.0,0.0,0.0,0.0
4.03199,0.0,0.0501044,0.0,0.0
4.03256,0.0,0.0167015,0.0,0.0
4.03344,0.0,0.0167015,0.0,0.0
4.03245,0.0,0.0,0.0,0.0
4.03289,0.0,0.0167015,0.0,0.0
4.03344,0.0,0.0167015,0.0,0.0
4.03273,0.0,0.0167015,0.0,0.0
4.03374,0.0,0.0167015,0.0,0.0
4.03422,0.0,0.0334029,0.0,0.0
4.03287,0.0,0.0,0.0,0.0
4.03263,0.0,0.0,0.0,0.0
4.03412,0.0,0.0,0.0,0.0
4.03336,0.0,0.0167015,0.0,0.0
4.03377,0.0,0.0,0.0,0.0
4.03409,0.0,0.0167015,0.0,0.0
4.03451,0.0,0.0,0.0,0.0
4.03422,0.0,0.0,0.0,0.0
4.03409,0.0,0.0501044,0.0,0.0
4.03405,0.0,0.0167015,0.0,0.0
4.03424,0.0,0.0,0.0,0.0
4.03458,0.0,0.0501044,0.0,0.0
4.03471,0.0,0.0167015,0.0,0.0
4.03384,0.0,0.0,0.0,0.0
4.03494,0.0,0.0,0.0,0.0
4.03506,0.0,0.0501044,0.0,0.0
4.03466,0.0,0.0,0.0,0.0
4.03498,0.0,0.0167015,0.0,0.0
4.03531,0.0,0.0167015,0.0,0.0
4.03553,0.0,0.0167015,0.0,0.0
4.03567,0.0,0.0501044,0.0,0.0
