analog,analog_sterr,photon_counting,pc_sterr,overflow_info
56.5435,0.355038,138.797,1.00304,0.0
128.836,0.657741,195.837,0.921294,0.0
364.912,1.95741,105.964,1.39741,0.0
475.555,0.0539824,0.562143,0.104944,0.0
473.457,0.0,0.0,0.0,0.0
473.457,0.0,0.649978,0.106048,0.0
473.457,1.15884e-05,17.0224,0.506307,0.0
473.457,9.48145e-06,1.45806,0.182639,0.0
473.457,0.0,1.24726,0.179693,0.0
473.457,0.0,6.60518,0.357544,0.0
473.457,0.0,32.2003,0.718771,0.0
473.457,0.0,94.9495,1.0649,0.0
473.457,6.67213e-06,129.925,1.03581,0.0
473.457,0.0,71.6557,0.908038,0.0
473.457,0.0,52.1739,0.8123,0.0
473.457,0.0,39.4379,0.722085,0.0
473.457,0.0,38.7,0.711407,0.0
473.457,0.0,34.7826,0.691523,0.0
473.457,0.0,32.534,0.680476,0.0
473.457,0.0,33.4124,0.687104,0.0
473.457,0.0,55.4414,0.842862,0.0
473.457,0.0,111.217,0.977632,0.0
473.457,0.0,140.764,0.9386,0.0
473.457,0.0,152.112,0.955539,0.0
473.457,0.0,170.786,0.930131,0.0
473.457,0.0,182.749,0.920189,0.0
473.457,0.0,195.96,0.902883,0.0
473.457,0.0,201.124,0.941914,0.0
473.457,0.0,203.759,0.910247,0.0
473.457,0.0,205.007,0.919821,0.0
473.457,0.0,207.448,0.943019,0.0
473.457,0.0,204.567,0.939705,0.0
473.457,0.0,204.286,0.91577,0.0
473.457,0.0,204.076,0.892572,0.0
473.457,0.0,203.074,0.885208,0.0
473.457,0.0,201.089,0.922767,0.0
474.515,0.103077,203.742,0.920189,1.0
477.935,0.201713,202.635,0.909511,1.0
485.486,0.258611,202.073,0.898096,1.0
498.862,0.0982666,201.476,0.901042,1.0
500.0,0.0,204.374,0.894414,1.0
499.89,0.0277888,201.142,0.914298,1.0
496.779,0.233397,201.616,0.912825,1.0
488.384,0.551573,200.685,0.922767,1.0
470.295,0.914254,201.019,0.906565,1.0
430.902,1.08863,200.808,0.909142,1.0
383.438,1.07656,201.581,0.907301,0.0
338.037,1.03478,201.88,0.898096,0.0
295.973,1.01312,201.968,0.901778,0.0
255.28,0.967494,202.53,0.884471,0.0
217.141,0.902655,203.566,0.906933,0.0
182.138,0.831567,202.073,0.92424,0.0
149.886,0.740467,201.932,0.904356,0.0
121.231,0.63906,202.389,0.906565,0.0
96.8574,0.538616,199.754,0.900305,0.0
76.3459,0.441069,198.893,0.902514,0.0
59.6152,0.355876,197.26,0.897359,0.0
46.509,0.282319,197.804,0.909142,0.0
36.2825,0.217427,197.558,0.898096,0.0
28.4322,0.166487,194.01,0.863483,0.0
22.6943,0.129248,193.395,0.881157,0.0
18.4451,0.100588,192.218,0.902883,0.0
15.2116,0.0784879,192.112,0.874898,0.0
12.8871,0.0632021,191.322,0.863483,0.0
11.2837,0.0522584,188.388,0.885944,0.0
10.0582,0.0443269,189.618,0.881526,0.0
9.07862,0.0382503,185.419,0.891836,0.0
8.37164,0.0348807,184.682,0.875266,0.0
7.84815,0.0321173,183.522,0.868638,0.0
7.4525,0.0297364,181.643,0.842862,0.0
7.1757,0.0274267,178.164,0.872688,0.0
6.96792,0.0265872,177.725,0.905828,0.0
6.80351,0.0255978,175.951,0.880421,0.0
6.69847,0.0248154,174.932,0.871952,0.0
6.68265,0.0246336,174.37,0.871952,0.0
6.64616,0.0239429,172.912,0.873793,0.0
6.57203,0.0232418,172.016,0.897359,0.0
6.56861,0.0231434,172.051,0.842494,0.0
6.60838,0.0226624,171.366,0.88263,0.0
6.62941,0.0216832,167.554,0.850227,0.0
6.63109,0.0219052,167.694,0.864219,0.0
6.66826,0.0224542,166.359,0.882262,0.0
6.75576,0.0220385,166.377,0.848754,0.0
6.80759,0.0219172,165.727,0.891468,0.0
6.83718,0.0212489,165.463,0.870847,0.0
6.88201,0.021224,163.882,0.871584,0.0
6.89568,0.0210587,162.705,0.846913,0.0
6.90454,0.0212967,162.424,0.873793,0.0
6.94225,0.0203867,162.389,0.872688,0.0
6.98436,0.0205583,162.776,0.850963,0.0
7.00026,0.0201591,160.492,0.873793,0.0
6.98147,0.0204056,160.931,0.864219,0.0
6.99513,0.0193195,159.174,0.860537,0.0
7.01478,0.0197223,158.893,0.851331,0.0
6.99599,0.0194965,160.018,0.879685,0.0
7.00958,0.0190836,158.647,0.864956,0.0
7.02686,0.0194918,156.241,0.867165,0.0
7.01242,0.018996,158.63,0.868638,0.0
7.023,0.0186864,157.892,0.885944,0.0
7.06231,0.0187846,156.785,0.870479,0.0
7.09741,0.0183708,156.504,0.873425,0.0
7.1356,0.0182785,154.765,0.853541,0.0
7.1688,0.0186226,154.906,0.843599,0.0
7.16454,0.0181062,152.727,0.870479,0.0
7.16527,0.0180225,153.131,0.847649,0.0
7.19203,0.0181547,152.552,0.881157,0.0
7.18869,0.0177784,150.531,0.863483,0.0
7.15694,0.018024,153.043,0.874161,0.0
7.17234,0.0175655,151.989,0.871952,0.0
7.19597,0.0173259,149.899,0.850595,0.0
7.19715,0.0173846,149.179,0.858328,0.0
7.19636,0.0173829,149.653,0.856118,0.0
7.19841,0.0169049,148.248,0.856487,0.0
7.20568,0.0164853,148.388,0.874529,0.0
7.22475,0.0166758,149.144,0.847649,0.0
7.21325,0.0165577,147.457,0.8517,0.0
7.20653,0.0164129,148.704,0.848017,0.0
7.2175,0.0165578,146.807,0.871952,0.0
7.20854,0.016274,145.841,0.869006,0.0
7.21035,0.0159996,145.209,0.848754,0.0
7.20721,0.0160765,144.559,0.875634,0.0
7.20068,0.0157688,144.365,0.887417,0.0
7.21194,0.0154381,143.522,0.848386,0.0
7.2035,0.0157005,142.995,0.854277,0.0
7.2097,0.0156573,143.557,0.843967,0.0
7.24428,0.0156258,143.803,0.852804,0.0
7.2435,0.0152785,142.047,0.848017,0.0
7.22713,0.0151353,143.417,0.866797,0.0
7.24129,0.014775,141.186,0.869374,0.0
7.2763,0.0150072,141.871,0.86827,0.0
7.27106,0.0156248,140.395,0.860905,0.0
7.24493,0.0150275,140.114,0.853173,0.0
7.26734,0.0150132,141.291,0.867165,0.0
7.27834,0.0149251,138.937,0.861273,0.0
7.25588,0.0148701,140.378,0.87232,0.0
7.27188,0.0149625,139.657,0.857223,0.0
7.29217,0.0147684,139.306,0.842126,0.0
7.26433,0.0148509,139.271,0.857591,0.0
7.25873,0.015056,139.939,0.851331,0.0
7.25826,0.0147897,139.078,0.891468,0.0
7.24903,0.0147495,137.901,0.885944,0.0
7.25273,0.0149162,138.428,0.8517,0.0
7.23661,0.0148432,136.671,0.860905,0.0
7.2071,0.0145999,136.179,0.85575,0.0
7.2124,0.0145637,137.145,0.850595,0.0
7.21681,0.0143244,135.002,0.815246,0.0
7.19065,0.0143966,135.916,0.867901,0.0
7.17338,0.0145733,136.443,0.853173,0.0
7.18063,0.0141208,134.791,0.874529,0.0
7.20512,0.0140632,134.721,0.853909,0.0
7.19549,0.0145465,134.809,0.866797,0.0
7.1549,0.0142732,133.913,0.862746,0.0
7.15369,0.0142353,133.123,0.891836,0.0
7.15081,0.0143204,132.56,0.876739,0.0
7.11985,0.0140788,130.962,0.87858,0.0
7.09579,0.0137739,133.087,0.860905,0.0
7.07424,0.0142029,130.821,0.856855,0.0
7.06092,0.01457,131.998,0.86201,0.0
7.04959,0.0142319,131.91,0.867165,0.0
7.04122,0.013477,131.12,0.859801,0.0
7.01137,0.0140783,129.205,0.869006,0.0
6.97711,0.0140951,129.679,0.838075,0.0
6.97957,0.0137279,129.381,0.871952,0.0
6.96887,0.0142928,127.466,0.867533,0.0
6.93752,0.0140562,126.992,0.852804,0.0
6.93298,0.0135083,129.082,0.856118,0.0
6.92675,0.013815,128.432,0.877107,0.0
6.88114,0.0137754,127.238,0.864587,0.0
6.86012,0.0136808,126.957,0.847649,0.0
6.85644,0.0135927,126.535,0.872688,0.0
6.82,0.0138193,126.113,0.877107,0.0
6.79723,0.0140282,124.866,0.876371,0.0
6.78928,0.0139299,124.585,0.87232,0.0
6.72576,0.0135678,124.216,0.852068,0.0
6.66623,0.01322,122.899,0.86606,0.0
6.64073,0.0131044,121.634,0.870111,0.0
6.61076,0.0132765,122.161,0.84949,0.0
6.59292,0.0134233,121.265,0.882999,0.0
6.58336,0.0128066,120.685,0.878948,0.0
6.55034,0.0131225,118.331,0.867901,0.0
6.52323,0.0131688,119.649,0.87232,0.0
6.51607,0.0133172,120.193,0.872688,0.0
6.48907,0.0129866,119.965,0.869006,0.0
6.46281,0.0129958,119.578,0.874161,0.0
6.45907,0.0130613,117.383,0.879685,0.0
6.44998,0.0131256,117.312,0.865324,0.0
6.40702,0.0128778,116.645,0.851331,0.0
6.38756,0.0129312,117.734,0.878948,0.0
6.37024,0.0127291,116.329,0.894414,0.0
6.31706,0.0128307,116.1,0.880421,0.0
6.30328,0.0128356,115.257,0.849859,0.0
6.28876,0.0125113,111.866,0.86201,0.0
6.22945,0.0124605,114.326,0.848017,0.0
6.20788,0.0124922,111.48,0.864956,0.0
6.20171,0.0125829,113.641,0.878212,0.0
6.15772,0.0125221,111.094,0.871584,0.0
6.12268,0.0121765,111.287,0.864219,0.0
6.11615,0.012004,110.092,0.863115,0.0
6.08258,0.0120094,109.864,0.867533,0.0
6.05004,0.0122047,108.423,0.871584,0.0
6.03073,0.0121776,109.302,0.864587,0.0
5.9847,0.0119485,106.509,0.878212,0.0
5.94976,0.0118451,106.017,0.849122,0.0
5.95429,0.0119702,107.176,0.879316,0.0
5.93113,0.0119582,105.49,0.862378,0.0
5.88174,0.0115833,105.525,0.867165,0.0
5.85229,0.0115336,103.874,0.846176,0.0
5.82319,0.0120128,104.822,0.902883,0.0
5.79356,0.0115783,102.292,0.875634,0.0
5.75747,0.0114596,101.203,0.867533,0.0
5.70864,0.0112942,100.43,0.859801,0.0
5.66846,0.0112547,100.325,0.862378,0.0
5.65757,0.0110278,98.4629,0.874898,0.0
5.64766,0.0114136,99.0953,0.889627,0.0
5.62968,0.0110717,99.6926,0.883735,0.0
5.60534,0.0113086,98.0413,0.867901,0.0
5.58198,0.0110162,97.2508,0.874898,0.0
5.57153,0.0108074,95.9508,0.894782,0.0
5.55676,0.0107917,95.3887,0.874161,0.0
5.52101,0.010757,94.8265,0.880789,0.0
5.48772,0.010647,93.2279,0.865324,0.0
5.47317,0.0104325,93.2631,0.864219,0.0
5.45166,0.0103528,91.1902,0.856487,0.0
5.42542,0.0102241,92.6658,0.860169,0.0
5.40086,0.0101657,92.455,0.856855,0.0
5.36397,0.010307,91.2429,0.855014,0.0
5.34237,0.0102432,89.4335,0.871215,0.0
5.32925,0.010049,90.4172,0.867533,0.0
5.30967,0.0101633,88.924,0.827029,0.0
5.29059,0.010055,88.8362,0.860905,0.0
5.26997,0.00980017,87.5714,0.853909,0.0
5.25332,0.00987082,87.1322,0.825924,0.0
5.22623,0.0097569,85.9376,0.855382,0.0
5.18777,0.00960295,85.4809,0.878948,0.0
5.16736,0.00948615,84.2688,0.880789,0.0
5.15581,0.00940855,84.0931,0.843599,0.0
5.14286,0.00958785,84.5674,0.845808,0.0
5.12773,0.00941466,83.3026,0.867533,0.0
5.11018,0.00939148,82.4418,0.845808,0.0
5.09053,0.00933031,83.1094,0.847649,0.0
5.07189,0.00916126,80.5621,0.874161,0.0
5.05603,0.00950132,80.5094,0.871215,0.0
5.03962,0.00926281,80.5621,0.846176,0.0
5.02639,0.00897071,79.1217,0.859432,0.0
5.00125,0.00897661,77.9095,0.859064,0.0
4.9797,0.00898897,76.592,0.859432,0.0
4.96495,0.00890364,76.8906,0.841389,0.0
4.95337,0.00858809,77.9095,0.861273,0.0
4.93834,0.00873284,76.8028,0.856487,0.0
4.90847,0.00868058,76.0123,0.820769,0.0
4.89481,0.00849784,74.5015,0.818191,0.0
4.87649,0.00857636,72.7448,0.84544,0.0
4.84555,0.00842262,74.1853,0.841021,0.0
4.82382,0.00843224,71.48,0.821874,0.0
4.8056,0.00829901,71.5679,0.835866,0.0
4.78557,0.00820728,71.357,0.840285,0.0
4.77197,0.00823678,71.1287,0.830343,0.0
4.75387,0.00794201,69.4949,0.837707,0.0
4.72833,0.00792825,69.7936,0.858328,0.0
4.70802,0.00791265,68.5815,0.833657,0.0
4.69891,0.00792937,68.1247,0.843231,0.0
4.68856,0.00795465,67.2464,0.840653,0.0
4.65912,0.00762674,64.1722,0.816718,0.0
4.64147,0.00773405,65.8586,0.810459,0.0
4.63802,0.00772935,64.0492,0.829606,0.0
4.62978,0.00767941,64.137,0.849859,0.0
4.60466,0.0076082,63.6451,0.800885,0.0
4.575,0.00728126,62.2398,0.798676,0.0
4.55937,0.00719361,61.0979,0.801621,0.0
4.55407,0.00725106,62.029,0.806408,0.0
4.52634,0.00716369,60.0791,0.810827,0.0
4.50469,0.00706241,58.2697,0.807513,0.0
4.51195,0.00715625,57.9886,0.8123,0.0
4.50189,0.00701831,59.9912,0.79978,0.0
4.48538,0.00706642,58.6737,0.79978,0.0
4.47045,0.00701803,56.4954,0.787997,0.0
4.44665,0.00678535,56.0211,0.780633,0.0
4.43991,0.00694618,56.917,0.793152,0.0
4.42212,0.00679174,54.0184,0.781001,0.0
4.40309,0.00679349,54.5103,0.785788,0.0
4.41262,0.00681899,54.6509,0.780633,0.0
4.40323,0.0066564,55.09,0.789838,0.0
4.38827,0.00659059,53.2806,0.775477,0.0
4.38671,0.00667831,54.4049,0.800148,0.0
4.3697,0.00657507,53.0171,0.804935,0.0
4.35231,0.0065061,51.6645,0.775846,0.0
4.34884,0.00643931,53.6671,0.786892,0.0
4.33103,0.00645055,51.1023,0.758171,0.0
4.31128,0.00629119,49.7848,0.76259,0.0
4.31551,0.006239,49.6091,0.757435,0.0
4.30427,0.00628753,50.4699,0.78321,0.0
4.27518,0.00607817,48.7308,0.767377,0.0
4.27134,0.00616751,48.9767,0.773636,0.0
4.26882,0.0060531,48.0808,0.763694,0.0
4.25168,0.00603147,47.3781,0.758539,0.0
4.24161,0.00607922,45.8147,0.748597,0.0
4.23404,0.00592864,46.6403,0.754489,0.0
4.22692,0.00578151,45.762,0.762958,0.0
4.21845,0.00591031,44.8836,0.737919,0.0
4.21637,0.00590224,46.6755,0.762221,0.0
4.21856,0.00591467,45.3052,0.76259,0.0
4.21233,0.00588917,45.762,0.736078,0.0
4.21484,0.00590146,46.1309,0.752279,0.0
4.21972,0.00595273,45.112,0.754489,0.0
4.21106,0.00585392,45.8674,0.743442,0.0
4.20255,0.00564245,45.8849,0.744179,0.0
4.20348,0.00579885,45.9728,0.726872,0.0
4.2033,0.00572841,44.9012,0.74602,0.0
4.18886,0.00575131,46.2714,0.758539,0.0
4.17196,0.00559658,43.9701,0.742337,0.0
4.17022,0.00569484,43.5134,0.734605,0.0
4.17478,0.00562924,44.1107,0.742706,0.0
4.16444,0.00561105,44.462,0.728713,0.0
4.15801,0.00552087,43.4783,0.747124,0.0
4.15425,0.00559834,43.6012,0.726872,0.0
4.15057,0.00558542,43.3904,0.739023,0.0
4.13939,0.00555241,41.1419,0.731659,0.0
4.12099,0.00545893,41.7918,0.744915,0.0
4.11936,0.00540639,42.108,0.726136,0.0
4.12195,0.00531621,41.1243,0.736078,0.0
4.11049,0.00532752,40.7027,0.713616,0.0
4.09849,0.00526199,41.3527,0.719508,0.0
4.09108,0.00540323,39.473,0.731291,0.0
4.08135,0.00519232,40.2635,0.728345,0.0
4.07369,0.00525869,39.9473,0.709934,0.0
4.0682,0.00522414,39.6838,0.723558,0.0
4.06689,0.00516507,39.2271,0.70441,0.0
4.05659,0.00518839,38.0325,0.705147,0.0
4.04015,0.00497327,37.8217,0.704042,0.0
4.04106,0.0049687,38.6298,0.719139,0.0
4.049,0.0050173,37.1366,0.699255,0.0
4.04298,0.00519366,35.9245,0.684526,0.0
4.02397,0.00488821,36.7677,0.689682,0.0
4.02311,0.00486539,37.5933,0.703306,0.0
4.02683,0.00487838,36.7501,0.713616,0.0
4.01343,0.00491371,34.8704,0.661328,0.0
4.00411,0.00488358,37.0663,0.70036,0.0
3.99384,0.00472555,34.6596,0.699255,0.0
3.98894,0.00480843,36.065,0.694837,0.0
3.98691,0.0047573,34.1502,0.691891,0.0
3.97027,0.00467049,33.6408,0.663906,0.0
3.972,0.00476755,34.2732,0.67753,0.0
3.98403,0.00476474,34.4488,0.67974,0.0
3.96841,0.00466487,33.9745,0.674584,0.0
3.95605,0.00460496,33.2543,0.666484,0.0
3.96055,0.0046214,34.4137,0.664274,0.0
3.95842,0.00461543,33.3421,0.662065,0.0
3.9456,0.00453389,32.5867,0.68379,0.0
3.93812,0.00456212,31.9719,0.671639,0.0
3.93065,0.00449105,32.0773,0.653596,0.0
3.92968,0.00448683,32.5692,0.659119,0.0
3.92948,0.00440213,31.8665,0.672007,0.0
3.91529,0.00449652,30.5841,0.658383,0.0
3.90727,0.00440508,30.6544,0.6547,0.0
3.90857,0.00447398,31.2341,0.674953,0.0
3.90189,0.00439644,29.7409,0.64034,0.0
3.89287,0.00435508,29.4247,0.668693,0.0
3.89139,0.00437909,30.2679,0.644022,0.0
3.89159,0.00431694,29.8287,0.64034,0.0
3.88606,0.00428807,29.5125,0.65691,0.0
3.88234,0.00420618,29.2841,0.648441,0.0
3.88132,0.00423512,28.3707,0.637762,0.0
3.87453,0.00418019,29.4598,0.637026,0.0
3.86465,0.00426089,27.9666,0.626715,0.0
3.86008,0.00411762,28.6517,0.628925,0.0
3.8566,0.00417317,28.8274,0.65691,0.0
3.84166,0.00405637,26.8599,0.626347,0.0
3.82962,0.00412225,26.3856,0.625611,0.0
3.82541,0.00398277,25.964,0.605727,0.0
3.82364,0.00401571,25.3491,0.601676,0.0
3.81468,0.00387159,25.8235,0.619351,0.0
3.81215,0.00382699,24.9451,0.596889,0.0
3.81229,0.00387651,25.2262,0.606095,0.0
3.80713,0.00385467,24.4532,0.597626,0.0
3.79822,0.00380536,23.2762,0.587684,0.0
3.79326,0.00384202,23.856,0.604254,0.0
3.78854,0.00369011,22.9425,0.575164,0.0
3.7821,0.00364713,22.9073,0.592471,0.0
3.77597,0.00356622,22.6087,0.557858,0.0
3.77343,0.00359902,23.487,0.593207,0.0
3.76691,0.00364488,22.4155,0.570746,0.0
3.75902,0.0035776,21.5722,0.564854,0.0
3.75872,0.00365036,21.9236,0.573691,0.0
3.7591,0.00375093,21.8884,0.569273,0.0
3.752,0.00355112,22.433,0.583633,0.0
3.74574,0.00354051,21.502,0.569273,0.0
3.74615,0.00357717,21.0628,0.550125,0.0
3.74216,0.0034641,21.3614,0.553439,0.0
3.73844,0.00344134,20.2372,0.544233,0.0
3.7353,0.00344633,20.7642,0.550125,0.0
3.73112,0.00344738,20.2372,0.549389,0.0
3.7262,0.0034011,18.8845,0.529873,0.0
3.72465,0.00341318,20.1493,0.550493,0.0
3.72249,0.00336697,19.6223,0.544602,0.0
3.71895,0.00338551,19.3939,0.545338,0.0
3.71344,0.00341178,19.4115,0.536501,0.0
3.70921,0.00330874,19.2885,0.547916,0.0
3.70689,0.00328416,18.5859,0.527663,0.0
3.70888,0.00330313,18.8142,0.535028,0.0
3.70348,0.00324568,19.3237,0.532082,0.0
3.69022,0.00327833,17.2859,0.507043,0.0
3.69306,0.00325165,19.0602,0.535764,0.0
3.69639,0.00316765,18.0588,0.515144,0.0
3.68612,0.00312733,17.2859,0.51183,0.0
3.68912,0.00321835,17.7953,0.520299,0.0
3.69119,0.00318745,17.1805,0.514039,0.0
3.6839,0.00318415,17.6724,0.522877,0.0
3.68045,0.00311673,17.3035,0.524349,0.0
3.68158,0.00322404,17.9534,0.523245,0.0
3.67498,0.00313569,17.8832,0.529873,0.0
3.6671,0.00315507,16.9521,0.506675,0.0
3.66038,0.00300253,16.5832,0.502624,0.0
3.65662,0.00302957,15.5292,0.490473,0.0
3.65376,0.00299677,15.5995,0.487527,0.0
3.64707,0.0029809,14.686,0.47648,0.0
3.64959,0.00301264,15.5116,0.499679,0.0
3.65023,0.00302065,14.9671,0.493051,0.0
3.64434,0.00292527,14.5982,0.480531,0.0
3.64605,0.00294971,15.0373,0.479426,0.0
3.64769,0.0028627,15.2833,0.490473,0.0
3.64147,0.00287449,15.2306,0.486422,0.0
3.63784,0.00281922,15.1076,0.488632,0.0
3.63409,0.00282723,13.7901,0.454387,0.0
3.63347,0.00282779,14.2995,0.47243,0.0
3.63207,0.00285258,14.5455,0.477585,0.0
3.62554,0.0027985,14.2468,0.474639,0.0
3.62179,0.00277111,13.6495,0.46617,0.0
3.62437,0.00284205,14.7738,0.477585,0.0
3.62325,0.00285736,14.036,0.47243,0.0
3.61616,0.00281501,13.9306,0.46838,0.0
3.61796,0.0027709,13.9306,0.463961,0.0
3.61932,0.00282091,13.0347,0.46617,0.0
3.61629,0.00271254,13.4563,0.470957,0.0
3.61437,0.00273326,13.1577,0.455124,0.0
3.61601,0.00281114,13.7374,0.466538,0.0
3.61412,0.00275433,12.8239,0.445918,0.0
3.60684,0.00275243,12.9469,0.445182,0.0
3.60381,0.00275236,12.3496,0.448127,0.0
3.60271,0.00269982,12.4901,0.4496,0.0
3.59945,0.00267559,13.2455,0.458438,0.0
3.59727,0.00274182,12.7361,0.449968,0.0
3.59437,0.00258254,12.2442,0.437449,0.0
3.59174,0.00264582,12.6482,0.456965,0.0
3.59205,0.0025786,12.332,0.447023,0.0
3.58983,0.00261962,11.928,0.428243,0.0
3.58913,0.00256484,12.0509,0.43303,0.0
3.58977,0.00259672,12.2617,0.449232,0.0
3.5868,0.00262861,11.805,0.43303,0.0
3.58337,0.00257593,10.9618,0.413146,0.0
3.58581,0.00264827,11.6645,0.440395,0.0
3.58336,0.00255592,11.928,0.437081,0.0
3.57603,0.00255774,10.6456,0.4102,0.0
3.57172,0.00243371,11.3483,0.420511,0.0
3.57196,0.00249313,11.0672,0.422352,0.0
3.56687,0.00243779,11.155,0.428243,0.0
3.56349,0.00246174,9.90777,0.405413,0.0
3.5655,0.00244291,10.628,0.414987,0.0
3.56811,0.00245527,10.7861,0.42677,0.0
3.56717,0.00248751,10.4875,0.416092,0.0
3.56447,0.00242458,11.0496,0.423456,0.0
3.56237,0.00244804,10.101,0.405782,0.0
3.5619,0.00242191,10.5578,0.409096,0.0
3.55848,0.00243434,9.60913,0.39989,0.0
3.55501,0.00240112,10.1361,0.413883,0.0
3.55335,0.00236397,8.87132,0.385529,0.0
3.55281,0.00236004,9.96047,0.398417,0.0
3.5522,0.00229128,10.0659,0.403941,0.0
3.5493,0.0023219,10.0483,0.407623,0.0
3.5446,0.0022929,8.85375,0.385161,0.0
3.5439,0.0023455,9.55643,0.385898,0.0
3.54646,0.00234873,8.99429,0.386266,0.0
3.54399,0.00224057,9.74967,0.395103,0.0
3.54011,0.00234311,8.97672,0.375219,0.0
3.53833,0.00231572,9.13483,0.38958,0.0
3.54159,0.00227239,8.94159,0.387739,0.0
3.54027,0.00229858,8.18621,0.363804,0.0
3.53519,0.00220883,8.66052,0.371905,0.0
3.5373,0.00234115,9.08213,0.392894,0.0
3.5379,0.00231059,9.06456,0.387739,0.0
3.53263,0.00221803,8.87132,0.378901,0.0
3.53272,0.0022549,8.60782,0.368959,0.0
3.53133,0.00223727,7.90514,0.359754,0.0
3.52554,0.00220314,8.08081,0.365645,0.0
3.52489,0.00219822,8.15108,0.374114,0.0
3.52633,0.00218235,8.46728,0.371169,0.0
3.52365,0.00213803,7.99297,0.371169,0.0
3.523,0.0021263,8.41458,0.370432,0.0
3.52003,0.00212167,7.30786,0.347971,0.0
3.51812,0.00211127,7.85244,0.357176,0.0
3.51768,0.00210495,7.43083,0.351653,0.0
3.51781,0.00216409,7.62407,0.364172,0.0
3.52001,0.00216395,8.50242,0.380743,0.0
3.52055,0.00212012,7.7646,0.355703,0.0
3.51798,0.00212869,8.29161,0.375219,0.0
3.51873,0.00217511,7.95784,0.364909,0.0
3.51469,0.0021237,7.09706,0.337292,0.0
3.50948,0.00208641,7.7119,0.357544,0.0
3.51145,0.00208339,7.6592,0.361963,0.0
3.51089,0.00215411,7.58893,0.350548,0.0
3.50937,0.00218256,7.62407,0.35644,0.0
3.50701,0.00211802,7.43083,0.359386,0.0
3.50442,0.0020435,7.46596,0.3627,0.0
3.50462,0.00209357,7.07949,0.353862,0.0
3.50441,0.00204462,7.30786,0.349812,0.0
3.50292,0.00210783,7.14976,0.347971,0.0
3.50059,0.00204118,6.55248,0.331401,0.0
3.50075,0.00197193,7.00922,0.348339,0.0
3.49772,0.00192853,6.55248,0.336188,0.0
3.49656,0.00201653,6.69302,0.33766,0.0
3.49894,0.00199307,6.58762,0.326614,0.0
3.49918,0.00194623,7.29029,0.345025,0.0
3.49536,0.00197053,6.55248,0.326614,0.0
3.49045,0.00194524,6.53491,0.328455,0.0
3.48987,0.00195107,6.20114,0.3233,0.0
3.49082,0.00196252,6.67545,0.336556,0.0
3.48889,0.00187641,6.16601,0.316672,0.0
3.48678,0.00190324,6.20114,0.3233,0.0
3.48928,0.00189011,6.37681,0.330296,0.0
3.4903,0.00196034,6.09574,0.315199,0.0
3.48836,0.00188175,6.51735,0.331032,0.0
3.48744,0.00195479,6.30654,0.329928,0.0
3.48778,0.00191588,6.28898,0.322932,0.0
3.48198,0.00186595,5.77953,0.310044,0.0
3.48451,0.00187634,6.34168,0.324036,0.0
3.4879,0.00188842,6.37681,0.318881,0.0
3.4843,0.00193724,6.25384,0.318513,0.0
3.48017,0.00190085,6.04304,0.314462,0.0
3.47953,0.00193541,6.27141,0.329191,0.0
3.47954,0.00187684,6.11331,0.326246,0.0
3.4783,0.00186525,5.86737,0.317776,0.0
3.47661,0.00186778,5.86737,0.311885,0.0
3.47695,0.0018762,5.76197,0.307834,0.0
3.47683,0.00191216,5.35793,0.305257,0.0
3.47644,0.00188667,5.51603,0.305625,0.0
3.47592,0.00182156,6.04304,0.315199,0.0
3.47663,0.00185387,5.56873,0.311885,0.0
3.47665,0.00178869,5.7971,0.310412,0.0
3.47581,0.00180077,5.60386,0.306361,0.0
3.47344,0.00183441,5.49846,0.306361,0.0
3.47083,0.00176987,5.21739,0.290896,0.0
3.47186,0.00179895,5.5336,0.304889,0.0
3.47284,0.00180752,6.04304,0.314462,0.0
3.47063,0.0018545,5.65657,0.310412,0.0
3.46817,0.00183905,5.37549,0.301575,0.0
3.46787,0.00180801,5.65657,0.307466,0.0
3.46852,0.00178687,5.81467,0.315567,0.0
3.46752,0.00183168,4.93632,0.289791,0.0
3.46457,0.00185036,5.21739,0.296419,0.0
3.46628,0.00180288,5.18226,0.301575,0.0
3.46718,0.00174297,5.09442,0.292369,0.0
3.46645,0.00180499,5.02415,0.297156,0.0
3.46694,0.00178328,5.35793,0.30047,0.0
3.4632,0.001758,5.07686,0.28795,0.0
3.46208,0.00172597,4.79578,0.285741,0.0
3.46357,0.00175337,4.91875,0.288319,0.0
3.46154,0.00177802,4.54985,0.279849,0.0
3.45717,0.00169655,4.86605,0.2839,0.0
3.45909,0.0016615,5.02415,0.293105,0.0
3.46059,0.00173707,5.05929,0.291633,0.0
3.4586,0.00172295,5.12956,0.289055,0.0
3.45804,0.00176566,4.83092,0.290896,0.0
3.46068,0.00173658,5.32279,0.298629,0.0
3.45825,0.0017691,4.70795,0.284636,0.0
3.45659,0.00169177,4.46201,0.273221,0.0
3.45922,0.00172134,4.90119,0.286109,0.0
3.45772,0.00171277,4.76065,0.284636,0.0
3.45577,0.00170764,4.46201,0.275431,0.0
3.45709,0.00172541,4.81335,0.286109,0.0
3.45301,0.00172548,4.58498,0.276167,0.0
3.45028,0.00167969,4.21607,0.27138,0.0
3.45205,0.00169599,4.40931,0.271749,0.0
3.45421,0.00172703,4.72552,0.282795,0.0
3.45138,0.00173384,4.63768,0.279849,0.0
3.44899,0.00168903,4.14581,0.264016,0.0
3.45103,0.00168784,4.81335,0.287214,0.0
3.45086,0.0017167,4.30391,0.274694,0.0
3.45138,0.00169514,4.70795,0.280218,0.0
3.45351,0.00169844,4.83092,0.284268,0.0
3.44997,0.00168966,4.65525,0.284636,0.0
3.44673,0.00168545,4.39174,0.269171,0.0
3.44728,0.00162006,4.02284,0.267698,0.0
3.44543,0.00159302,3.9877,0.263279,0.0
3.44639,0.00165967,3.89987,0.259597,0.0
3.44741,0.00166164,4.51471,0.27764,0.0
3.4454,0.0016207,4.07554,0.264384,0.0
3.44398,0.00160384,3.74177,0.256651,0.0
3.44547,0.00165975,4.39174,0.276904,0.0
3.44416,0.00161395,4.28634,0.267698,0.0
3.44309,0.00160728,4.02284,0.265121,0.0
3.44538,0.00166115,4.51471,0.282059,0.0
3.44339,0.00166895,4.05797,0.265121,0.0
3.44163,0.00163004,3.65393,0.250392,0.0
3.44264,0.00159246,4.18094,0.268435,0.0
3.44286,0.00158207,3.74177,0.247814,0.0
3.44096,0.0015728,3.70663,0.252969,0.0
3.44137,0.00160363,3.91744,0.258861,0.0
3.44105,0.00169023,4.19851,0.266593,0.0
3.43972,0.00163594,4.0931,0.266962,0.0
3.43996,0.001653,4.28634,0.269907,0.0
3.43945,0.00160461,3.74177,0.252969,0.0
3.43837,0.00162365,4.02284,0.262911,0.0
3.43727,0.00162301,3.89987,0.262175,0.0
3.43681,0.0015959,4.35661,0.269171,0.0
3.43458,0.00159162,3.58366,0.253337,0.0
3.43465,0.00159106,4.18094,0.269539,0.0
3.43604,0.00154786,3.79447,0.25076,0.0
3.43546,0.00154098,3.79447,0.252969,0.0
3.4369,0.00151619,3.5661,0.242659,0.0
3.43721,0.00158431,3.86473,0.259965,0.0
3.4338,0.00153747,3.47826,0.245236,0.0
3.43418,0.00154843,3.89987,0.263279,0.0
3.43416,0.00154281,3.35529,0.237504,0.0
3.43346,0.00154414,3.5661,0.254074,0.0
3.43418,0.00156079,3.7769,0.252601,0.0
3.43435,0.00153923,3.39043,0.240081,0.0
3.43297,0.00154512,3.74177,0.254074,0.0
3.43093,0.00156015,3.60123,0.246341,0.0
3.42928,0.00151787,3.19719,0.237872,0.0
3.42954,0.00154309,3.58366,0.2445,0.0
3.43319,0.00156015,4.00527,0.261438,0.0
3.43034,0.00149575,3.16206,0.23419,0.0
3.42875,0.00154962,3.26746,0.237504,0.0
3.43036,0.00150088,3.46069,0.23824,0.0
3.42877,0.00156943,3.21476,0.239713,0.0
3.42814,0.00151991,3.39043,0.238608,0.0
3.4277,0.0014515,2.98639,0.232717,0.0
3.42655,0.00149716,3.49583,0.248182,0.0
3.42539,0.00146394,2.98639,0.224616,0.0
3.42651,0.00151401,3.37286,0.2445,0.0
3.42692,0.00148978,2.89855,0.22167,0.0
3.42474,0.00149673,3.16206,0.239345,0.0
3.42407,0.00147805,3.32016,0.241922,0.0
3.42604,0.00157027,3.17962,0.232349,0.0
3.42636,0.00144209,3.46069,0.243395,0.0
3.42578,0.00149224,3.60123,0.245236,0.0
3.4256,0.00151521,3.32016,0.24045,0.0
3.42494,0.00150116,3.26746,0.232349,0.0
3.42567,0.00150291,3.30259,0.237504,0.0
3.42485,0.00144884,3.00395,0.222407,0.0
3.42306,0.00146998,3.10935,0.231244,0.0
3.42246,0.00142903,3.02152,0.229771,0.0
3.42425,0.00146962,3.28502,0.235663,0.0
3.42296,0.00146618,2.75801,0.220934,0.0
3.42227,0.00142159,3.39043,0.245236,0.0
3.42213,0.00144434,3.09179,0.233453,0.0
3.4207,0.0014482,2.77558,0.217252,0.0
3.42105,0.00150151,3.40799,0.236767,0.0
3.42108,0.00145017,2.98639,0.223143,0.0
3.42061,0.00145347,3.26746,0.237504,0.0
3.42202,0.00149898,3.14449,0.229771,0.0
3.42153,0.00145368,2.98639,0.226089,0.0
3.41767,0.00141161,2.58235,0.210624,0.0
3.41747,0.00144188,2.86342,0.22167,0.0
3.42026,0.0014364,2.84585,0.218356,0.0
3.42094,0.00146815,3.35529,0.237504,0.0
3.41904,0.00145551,2.82828,0.220566,0.0
3.41692,0.00143177,2.58235,0.210624,0.0
3.41878,0.00146892,3.10935,0.229771,0.0
3.41886,0.00148269,3.03909,0.226457,0.0
3.41563,0.00141386,2.47694,0.209519,0.0
3.41405,0.00141512,2.58235,0.209151,0.0
3.41547,0.00138886,2.45938,0.205837,0.0
3.41503,0.00139138,2.67018,0.213569,0.0
3.41372,0.00139539,2.28371,0.197736,0.0
3.4124,0.00136238,2.28371,0.197736,0.0
3.41505,0.00138232,2.72288,0.216883,0.0
3.41573,0.00137214,2.52964,0.208414,0.0
3.41545,0.00138963,2.84585,0.219829,0.0
3.41595,0.00140543,2.84585,0.221302,0.0
3.41525,0.00142545,2.52964,0.206941,0.0
3.41275,0.00138577,2.61748,0.210255,0.0
3.41335,0.00136905,2.47694,0.206573,0.0
3.41359,0.00136196,2.58235,0.210624,0.0
3.41404,0.00137495,2.61748,0.214674,0.0
3.4139,0.00140501,2.67018,0.212096,0.0
3.41366,0.00146822,2.81072,0.218724,0.0
3.41211,0.00135135,2.37154,0.199577,0.0
3.41146,0.00137621,2.77558,0.218724,0.0
3.41158,0.0013647,2.38911,0.201786,0.0
3.41294,0.00141885,2.93368,0.224248,0.0
3.41291,0.00140037,2.79315,0.223511,0.0
3.40854,0.00133625,2.1256,0.192949,0.0
3.40923,0.00138478,2.67018,0.215042,0.0
3.41225,0.00137039,2.59991,0.209519,0.0
3.41167,0.00137474,2.74045,0.22167,0.0
3.41087,0.00139904,2.72288,0.218356,0.0
3.41113,0.00137397,2.79315,0.219461,0.0
3.41157,0.00138211,2.37154,0.203996,0.0
3.4105,0.00135318,2.51208,0.210992,0.0
3.41172,0.00138106,2.61748,0.211728,0.0
3.41026,0.00134658,2.35397,0.201786,0.0
3.40691,0.00135613,2.52964,0.206941,0.0
3.40819,0.00137214,2.38911,0.206205,0.0
3.40861,0.00137102,2.52964,0.209887,0.0
3.40656,0.00134426,2.1256,0.189635,0.0
3.40763,0.00132466,2.75801,0.220934,0.0
3.40771,0.00133717,2.23101,0.196999,0.0
3.40792,0.00133063,2.28371,0.196263,0.0
3.40707,0.0013484,2.40668,0.205468,0.0
3.4079,0.00132361,2.59991,0.213938,0.0
3.40764,0.00133098,2.30127,0.196631,0.0
3.40791,0.00137474,2.51208,0.212465,0.0
3.40676,0.00134208,2.24857,0.19479,0.0
3.40625,0.00130402,2.28371,0.196263,0.0
3.40895,0.00135634,2.67018,0.213569,0.0
3.40725,0.001372,2.49451,0.208782,0.0
3.40436,0.00135634,2.35397,0.206573,0.0
3.40643,0.00137495,2.54721,0.216515,0.0
3.40698,0.00136238,2.16074,0.194422,0.0
3.4052,0.00133562,2.37154,0.199577,0.0
3.4071,0.0013359,2.28371,0.199209,0.0
3.40691,0.0013458,2.47694,0.203627,0.0
3.40572,0.00131146,2.1256,0.191476,0.0
3.40512,0.00128814,2.09047,0.188162,0.0
3.40742,0.0013201,2.44181,0.205468,0.0
3.4079,0.00134672,2.37154,0.20105,0.0
3.40611,0.00135234,2.45938,0.208782,0.0
3.40715,0.00137755,2.51208,0.210992,0.0
3.40764,0.00134243,2.47694,0.203627,0.0
3.40562,0.00134054,2.40668,0.20105,0.0
3.40255,0.00131237,2.10804,0.188898,0.0
3.40247,0.00130064,2.00264,0.187794,0.0
3.40494,0.00134665,2.26614,0.196999,0.0
3.4037,0.00136062,2.1256,0.191476,0.0
3.40363,0.00139771,2.37154,0.20105,0.0
3.40243,0.00131427,1.9148,0.180797,0.0
3.40258,0.00129236,2.24857,0.202523,0.0
3.40448,0.00133969,2.26614,0.198472,0.0
3.40519,0.00134061,2.45938,0.204364,0.0
3.40308,0.00129545,1.94993,0.185584,0.0
3.40142,0.001263,1.9148,0.18227,0.0
3.40201,0.0012807,2.16074,0.200681,0.0
3.40196,0.0013366,1.98507,0.187057,0.0
3.3995,0.00128632,1.8621,0.17822,0.0
3.39974,0.00130121,1.94993,0.18227,0.0
3.40035,0.00128723,1.94993,0.184111,0.0
3.39904,0.00126356,1.82697,0.178588,0.0
3.40188,0.00128379,2.19587,0.195895,0.0
3.40213,0.00131434,2.30127,0.201418,0.0
3.39872,0.00127044,1.89723,0.180061,0.0
3.39893,0.00126693,1.84453,0.182639,0.0
3.40059,0.00125373,1.9675,0.184848,0.0
3.40077,0.00125029,2.1256,0.189635,0.0
3.40005,0.00125443,1.89723,0.17822,0.0
3.40064,0.00127269,2.14317,0.190371,0.0
3.40042,0.00123919,1.61616,0.164964,0.0
3.3987,0.00124102,2.10804,0.190739,0.0
3.39814,0.00120955,1.79183,0.180429,0.0
3.39811,0.001263,1.9675,0.186321,0.0
3.39923,0.00122381,1.82697,0.178588,0.0
3.39885,0.00122346,2.10804,0.187425,0.0
3.39754,0.00126932,1.73913,0.170855,0.0
3.39715,0.00126173,1.8621,0.180061,0.0
3.39788,0.00122908,1.68643,0.170487,0.0
3.39836,0.00121735,1.77426,0.176011,0.0
3.39788,0.00119916,1.704,0.169383,0.0
3.39862,0.00125232,2.03777,0.191108,0.0
3.39941,0.00128716,1.7567,0.178956,0.0
3.39842,0.00130303,2.10804,0.192212,0.0
3.39718,0.00125584,1.87967,0.180797,0.0
3.39746,0.00125731,1.84453,0.176011,0.0
3.39771,0.00120435,1.63373,0.166069,0.0
3.39662,0.0012,1.89723,0.181534,0.0
3.39591,0.00122402,1.73913,0.172697,0.0
3.3959,0.00124059,1.84453,0.181166,0.0
3.39536,0.0012283,1.82697,0.176747,0.0
3.39442,0.00118834,1.59859,0.16791,0.0
3.39561,0.00122416,1.49319,0.162755,0.0
3.39554,0.00117106,1.56346,0.164227,0.0
3.39605,0.00118174,1.89723,0.181534,0.0
3.396,0.00124656,1.44049,0.158336,0.0
3.39426,0.00119579,1.68643,0.168646,0.0
3.39498,0.00120281,1.66886,0.173065,0.0
3.39439,0.00121025,1.52833,0.164596,0.0
3.39395,0.00119129,1.72156,0.173801,0.0
3.39505,0.00121075,1.8094,0.177852,0.0
3.39395,0.00118293,1.68643,0.170487,0.0
3.39367,0.00121236,1.59859,0.16791,0.0
3.39548,0.00123722,1.98507,0.183743,0.0
3.39319,0.00120323,1.51076,0.159809,0.0
3.39114,0.00121658,1.56346,0.164227,0.0
3.39312,0.00118715,1.704,0.171224,0.0
3.39429,0.00116116,1.29996,0.148762,0.0
3.39342,0.00119726,1.44049,0.160177,0.0
3.39413,0.00117535,1.51076,0.16165,0.0
3.3941,0.00117493,1.44049,0.156127,0.0
3.39228,0.00118659,1.6513,0.170487,0.0
3.39485,0.00120176,1.79183,0.177115,0.0
3.39518,0.00119508,1.77426,0.174538,0.0
3.39216,0.00116313,1.44049,0.158336,0.0
3.39159,0.00118666,1.37022,0.152444,0.0
3.39284,0.00116608,1.47563,0.159809,0.0
3.3912,0.00115884,1.37022,0.154654,0.0
3.392,0.00117668,1.68643,0.168646,0.0
3.39289,0.00117654,1.42292,0.15539,0.0
3.39232,0.00115849,1.37022,0.152444,0.0
3.39184,0.00117612,1.56346,0.166069,0.0
3.39152,0.00117135,1.56346,0.164227,0.0
3.39091,0.00116882,1.44049,0.158336,0.0
3.39082,0.00115013,1.56346,0.164227,0.0
3.39052,0.00112541,1.15942,0.14287,0.0
3.38963,0.00111776,1.42292,0.15539,0.0
3.38998,0.0011278,1.19455,0.146921,0.0
3.39018,0.00114332,1.38779,0.157231,0.0
3.39146,0.00116257,1.59859,0.166069,0.0
3.39131,0.00116727,1.6513,0.166805,0.0
3.38939,0.00112527,1.19455,0.144712,0.0
3.38916,0.00113398,1.28239,0.151708,0.0
3.39106,0.00114325,1.33509,0.154654,0.0
3.39137,0.00119838,1.59859,0.166069,0.0
3.39082,0.00110554,1.28239,0.149867,0.0
3.39223,0.00117809,1.63373,0.169751,0.0
3.39253,0.00116671,1.42292,0.15539,0.0
3.38997,0.00112499,1.29996,0.150603,0.0
3.39095,0.001154,1.63373,0.16791,0.0
3.39218,0.00120913,1.45806,0.157231,0.0
3.39119,0.00118968,1.37022,0.152444,0.0
3.3913,0.00117345,1.49319,0.160913,0.0
3.3899,0.00116348,1.29996,0.150603,0.0
3.38949,0.00115758,1.33509,0.152813,0.0
3.39092,0.00118335,1.49319,0.162755,0.0
3.38985,0.00116741,1.15942,0.14287,0.0
3.38859,0.00115575,1.38779,0.15539,0.0
3.39018,0.0011495,1.21212,0.143607,0.0
3.39036,0.00114711,1.49319,0.162755,0.0
3.3895,0.00112984,1.05402,0.134401,0.0
3.38938,0.00112338,1.29996,0.148762,0.0
3.39094,0.00116467,1.37022,0.152444,0.0
3.3894,0.00111172,1.35266,0.153549,0.0
3.38796,0.00107983,1.15942,0.140661,0.0
3.38932,0.00111916,1.31752,0.151708,0.0
3.38901,0.00114065,1.22969,0.150971,0.0
3.38743,0.00115273,1.51076,0.16165,0.0
3.39012,0.00118062,1.58103,0.165332,0.0
3.38976,0.00111916,1.10672,0.137347,0.0
3.38917,0.00117219,1.49319,0.162755,0.0
3.39094,0.00116615,1.35266,0.153549,0.0
3.38916,0.00112471,1.22969,0.144712,0.0
3.38872,0.0011318,1.40536,0.154285,0.0
3.39132,0.00116165,1.37022,0.152444,0.0
3.39021,0.00114845,1.35266,0.153549,0.0
3.38859,0.00109823,1.14185,0.139556,0.0
3.38954,0.0011061,1.35266,0.151708,0.0
3.38997,0.00111214,1.40536,0.156495,0.0
3.38689,0.00111572,1.15942,0.14287,0.0
3.3885,0.00114845,1.31752,0.151708,0.0
3.39046,0.00114424,1.49319,0.160913,0.0
3.39051,0.0011429,1.58103,0.163491,0.0
3.38808,0.00113967,1.22969,0.144712,0.0
3.38801,0.00111109,1.10672,0.139925,0.0
3.3892,0.00110132,1.22969,0.144712,0.0
3.38901,0.00112892,1.26482,0.150971,0.0
3.38865,0.00113159,1.26482,0.148762,0.0
3.38901,0.00111895,1.15942,0.14287,0.0
3.388,0.00112366,1.08915,0.136611,0.0
3.3895,0.00111888,1.29996,0.150603,0.0
3.38846,0.00106951,1.08915,0.13882,0.0
3.38834,0.00108685,1.12429,0.140661,0.0
3.38876,0.00112324,1.00132,0.133297,0.0
3.38888,0.0011075,1.17699,0.143975,0.0
3.38854,0.00113714,1.26482,0.146553,0.0
3.3876,0.00107534,1.19455,0.144712,0.0
3.38759,0.0011002,1.07159,0.137715,0.0
3.38912,0.00113496,1.45806,0.157231,0.0
3.38959,0.00110378,1.29996,0.148762,0.0
3.38865,0.00113749,1.15942,0.140661,0.0
3.38878,0.00111109,1.26482,0.150971,0.0
3.38849,0.00110659,1.15942,0.140661,0.0
3.38894,0.0010969,1.14185,0.139556,0.0
3.38829,0.00106803,1.15942,0.14287,0.0
3.3875,0.00111361,1.28239,0.149867,0.0
3.38878,0.00108447,1.22969,0.144712,0.0
3.38871,0.00109669,1.21212,0.145816,0.0
3.38856,0.00109978,1.35266,0.153549,0.0
3.38763,0.00111291,1.35266,0.153549,0.0
3.38823,0.00110287,1.14185,0.139556,0.0
3.38645,0.00110336,1.24726,0.145816,0.0
3.38674,0.00110167,1.08915,0.136611,0.0
3.38741,0.00108671,1.10672,0.139925,0.0
3.38888,0.0010884,1.17699,0.143975,0.0
3.38742,0.00108004,1.07159,0.139925,0.0
3.38723,0.00107737,0.983751,0.132192,0.0
3.3881,0.00111165,1.19455,0.14287,0.0
3.3884,0.00108517,1.31752,0.149499,0.0
3.38873,0.00108805,1.03645,0.137715,0.0
3.38872,0.00109718,1.24726,0.145816,0.0
3.38715,0.00112204,0.93105,0.1263,0.0
3.38539,0.00104289,1.00132,0.131087,0.0
3.387,0.0010391,1.03645,0.135506,0.0
3.38895,0.00109563,1.14185,0.141766,0.0
3.3869,0.0011285,0.948617,0.129983,0.0
3.38574,0.00107765,1.01888,0.132192,0.0
3.38818,0.00107105,1.05402,0.134401,0.0
3.38882,0.00108763,1.22969,0.144712,0.0
3.38781,0.00106586,0.843215,0.120409,0.0
3.38862,0.00111172,1.38779,0.157231,0.0
3.38808,0.00109437,1.12429,0.138452,0.0
3.38635,0.00108103,1.21212,0.143607,0.0
3.38933,0.00108966,1.31752,0.149499,0.0
3.38877,0.00112148,1.17699,0.143975,0.0
3.38647,0.0010917,1.21212,0.145816,0.0
3.38648,0.0010818,0.913483,0.125196,0.0
3.38735,0.00108334,1.17699,0.143975,0.0
3.38875,0.00109908,1.19455,0.14913,0.0
3.38779,0.00109556,1.01888,0.132192,0.0
3.38588,0.00105399,1.03645,0.133297,0.0
3.3856,0.00105237,1.07159,0.137715,0.0
3.38757,0.0010589,0.966184,0.131087,0.0
3.38712,0.00109844,0.808081,0.120409,0.0
3.38565,0.00102554,0.983751,0.132192,0.0
3.38578,0.0010825,0.93105,0.1263,0.0
3.38745,0.00110694,1.01888,0.134401,0.0
3.38719,0.00109381,1.19455,0.14287,0.0
3.3851,0.00105799,0.913483,0.125196,0.0
3.38571,0.00105483,1.19455,0.14287,0.0
3.38667,0.00106768,0.75538,0.116727,0.0
3.38622,0.0010667,1.10672,0.141766,0.0
3.38579,0.00104942,1.01888,0.134401,0.0
3.38552,0.00106719,1.10672,0.141766,0.0
3.38529,0.00104113,0.966184,0.128878,0.0
3.38444,0.00106312,0.983751,0.129983,0.0
3.38461,0.001049,0.737813,0.112676,0.0
3.38579,0.00105181,1.07159,0.137715,0.0
3.38618,0.00107442,0.860782,0.126669,0.0
3.38718,0.00105757,0.93105,0.1263,0.0
3.38772,0.00106663,1.15942,0.140661,0.0
3.38602,0.00103334,1.10672,0.137347,0.0
3.38531,0.0010504,0.966184,0.128878,0.0
3.38616,0.00106754,0.913483,0.125196,0.0
3.38603,0.00105715,1.08915,0.13882,0.0
3.38572,0.00101114,0.825648,0.121882,0.0
3.3848,0.00103537,0.808081,0.120409,0.0
3.38426,0.00103256,0.667545,0.110099,0.0
3.38499,0.00106958,0.983751,0.129983,0.0
3.38507,0.00103109,0.772947,0.115254,0.0
3.38485,0.0010372,0.860782,0.121514,0.0
3.38561,0.00103271,0.878349,0.122986,0.0
3.38541,0.00103474,0.75538,0.116727,0.0
3.38464,0.0010497,0.860782,0.121514,0.0
3.38537,0.00104837,0.790514,0.116727,0.0
3.38623,0.00103228,0.948617,0.129983,0.0
3.38581,0.00104268,0.808081,0.117831,0.0
3.3839,0.00101697,0.685112,0.111572,0.0
3.38434,0.00100251,0.702679,0.110099,0.0
3.38551,0.00102273,0.843215,0.120409,0.0
3.38594,0.00105448,1.10672,0.137347,0.0
3.38748,0.00105904,0.983751,0.132192,0.0
3.38531,0.00101606,0.649978,0.106048,0.0
3.38339,0.000998151,0.790514,0.121882,0.0
3.3865,0.000988318,0.825648,0.119304,0.0
3.38702,0.00103566,1.01888,0.134401,0.0
3.38602,0.00102063,0.808081,0.117831,0.0
3.38516,0.00099808,0.913483,0.127773,0.0
3.38562,0.00104703,0.808081,0.117831,0.0
3.38433,0.000988669,0.702679,0.113044,0.0
3.38507,0.00101157,0.825648,0.119304,0.0
3.38605,0.00104198,0.772947,0.115254,0.0
3.38659,0.00106733,1.00132,0.131087,0.0
3.38746,0.00107154,0.913483,0.125196,0.0
3.38694,0.00100777,0.772947,0.1182,0.0
3.38559,0.00101016,0.825648,0.121882,0.0
3.38561,0.00103025,0.632411,0.104575,0.0
3.38585,0.00102393,0.808081,0.117831,0.0
3.38506,0.00103846,0.790514,0.116727,0.0
3.38597,0.00105097,0.75538,0.116727,0.0
3.38592,0.00101002,0.685112,0.108626,0.0
3.38591,0.00101409,0.878349,0.125196,0.0
3.3855,0.00100847,0.632411,0.104575,0.0
3.38361,0.000981646,0.843215,0.120409,0.0
3.38538,0.00103474,0.808081,0.117831,0.0
3.38544,0.00101915,0.720246,0.111572,0.0
3.38473,0.00100117,0.737813,0.112676,0.0
3.38572,0.00104029,0.948617,0.127405,0.0
3.38429,0.000974904,0.57971,0.100157,0.0
3.38306,0.000965703,0.667545,0.107521,0.0
3.38417,0.000950182,0.57971,0.100157,0.0
3.38487,0.000969566,0.632411,0.104575,0.0
3.384,0.000978415,0.614844,0.106048,0.0
3.38307,0.000965282,0.509442,0.0938968,0.0
3.38349,0.000939155,0.527009,0.095738,0.0
3.38252,0.000954325,0.439174,0.0872688,0.0
3.38171,0.000927286,0.386473,0.0821137,0.0
3.38242,0.000943861,0.439174,0.0872688,0.0
3.38386,0.000941262,0.386473,0.0821137,0.0
3.38196,0.000942245,0.509442,0.0938968,0.0
3.38181,0.00089842,0.386473,0.0821137,0.0
3.38176,0.000901019,0.333773,0.0762221,0.0
3.38161,0.000882898,0.368906,0.0802726,0.0
3.3823,0.000901229,0.245938,0.0655437,0.0
3.38244,0.000921737,0.527009,0.095738,0.0
3.38133,0.000898209,0.263505,0.067753,0.0
3.38021,0.000884444,0.316206,0.074381,0.0
3.38031,0.000872644,0.263505,0.067753,0.0
3.38092,0.000863303,0.17567,0.0556017,0.0
3.38097,0.000882407,0.281072,0.0699624,0.0
3.38148,0.000926443,0.333773,0.0762221,0.0
3.38001,0.000881845,0.17567,0.0556017,0.0
3.37954,0.000865621,0.158103,0.0526559,0.0
3.37914,0.00087419,0.193237,0.0581792,0.0
3.37993,0.000857685,0.228371,0.0633343,0.0
3.37998,0.000850942,0.17567,0.0556017,0.0
3.38036,0.000883741,0.193237,0.0581792,0.0
3.38034,0.000849397,0.245938,0.0655437,0.0
3.3804,0.000833454,0.158103,0.0526559,0.0
3.38113,0.000863936,0.333773,0.0762221,0.0
3.38033,0.000848484,0.140536,0.0497101,0.0
3.38015,0.000842866,0.105402,0.0430821,0.0
3.38051,0.000842374,0.17567,0.0556017,0.0
3.38169,0.000857404,0.228371,0.0633343,0.0
3.3807,0.000838441,0.122969,0.0463961,0.0
3.37983,0.00085031,0.0702679,0.0349812,0.0
3.38076,0.000850029,0.17567,0.0556017,0.0
3.38104,0.00086829,0.158103,0.0526559,0.0
3.38016,0.000842866,0.122969,0.0463961,0.0
3.38009,0.000846658,0.140536,0.0497101,0.0
3.38032,0.000863093,0.17567,0.0556017,0.0
3.38078,0.000826572,0.0878349,0.0463961,0.0
3.3818,0.000848765,0.210804,0.0655437,0.0
3.38152,0.000851434,0.158103,0.0526559,0.0
3.38074,0.000855156,0.122969,0.0463961,0.0
3.38098,0.000831769,0.158103,0.0526559,0.0
3.38033,0.000849116,0.0878349,0.0393999,0.0
3.38106,0.000837809,0.122969,0.0463961,0.0
3.38019,0.000822428,0.0878349,0.0393999,0.0
3.38098,0.000826501,0.105402,0.0430821,0.0
3.38143,0.000840759,0.193237,0.0581792,0.0
3.38043,0.000834297,0.0878349,0.0393999,0.0
3.38122,0.000840548,0.158103,0.0526559,0.0
3.38129,0.000855156,0.158103,0.0526559,0.0
3.38123,0.0008501,0.193237,0.0581792,0.0
3.38102,0.000839635,0.0527009,0.0305625,0.0
3.38154,0.000826642,0.158103,0.0526559,0.0
3.38237,0.000849187,0.0878349,0.0393999,0.0
3.38207,0.00085937,0.193237,0.0581792,0.0
3.38156,0.000852488,0.140536,0.0497101,0.0
3.38153,0.000833595,0.0527009,0.0305625,0.0
3.3817,0.00082622,0.122969,0.0463961,0.0
3.38175,0.000843568,0.17567,0.0607568,0.0
3.38121,0.000832331,0.105402,0.0430821,0.0
3.38126,0.000847009,0.122969,0.0463961,0.0
3.38163,0.000839214,0.158103,0.0526559,0.0
3.38137,0.000841601,0.122969,0.0463961,0.0
3.38068,0.000845605,0.158103,0.0526559,0.0
3.38104,0.000829381,0.0527009,0.0305625,0.0
3.38173,0.000809786,0.017567,0.0176747,0.0
3.38151,0.00083205,0.0878349,0.0393999,0.0
3.38205,0.000795739,0.140536,0.0497101,0.0
3.38191,0.000818144,0.122969,0.0463961,0.0
3.38215,0.000830645,0.193237,0.0581792,0.0
3.38284,0.000833735,0.17567,0.0556017,0.0
3.38248,0.00083198,0.0878349,0.0393999,0.0
3.38205,0.000826782,0.0878349,0.0393999,0.0
3.38303,0.000845605,0.122969,0.0463961,0.0
3.38351,0.000848063,0.158103,0.0526559,0.0
3.3822,0.00083823,0.122969,0.0463961,0.0
3.3813,0.000843006,0.122969,0.0463961,0.0
3.38137,0.000828468,0.0527009,0.0305625,0.0
3.38303,0.000837247,0.158103,0.0526559,0.0
3.38249,0.000834789,0.140536,0.0497101,0.0
3.38288,0.000848203,0.0878349,0.0393999,0.0
3.38251,0.000854595,0.105402,0.0430821,0.0
3.38338,0.000847431,0.140536,0.0497101,0.0
3.38314,0.000835772,0.0527009,0.0305625,0.0
3.38173,0.000806204,0.0702679,0.0349812,0.0
3.38252,0.000826923,0.0878349,0.0393999,0.0
3.38328,0.000846518,0.0878349,0.0393999,0.0
3.38322,0.000844621,0.105402,0.0430821,0.0
3.38265,0.000841531,0.158103,0.0526559,0.0
3.38265,0.000851715,0.105402,0.0430821,0.0
3.38225,0.000824184,0.0878349,0.0393999,0.0
3.38308,0.00081997,0.105402,0.0430821,0.0
3.38294,0.000829521,0.105402,0.0430821,0.0
3.38344,0.000819689,0.105402,0.0430821,0.0
3.38278,0.000820391,0.0351339,0.0246709,0.0
3.3835,0.000847571,0.140536,0.0497101,0.0
3.38418,0.000835842,0.122969,0.0463961,0.0
3.38465,0.000805853,0.122969,0.0463961,0.0
3.38494,0.000827274,0.17567,0.0556017,0.0
3.38477,0.000842234,0.140536,0.0497101,0.0
3.38404,0.000833665,0.105402,0.0430821,0.0
3.38428,0.000828187,0.122969,0.0463961,0.0
3.38504,0.000839635,0.0702679,0.0349812,0.0
3.38416,0.000845183,0.105402,0.0430821,0.0
3.38466,0.000844692,0.122969,0.0463961,0.0
3.38493,0.000837598,0.17567,0.0556017,0.0
3.38423,0.000830856,0.0527009,0.0305625,0.0
3.38381,0.000819619,0.0527009,0.0305625,0.0
3.3846,0.000812665,0.0702679,0.0349812,0.0
3.38518,0.00081407,0.0878349,0.0393999,0.0
3.38506,0.000828608,0.105402,0.0430821,0.0
3.3841,0.000827766,0.122969,0.0463961,0.0
3.3838,0.000809224,0.105402,0.0430821,0.0
3.38399,0.000811752,0.0527009,0.0305625,0.0
3.385,0.000812174,0.0878349,0.0463961,0.0
3.38454,0.000830294,0.105402,0.0430821,0.0
3.3847,0.000825518,0.105402,0.0430821,0.0
3.38386,0.000817582,0.0527009,0.0305625,0.0
3.38434,0.000803114,0.0702679,0.0349812,0.0
3.38558,0.000832401,0.105402,0.0430821,0.0
3.38522,0.000820672,0.140536,0.0497101,0.0
3.38523,0.000818635,0.0878349,0.0393999,0.0
3.38492,0.000823762,0.0351339,0.0246709,0.0
3.3864,0.000828679,0.0878349,0.0393999,0.0
3.38585,0.000825869,0.158103,0.0526559,0.0
3.38541,0.000815194,0.0351339,0.0246709,0.0
3.38518,0.000823411,0.0878349,0.0393999,0.0
3.38514,0.000827414,0.105402,0.0430821,0.0
3.38543,0.000800656,0.0702679,0.0349812,0.0
3.38441,0.000819197,0.0527009,0.0305625,0.0
3.38505,0.000831277,0.0351339,0.0246709,0.0
3.38439,0.000842304,0.105402,0.0430821,0.0
3.38483,0.000836755,0.0527009,0.0305625,0.0
3.38539,0.000823762,0.0702679,0.0349812,0.0
3.38561,0.000827063,0.0878349,0.0393999,0.0
3.38517,0.000835561,0.0878349,0.0393999,0.0
3.3854,0.000817722,0.0702679,0.0349812,0.0
3.38647,0.000827625,0.158103,0.0526559,0.0
3.38521,0.000822568,0.0351339,0.0246709,0.0
3.38556,0.000812876,0.122969,0.0463961,0.0
3.38648,0.000815264,0.0878349,0.0393999,0.0
3.38536,0.000810418,0.122969,0.0463961,0.0
3.38565,0.000833735,0.140536,0.0497101,0.0
3.38608,0.000819197,0.105402,0.0430821,0.0
3.38596,0.000822779,0.140536,0.0497101,0.0
3.38543,0.000817301,0.0351339,0.0246709,0.0
3.38573,0.000808732,0.0702679,0.0349812,0.0
3.387,0.000846307,0.122969,0.0463961,0.0
3.38774,0.000859792,0.140536,0.0497101,0.0
3.38777,0.00085326,0.122969,0.0463961,0.0
3.38761,0.000834367,0.0878349,0.0393999,0.0
3.38662,0.000833876,0.0527009,0.0305625,0.0
3.38682,0.000837036,0.158103,0.0526559,0.0
3.38612,0.000853682,0.0878349,0.0393999,0.0
3.38704,0.000852979,0.122969,0.0463961,0.0
3.38754,0.000843989,0.228371,0.0633343,0.0
3.38771,0.000852066,0.0878349,0.0393999,0.0
3.38782,0.000824886,0.105402,0.0430821,0.0
3.38763,0.000832612,0.0527009,0.0305625,0.0
3.38662,0.000831909,0.0702679,0.0349812,0.0
3.38775,0.000830715,0.122969,0.0463961,0.0
3.38822,0.000832331,0.0878349,0.0393999,0.0
3.38772,0.00082924,0.0527009,0.0305625,0.0
3.38852,0.000840127,0.158103,0.0526559,0.0
3.38869,0.000813508,0.0878349,0.0393999,0.0
3.38878,0.000828749,0.0878349,0.0393999,0.0
3.38794,0.000817582,0.122969,0.0463961,0.0
3.38819,0.000825167,0.0878349,0.0393999,0.0
3.38881,0.000819478,0.0702679,0.0349812,0.0
3.38859,0.000827414,0.158103,0.0526559,0.0
3.38836,0.00081091,0.0702679,0.0349812,0.0
3.38816,0.000823411,0.122969,0.0463961,0.0
3.38768,0.000816037,0.0702679,0.0349812,0.0
3.38868,0.000825448,0.0878349,0.0393999,0.0
3.38938,0.000833244,0.0527009,0.0305625,0.0
3.38866,0.000818706,0.0878349,0.0393999,0.0
3.38952,0.000833525,0.140536,0.0497101,0.0
3.38898,0.000828257,0.0527009,0.0305625,0.0
3.38871,0.000811261,0.0702679,0.0349812,0.0
3.38965,0.000831909,0.105402,0.0430821,0.0
3.38915,0.000818003,0.0351339,0.0246709,0.0
3.38979,0.000823973,0.0878349,0.0393999,0.0
3.39068,0.000816879,0.0702679,0.0349812,0.0
3.38964,0.000822779,0.0351339,0.0246709,0.0
3.39017,0.000831347,0.0527009,0.0305625,0.0
3.3893,0.000830645,0.0878349,0.0393999,0.0
3.38839,0.000836755,0.140536,0.0497101,0.0
3.39013,0.000841953,0.0702679,0.0349812,0.0
3.38968,0.000867658,0.140536,0.0497101,0.0
3.38914,0.000845043,0.158103,0.0526559,0.0
3.38966,0.000845886,0.0702679,0.0349812,0.0
3.39012,0.000866885,0.122969,0.0463961,0.0
3.39056,0.000862882,0.17567,0.0556017,0.0
3.38945,0.000814351,0.0351339,0.0246709,0.0
3.38868,0.000803746,0.0702679,0.0349812,0.0
3.39061,0.000825729,0.105402,0.0430821,0.0
3.38931,0.000818003,0.0878349,0.0393999,0.0
3.38785,0.000809575,0.0527009,0.0305625,0.0
3.39067,0.000825729,0.228371,0.0633343,0.0
3.39114,0.000832612,0.122969,0.0463961,0.0
3.39068,0.0008291,0.0351339,0.0246709,0.0
3.39055,0.000830786,0.0527009,0.0305625,0.0
3.39118,0.000797004,0.0702679,0.0349812,0.0
3.39005,0.000802482,0.0351339,0.0246709,0.0
3.39152,0.000830996,0.140536,0.0497101,0.0
3.39163,0.000827204,0.0878349,0.0393999,0.0
3.3898,0.000821515,0.0878349,0.0393999,0.0
3.39111,0.000821936,0.105402,0.0430821,0.0
3.39143,0.00081091,0.0527009,0.0305625,0.0
3.39103,0.000832331,0.0702679,0.0349812,0.0
3.39088,0.000823411,0.122969,0.0463961,0.0
3.39047,0.000801358,0.0351339,0.0246709,0.0
3.39104,0.000815264,0.105402,0.0430821,0.0
3.39224,0.000823762,0.0702679,0.0349812,0.0
3.39171,0.000836264,0.122969,0.0463961,0.0
3.39206,0.000827625,0.0878349,0.0393999,0.0
3.39145,0.000801639,0.0527009,0.0305625,0.0
3.39136,0.000811401,0.0351339,0.0246709,0.0
3.39143,0.000812946,0.017567,0.0176747,0.0
3.3916,0.000812595,0.122969,0.0463961,0.0
3.39201,0.000815826,0.0702679,0.0349812,0.0
3.39263,0.000833033,0.17567,0.0556017,0.0
3.39278,0.000836826,0.122969,0.0463961,0.0
3.39161,0.000811542,0.0702679,0.0349812,0.0
3.39308,0.000819619,0.140536,0.0497101,0.0
3.39366,0.00085621,0.122969,0.0463961,0.0
3.39312,0.000832822,0.0351339,0.0246709,0.0
3.39212,0.000803676,0.105402,0.0430821,0.0
3.39294,0.000806696,0.0527009,0.0305625,0.0
3.39196,0.000821655,0.0878349,0.0393999,0.0
3.39354,0.000833454,0.017567,0.0176747,0.0
3.3933,0.00083507,0.122969,0.0463961,0.0
3.39252,0.000807538,0.0527009,0.0305625,0.0
3.39315,0.000816669,0.158103,0.0526559,0.0
3.39384,0.000816107,0.140536,0.0497101,0.0
3.39442,0.000822919,0.140536,0.0497101,0.0
3.39505,0.000797917,0.0702679,0.0349812,0.0
3.39266,0.000808311,0.0351339,0.0246709,0.0
3.39309,0.000813157,0.0702679,0.0349812,0.0
3.39421,0.00081716,0.105402,0.0430821,0.0
3.39349,0.0008291,0.105402,0.0430821,0.0
3.39413,0.000828679,0.0878349,0.0393999,0.0
3.39407,0.000825237,0.105402,0.0430821,0.0
3.39366,0.000809013,0.140536,0.0497101,0.0
3.39381,0.000825729,0.0878349,0.0393999,0.0
3.3948,0.000829521,0.0878349,0.0393999,0.0
3.39426,0.000820251,0.105402,0.0430821,0.0
3.3938,0.000812595,0.0702679,0.0349812,0.0
3.39374,0.000809154,0.0351339,0.0246709,0.0
3.39379,0.000821093,0.0702679,0.0349812,0.0
3.39459,0.000801569,0.0702679,0.0349812,0.0
3.39482,0.000822006,0.0527009,0.0305625,0.0
3.39517,0.000829521,0.105402,0.0497101,0.0
3.39455,0.000813719,0.0527009,0.0305625,0.0
3.39422,0.000823903,0.0878349,0.0393999,0.0
3.39369,0.000832612,0.122969,0.0463961,0.0
3.39531,0.000837668,0.0878349,0.0463961,0.0
3.39601,0.000810418,0.0878349,0.0393999,0.0
3.39486,0.000815545,0.0702679,0.0349812,0.0
3.3948,0.000827555,0.017567,0.0176747,0.0
3.39597,0.000820742,0.0702679,0.0349812,0.0
3.39514,0.000803114,0.0702679,0.0349812,0.0
3.39589,0.00081098,0.0351339,0.0246709,0.0
3.39639,0.000843006,0.17567,0.0556017,0.0
3.39555,0.000828117,0.0878349,0.0393999,0.0
3.39551,0.000813859,0.0527009,0.0305625,0.0
3.39641,0.000817792,0.122969,0.0463961,0.0
3.39653,0.000816599,0.122969,0.0463961,0.0
3.39604,0.000817792,0.122969,0.0463961,0.0
3.39626,0.000833103,0.0702679,0.0349812,0.0
3.39613,0.000820672,0.122969,0.0463961,0.0
3.39537,0.000813859,0.0527009,0.0305625,0.0
3.3969,0.000807117,0.0527009,0.0305625,0.0
3.39675,0.000807609,0.105402,0.0430821,0.0
3.39668,0.000806625,0.017567,0.0176747,0.0
3.39662,0.000818214,0.017567,0.0176747,0.0
3.39638,0.000820461,0.0351339,0.0246709,0.0
3.39717,0.000835913,0.0702679,0.0349812,0.0
3.39752,0.000811261,0.105402,0.0430821,0.0
3.39682,0.000820602,0.0527009,0.0305625,0.0
3.39619,0.000805642,0.122969,0.0463961,0.0
3.39765,0.000812104,0.122969,0.0463961,0.0
3.39702,0.000815896,0.105402,0.0430821,0.0
3.3969,0.000842304,0.140536,0.0497101,0.0
3.39815,0.000826853,0.0702679,0.0349812,0.0
3.39669,0.000831277,0.122969,0.0463961,0.0
3.39736,0.000830575,0.0878349,0.0393999,0.0
3.39819,0.000802201,0.0527009,0.0305625,0.0
3.39775,0.000793562,0.105402,0.0430821,0.0
3.39913,0.000803395,0.0351339,0.0246709,0.0
3.39825,0.000818144,0.0878349,0.0393999,0.0
3.39773,0.0008383,0.105402,0.0430821,0.0
3.39834,0.000808803,0.105402,0.0430821,0.0
3.39787,0.000815405,0.122969,0.0463961,0.0
3.39838,0.000810067,0.0351339,0.0246709,0.0
3.39882,0.000798689,0.105402,0.0430821,0.0
3.39836,0.000789489,0.0527009,0.0305625,0.0
3.39894,0.000791244,0.017567,0.0176747,0.0
3.39925,0.000800796,0.017567,0.0176747,0.0
3.39897,0.000822709,0.0702679,0.0349812,0.0
3.39895,0.000804238,0.0527009,0.0305625,0.0
3.39973,0.000822849,0.105402,0.0430821,0.0
3.39941,0.000818565,0.0527009,0.0305625,0.0
3.399,0.000805712,0.0702679,0.0349812,0.0
3.3993,0.000805361,0.0527009,0.0305625,0.0
3.39912,0.000820953,0.105402,0.0430821,0.0
3.39921,0.000822428,0.0527009,0.0305625,0.0
3.39934,0.000787873,0.0351339,0.0246709,0.0
3.40035,0.000809645,0.0878349,0.0393999,0.0
3.39955,0.000816739,0.0878349,0.0393999,0.0
3.40048,0.000834929,0.0702679,0.0349812,0.0
3.40055,0.000796442,0.017567,0.0176747,0.0
3.40091,0.000799743,0.0527009,0.0305625,0.0
3.40104,0.000818635,0.105402,0.0430821,0.0
3.40007,0.000814983,0.0351339,0.0246709,0.0
3.39973,0.000812736,0.0702679,0.0349812,0.0
3.4008,0.000814632,0.0878349,0.0393999,0.0
3.40017,0.000814702,0.0351339,0.0246709,0.0
3.39997,0.000816809,0.017567,0.0176747,0.0
3.40018,0.000840267,0.122969,0.0463961,0.0
3.39994,0.00083219,0.0878349,0.0393999,0.0
3.39987,0.000799532,0.0351339,0.0246709,0.0
3.39975,0.000805993,0.0351339,0.0246709,0.0
3.40092,0.000809435,0.105402,0.0430821,0.0
3.40111,0.000792579,0.017567,0.0176747,0.0
3.40067,0.000813508,0.0878349,0.0393999,0.0
3.40091,0.000799532,0.0527009,0.0305625,0.0
3.40099,0.000813719,0.0351339,0.0246709,0.0
3.40196,0.000822147,0.0527009,0.0305625,0.0
3.40193,0.000819548,0.0702679,0.0349812,0.0
3.40165,0.000820321,0.158103,0.0526559,0.0
3.40181,0.00084118,0.140536,0.0497101,0.0
3.40123,0.000807749,0.0702679,0.0349812,0.0
3.40169,0.000823762,0.0702679,0.0349812,0.0
3.40126,0.000810348,0.0351339,0.0246709,0.0
3.4016,0.000822358,0.0527009,0.0305625,0.0
3.40184,0.000797846,0.105402,0.0430821,0.0
3.40114,0.000801639,0.105402,0.0430821,0.0
3.40093,0.000813859,0.0351339,0.0246709,0.0
3.40198,0.0008383,0.105402,0.0430821,0.0
3.40154,0.000804378,0.0527009,0.0305625,0.0
3.40153,0.00080803,0.0702679,0.0349812,0.0
3.40264,0.000814562,0.0702679,0.0349812,0.0
3.40191,0.000819689,0.0702679,0.0349812,0.0
3.40139,0.000806415,0.0527009,0.0305625,0.0
3.40325,0.000808311,0.122969,0.0463961,0.0
3.40272,0.000792368,0.0,0.0,0.0
3.40243,0.000796863,0.017567,0.0176747,0.0
3.40241,0.000817512,0.105402,0.0430821,0.0
3.40391,0.000843708,0.158103,0.0526559,0.0
3.40361,0.000831277,0.122969,0.0463961,0.0
3.4031,0.00082011,0.0878349,0.0393999,0.0
3.40385,0.000802692,0.0702679,0.0349812,0.0
3.40447,0.000808171,0.0351339,0.0246709,0.0
3.40401,0.000835913,0.122969,0.0463961,0.0
3.40362,0.000802833,0.017567,0.0176747,0.0
3.40394,0.000804027,0.0702679,0.0349812,0.0
3.40514,0.000810558,0.0351339,0.0246709,0.0
3.40462,0.000805642,0.0702679,0.0349812,0.0
3.40394,0.000813719,0.0351339,0.0246709,0.0
3.40456,0.00080789,0.122969,0.0463961,0.0
3.40466,0.000823341,0.105402,0.0430821,0.0
3.40467,0.000841321,0.0702679,0.0349812,0.0
3.40559,0.000822217,0.0878349,0.0393999,0.0
3.40445,0.000822919,0.122969,0.0463961,0.0
3.40432,0.000819829,0.0527009,0.0305625,0.0
3.40458,0.000813438,0.0527009,0.0305625,0.0
3.40325,0.000812946,0.0702679,0.0349812,0.0
3.40492,0.000790331,0.0878349,0.0393999,0.0
3.40413,0.000808171,0.0527009,0.0305625,0.0
3.40406,0.000799883,0.105402,0.0430821,0.0
3.40608,0.000811331,0.122969,0.0463961,0.0
3.40547,0.000821515,0.0878349,0.0393999,0.0
3.40465,0.00080789,0.0878349,0.0393999,0.0
3.4051,0.000809435,0.0702679,0.0349812,0.0
3.40571,0.000816879,0.0351339,0.0246709,0.0
3.4058,0.000808662,0.0527009,0.0305625,0.0
3.40645,0.000809435,0.193237,0.0581792,0.0
3.40689,0.000818495,0.0878349,0.0393999,0.0
3.40585,0.000798549,0.0702679,0.0349812,0.0
3.40566,0.000799883,0.017567,0.0176747,0.0
3.40644,0.000809575,0.0878349,0.0393999,0.0
3.40717,0.000821023,0.0702679,0.0349812,0.0
3.40649,0.000809997,0.0,0.0,0.0
3.40696,0.000817933,0.0702679,0.0349812,0.0
3.4072,0.000837879,0.0878349,0.0393999,0.0
3.40661,0.000839775,0.105402,0.0430821,0.0
3.4063,0.000846377,0.105402,0.0430821,0.0
3.40678,0.000825378,0.0351339,0.0246709,0.0
3.40672,0.000816037,0.0527009,0.0305625,0.0
3.40648,0.00082608,0.0878349,0.0393999,0.0
3.40712,0.000817582,0.0351339,0.0246709,0.0
3.40738,0.000797917,0.0527009,0.0305625,0.0
3.40771,0.000818073,0.105402,0.0430821,0.0
3.40781,0.000816528,0.0702679,0.0349812,0.0
3.40694,0.000805431,0.0527009,0.0305625,0.0
3.40716,0.000790191,0.0351339,0.0246709,0.0
3.40819,0.000815264,0.0878349,0.0393999,0.0
3.40795,0.000797776,0.0351339,0.0246709,0.0
3.40861,0.000793773,0.017567,0.0176747,0.0
3.40776,0.000799181,0.0702679,0.0349812,0.0
3.40754,0.000808732,0.0351339,0.0246709,0.0
3.40818,0.000794475,0.017567,0.0176747,0.0
3.40839,0.000791525,0.0351339,0.0246709,0.0
3.40946,0.000811682,0.0527009,0.0305625,0.0
3.40932,0.000821304,0.0702679,0.0349812,0.0
3.40856,0.000792087,0.017567,0.0176747,0.0
3.40875,0.000805853,0.017567,0.0176747,0.0
3.40933,0.000814351,0.140536,0.0497101,0.0
3.40897,0.000806625,0.0702679,0.0349812,0.0
3.40902,0.00079897,0.0702679,0.0349812,0.0
3.40852,0.000780148,0.0351339,0.0246709,0.0
3.4092,0.000795599,0.0527009,0.0305625,0.0
3.409,0.000781763,0.0351339,0.0246709,0.0
3.4097,0.00078998,0.017567,0.0176747,0.0
3.40999,0.000803184,0.0351339,0.0246709,0.0
3.40913,0.000808451,0.017567,0.0176747,0.0
3.40908,0.000815405,0.017567,0.0176747,0.0
3.41057,0.000804589,0.0527009,0.0305625,0.0
3.4091,0.000797565,0.0527009,0.0305625,0.0
3.40926,0.000799462,0.0351339,0.0246709,0.0
3.41013,0.000796371,0.0702679,0.0349812,0.0
3.41028,0.000822849,0.0527009,0.0305625,0.0
3.40977,0.000820742,0.0702679,0.0349812,0.0
3.41015,0.000792719,0.0,0.0,0.0
3.40932,0.000805853,0.0351339,0.0246709,0.0
3.4096,0.000795318,0.0527009,0.0305625,0.0
3.41076,0.000800024,0.017567,0.0176747,0.0
3.41024,0.000834578,0.017567,0.0176747,0.0
3.41062,0.000795669,0.0351339,0.0246709,0.0
3.41178,0.000814632,0.0527009,0.0305625,0.0
3.41066,0.000814211,0.017567,0.0176747,0.0
3.41107,0.000827063,0.017567,0.0176747,0.0
3.41146,0.000800515,0.0351339,0.0246709,0.0
3.41198,0.000803816,0.0351339,0.0246709,0.0
3.41172,0.000795599,0.0351339,0.0246709,0.0
3.41144,0.000795739,0.0527009,0.0305625,0.0
3.41064,0.00079609,0.0527009,0.0305625,0.0
3.41222,0.000790402,0.017567,0.0176747,0.0
3.41273,0.00079904,0.0527009,0.0305625,0.0
3.41266,0.000793281,0.0527009,0.0305625,0.0
3.41188,0.000789629,0.0351339,0.0246709,0.0
3.41151,0.000800515,0.0702679,0.0349812,0.0
3.41194,0.000804308,0.0351339,0.0246709,0.0
3.41206,0.000803324,0.0702679,0.0349812,0.0
3.41295,0.000808662,0.017567,0.0176747,0.0
3.41187,0.000819829,0.0351339,0.0246709,0.0
3.41187,0.000795529,0.0,0.0,0.0
3.41207,0.000782816,0.0878349,0.0393999,0.0
3.41248,0.000799391,0.017567,0.0176747,0.0
3.41232,0.000804238,0.0527009,0.0305625,0.0
3.41261,0.000817582,0.0527009,0.0305625,0.0
3.41341,0.000815966,0.0878349,0.0393999,0.0
3.41369,0.000813157,0.0878349,0.0393999,0.0
3.4134,0.000822358,0.0527009,0.0305625,0.0
3.41272,0.000815334,0.0702679,0.0349812,0.0
3.41314,0.000813017,0.0878349,0.0393999,0.0
3.41446,0.000818425,0.122969,0.0463961,0.0
3.41398,0.000800094,0.0,0.0,0.0
3.41325,0.000805923,0.0351339,0.0246709,0.0
3.41274,0.000801779,0.0351339,0.0246709,0.0
3.41327,0.00082018,0.0878349,0.0393999,0.0
3.41381,0.000824254,0.105402,0.0430821,0.0
3.41342,0.000802482,0.0527009,0.0305625,0.0
3.41349,0.000802692,0.0878349,0.0393999,0.0
3.41415,0.000828608,0.105402,0.0430821,0.0
3.41502,0.000791034,0.105402,0.0430821,0.0
3.41542,0.000786047,0.0351339,0.0246709,0.0
3.41433,0.000789699,0.0351339,0.0246709,0.0
3.41373,0.000777689,0.0,0.0,0.0
3.4149,0.000816669,0.140536,0.0497101,0.0
3.41585,0.000811752,0.0351339,0.0246709,0.0
3.41596,0.000788014,0.0,0.0,0.0
3.41528,0.000808381,0.122969,0.0463961,0.0
3.41609,0.000818003,0.0527009,0.0305625,0.0
3.41563,0.000807538,0.0,0.0,0.0
3.41555,0.000814913,0.0702679,0.0349812,0.0
3.41521,0.000790612,0.017567,0.0176747,0.0
3.41611,0.000821445,0.0878349,0.0393999,0.0
3.41614,0.000816318,0.0527009,0.0305625,0.0
3.41652,0.000800164,0.017567,0.0176747,0.0
3.41677,0.000797214,0.0702679,0.0349812,0.0
3.4154,0.000805642,0.0351339,0.0246709,0.0
3.41567,0.000807328,0.0702679,0.0349812,0.0
3.41606,0.000798619,0.0702679,0.0349812,0.0
3.41482,0.000791244,0.0527009,0.0305625,0.0
3.4162,0.000812525,0.105402,0.0430821,0.0
3.41695,0.00080501,0.017567,0.0176747,0.0
3.41629,0.000804308,0.105402,0.0430821,0.0
3.41626,0.000787522,0.0527009,0.0305625,0.0
3.41694,0.00079602,0.105402,0.0430821,0.0
3.41673,0.000823622,0.0527009,0.0305625,0.0
3.41677,0.000822147,0.0351339,0.0246709,0.0
3.41694,0.000809435,0.0351339,0.0246709,0.0
3.41786,0.000804238,0.0527009,0.0305625,0.0
3.41767,0.000803957,0.0351339,0.0246709,0.0
3.41841,0.000807328,0.122969,0.0463961,0.0
3.41864,0.000817582,0.017567,0.0176747,0.0
3.41746,0.000800515,0.0878349,0.0393999,0.0
3.41685,0.000800515,0.0702679,0.0349812,0.0
3.41837,0.000810278,0.0527009,0.0305625,0.0
3.41785,0.00082011,0.122969,0.0463961,0.0
3.41797,0.000823692,0.017567,0.0176747,0.0
3.41881,0.000802482,0.0527009,0.0305625,0.0
3.41834,0.000812946,0.0351339,0.0246709,0.0
3.41811,0.000803184,0.0527009,0.0305625,0.0
3.41928,0.00081407,0.0527009,0.0305625,0.0
3.41826,0.000798689,0.0527009,0.0305625,0.0
3.41835,0.000806836,0.0878349,0.0393999,0.0
3.41864,0.00081112,0.0527009,0.0305625,0.0
3.41785,0.000798057,0.017567,0.0176747,0.0
3.41878,0.000811752,0.0527009,0.0305625,0.0
3.41909,0.000788576,0.0351339,0.0246709,0.0
3.41863,0.000803114,0.0527009,0.0305625,0.0
3.41907,0.000805151,0.122969,0.0463961,0.0
3.41938,0.000793,0.0702679,0.0349812,0.0
3.41866,0.000789137,0.0527009,0.0305625,0.0
3.41902,0.00077783,0.0,0.0,0.0
3.42027,0.000793843,0.0,0.0,0.0
3.41981,0.000797214,0.017567,0.0176747,0.0
3.41885,0.000799251,0.0527009,0.0305625,0.0
3.42006,0.00081091,0.017567,0.0176747,0.0
3.41982,0.000797425,0.0702679,0.0349812,0.0
3.41984,0.000808311,0.105402,0.0430821,0.0
3.42071,0.000828117,0.0351339,0.0246709,0.0
3.42115,0.000825588,0.105402,0.0430821,0.0
3.42063,0.000805642,0.0351339,0.0246709,0.0
3.42103,0.000799181,0.0351339,0.0246709,0.0
3.42056,0.000807187,0.0,0.0,0.0
3.42039,0.000808171,0.140536,0.0497101,0.0
3.42055,0.00080803,0.017567,0.0176747,0.0
3.42046,0.000808522,0.0,0.0,0.0
3.4215,0.000814702,0.0527009,0.0305625,0.0
3.42081,0.000809013,0.0351339,0.0246709,0.0
3.42099,0.000813719,0.017567,0.0176747,0.0
3.42104,0.000791947,0.0878349,0.0393999,0.0
3.42053,0.000800656,0.0527009,0.0305625,0.0
3.4214,0.000804027,0.0702679,0.0349812,0.0
3.42159,0.000796793,0.0351339,0.0246709,0.0
3.42031,0.000778392,0.017567,0.0176747,0.0
3.42126,0.0007779,0.017567,0.0176747,0.0
3.42181,0.00081112,0.105402,0.0430821,0.0
3.4219,0.000839916,0.0527009,0.0305625,0.0
3.42154,0.000794686,0.0527009,0.0305625,0.0
3.42131,0.000791315,0.0527009,0.0305625,0.0
3.42214,0.000801498,0.0702679,0.0430821,0.0
3.42177,0.000816247,0.0527009,0.0305625,0.0
3.42171,0.000815264,0.0527009,0.0305625,0.0
3.42307,0.000814421,0.0351339,0.0246709,0.0
3.42408,0.000802833,0.0527009,0.0305625,0.0
3.4229,0.000794054,0.0878349,0.0393999,0.0
3.42325,0.000822709,0.0527009,0.0305625,0.0
3.42492,0.000795388,0.140536,0.0497101,0.0
3.42477,0.00079286,0.0527009,0.0305625,0.0
3.42356,0.000797495,0.0527009,0.0305625,0.0
3.4239,0.000797214,0.0702679,0.0349812,0.0
3.42384,0.00079293,0.0,0.0,0.0
3.42317,0.000808732,0.0527009,0.0305625,0.0
3.42356,0.000814983,0.0351339,0.0246709,0.0
3.42397,0.000782325,0.0702679,0.0349812,0.0
3.42373,0.000784994,0.017567,0.0176747,0.0
3.42381,0.00078401,0.0351339,0.0246709,0.0
3.42468,0.000802411,0.0702679,0.0430821,0.0
3.42431,0.000805783,0.105402,0.0430821,0.0
3.42381,0.00081098,0.017567,0.0176747,0.0
3.42418,0.000806696,0.0351339,0.0246709,0.0
3.42466,0.000830364,0.105402,0.0430821,0.0
3.42426,0.000795669,0.0527009,0.0305625,0.0
3.42516,0.000783238,0.0351339,0.0246709,0.0
3.42499,0.000781552,0.0527009,0.0305625,0.0
3.42367,0.00078998,0.0351339,0.0246709,0.0
3.42388,0.000789418,0.0527009,0.0305625,0.0
3.42497,0.000802271,0.0527009,0.0305625,0.0
3.42526,0.000785977,0.0527009,0.0305625,0.0
3.42608,0.000767857,0.0,0.0,0.0
3.42608,0.000784643,0.0527009,0.0305625,0.0
3.42519,0.000791525,0.0351339,0.0246709,0.0
3.42527,0.000781693,0.017567,0.0176747,0.0
3.42644,0.000785626,0.0527009,0.0305625,0.0
3.42627,0.000782957,0.0351339,0.0246709,0.0
3.42532,0.000800234,0.0351339,0.0246709,0.0
3.42583,0.000798689,0.0527009,0.0305625,0.0
3.42716,0.000783519,0.0,0.0,0.0
3.4265,0.000819478,0.105402,0.0430821,0.0
3.4259,0.000796161,0.0702679,0.0349812,0.0
3.42571,0.000791947,0.0878349,0.0393999,0.0
3.42598,0.000810769,0.017567,0.0176747,0.0
3.42619,0.000809154,0.0702679,0.0349812,0.0
3.42687,0.000822709,0.0527009,0.0305625,0.0
3.42692,0.000812525,0.0702679,0.0349812,0.0
3.42737,0.000791104,0.017567,0.0176747,0.0
3.42715,0.000813227,0.0878349,0.0393999,0.0
3.42756,0.000811261,0.0702679,0.0349812,0.0
3.42749,0.000798759,0.0878349,0.0393999,0.0
3.42639,0.000809294,0.0351339,0.0246709,0.0
3.42696,0.00080508,0.0878349,0.0393999,0.0
3.42728,0.000805151,0.0351339,0.0246709,0.0
3.42728,0.000812314,0.0351339,0.0246709,0.0
3.42725,0.000795037,0.0351339,0.0246709,0.0
3.42802,0.00080508,0.0351339,0.0246709,0.0
3.42837,0.000795599,0.122969,0.0463961,0.0
3.42926,0.000785836,0.0878349,0.0393999,0.0
3.42875,0.000800937,0.0527009,0.0305625,0.0
3.429,0.000801358,0.017567,0.0176747,0.0
3.4284,0.00078696,0.0351339,0.0246709,0.0
3.42828,0.000788646,0.0351339,0.0246709,0.0
3.42849,0.000800304,0.0527009,0.0393999,0.0
3.42821,0.000791806,0.017567,0.0176747,0.0
3.42912,0.00078977,0.017567,0.0176747,0.0
3.42931,0.000793351,0.0527009,0.0305625,0.0
3.42948,0.000795739,0.0351339,0.0246709,0.0
3.42852,0.000807819,0.0527009,0.0305625,0.0
3.4288,0.000788365,0.0527009,0.0305625,0.0
3.4298,0.000783308,0.0527009,0.0305625,0.0
3.42852,0.000799391,0.0527009,0.0305625,0.0
3.42825,0.000787803,0.0351339,0.0246709,0.0
3.42989,0.000784713,0.0351339,0.0246709,0.0
3.43031,0.000793351,0.017567,0.0176747,0.0
3.4301,0.000819127,0.0527009,0.0305625,0.0
3.43073,0.000821164,0.105402,0.0430821,0.0
3.43012,0.000793422,0.0351339,0.0246709,0.0
3.43012,0.0007838,0.0527009,0.0305625,0.0
3.43085,0.000799181,0.0527009,0.0305625,0.0
3.431,0.000790472,0.0351339,0.0246709,0.0
3.43179,0.000790191,0.0878349,0.0393999,0.0
3.42946,0.000785275,0.0,0.0,0.0
3.43072,0.000793492,0.017567,0.0176747,0.0
3.43081,0.000820742,0.17567,0.0556017,0.0
3.43092,0.000794967,0.0527009,0.0305625,0.0
3.43138,0.000794756,0.105402,0.0430821,0.0
3.43172,0.000792438,0.0527009,0.0305625,0.0
3.43144,0.000800937,0.0878349,0.0393999,0.0
3.43223,0.000811472,0.0702679,0.0349812,0.0
3.43241,0.000798689,0.0527009,0.0305625,0.0
3.43245,0.000795458,0.0527009,0.0305625,0.0
3.43183,0.000790753,0.017567,0.0176747,0.0
3.43205,0.000811682,0.158103,0.0526559,0.0
3.43222,0.000795107,0.0527009,0.0305625,0.0
3.43171,0.000786258,0.0878349,0.0393999,0.0
3.43173,0.000793422,0.0527009,0.0305625,0.0
3.43216,0.000794545,0.0351339,0.0246709,0.0
3.43215,0.00079005,0.0702679,0.0349812,0.0
3.43248,0.000814983,0.0702679,0.0349812,0.0
3.43218,0.000791385,0.017567,0.0176747,0.0
3.43232,0.000793984,0.0527009,0.0305625,0.0
3.43344,0.000791666,0.0,0.0,0.0
3.43343,0.000793632,0.0527009,0.0305625,0.0
3.43353,0.000805923,0.122969,0.0463961,0.0
3.43332,0.000818776,0.105402,0.0430821,0.0
3.43308,0.000824956,0.0527009,0.0305625,0.0
3.4326,0.000797284,0.0527009,0.0305625,0.0
3.43364,0.000787241,0.0702679,0.0349812,0.0
3.43298,0.000792438,0.017567,0.0176747,0.0
3.43278,0.00078991,0.0351339,0.0246709,0.0
3.43372,0.000814421,0.0351339,0.0246709,0.0
3.43391,0.0007838,0.0351339,0.0246709,0.0
3.43414,0.000788014,0.0878349,0.0393999,0.0
3.43445,0.000802341,0.017567,0.0176747,0.0
3.43317,0.000792719,0.0351339,0.0246709,0.0
3.43356,0.000777549,0.0,0.0,0.0
3.43502,0.000794545,0.0527009,0.0305625,0.0
3.43506,0.000823903,0.0878349,0.0393999,0.0
3.43504,0.000818986,0.0702679,0.0349812,0.0
3.43589,0.00081091,0.0878349,0.0393999,0.0
3.43434,0.000803395,0.017567,0.0176747,0.0
3.43424,0.000788997,0.0527009,0.0305625,0.0
3.43478,0.000777689,0.0527009,0.0305625,0.0
3.4352,0.000787943,0.0527009,0.0305625,0.0
3.43476,0.000787452,0.017567,0.0176747,0.0
3.43545,0.000780429,0.0527009,0.0305625,0.0
3.43583,0.000785064,0.0527009,0.0305625,0.0
3.43492,0.000785134,0.0527009,0.0305625,0.0
3.43552,0.000794405,0.0351339,0.0246709,0.0
3.43572,0.000800656,0.0527009,0.0305625,0.0
3.43677,0.000764135,0.0351339,0.0246709,0.0
3.43575,0.000799251,0.0702679,0.0349812,0.0
3.43526,0.000819057,0.0878349,0.0393999,0.0
3.43524,0.000794335,0.017567,0.0176747,0.0
3.43665,0.000798057,0.0702679,0.0349812,0.0
3.43688,0.000820391,0.0527009,0.0305625,0.0
3.43666,0.000811612,0.0527009,0.0305625,0.0
3.43696,0.000818635,0.0527009,0.0305625,0.0
3.4365,0.000798408,0.017567,0.0176747,0.0
3.43669,0.000791736,0.0,0.0,0.0
3.437,0.000801428,0.0702679,0.0349812,0.0
3.43693,0.00079904,0.0702679,0.0349812,0.0
3.43621,0.000786328,0.0351339,0.0246709,0.0
3.43623,0.000790121,0.0702679,0.0349812,0.0
3.4369,0.000789137,0.017567,0.0176747,0.0
3.43789,0.0007989,0.0527009,0.0305625,0.0
3.43855,0.000787733,0.0702679,0.0349812,0.0
3.43811,0.000796161,0.0878349,0.0393999,0.0
3.43649,0.000808381,0.0702679,0.0349812,0.0
3.43834,0.000787803,0.0878349,0.0393999,0.0
3.43907,0.00078998,0.0527009,0.0305625,0.0
3.43803,0.00078682,0.0702679,0.0349812,0.0
3.4383,0.000781201,0.0527009,0.0305625,0.0
3.43788,0.000760834,0.017567,0.0176747,0.0
3.43836,0.000763643,0.017567,0.0176747,0.0
3.43768,0.000770736,0.017567,0.0176747,0.0
3.43884,0.000796161,0.017567,0.0176747,0.0
3.43909,0.000785204,0.0878349,0.0393999,0.0
3.43945,0.000790823,0.017567,0.0176747,0.0
3.43758,0.000776566,0.0,0.0,0.0
3.43787,0.0007838,0.0351339,0.0246709,0.0
3.4393,0.000795739,0.0351339,0.0246709,0.0
3.4395,0.000794405,0.0878349,0.0393999,0.0
3.43898,0.0007779,0.0351339,0.0246709,0.0
3.43969,0.000780429,0.0878349,0.0393999,0.0
3.44031,0.000805993,0.0878349,0.0393999,0.0
3.43911,0.000785556,0.017567,0.0176747,0.0
3.43921,0.000780077,0.017567,0.0176747,0.0
3.44052,0.000768419,0.0351339,0.0246709,0.0
3.43966,0.000778743,0.0702679,0.0349812,0.0
3.43934,0.000772141,0.0702679,0.0349812,0.0
3.4405,0.000788646,0.0351339,0.0246709,0.0
3.44071,0.000781763,0.0351339,0.0246709,0.0
3.44055,0.000778251,0.0527009,0.0305625,0.0
3.44087,0.000780148,0.140536,0.0497101,0.0
3.44069,0.000798549,0.0351339,0.0246709,0.0
3.44093,0.000792298,0.0351339,0.0246709,0.0
3.44161,0.000798478,0.0527009,0.0305625,0.0
3.44147,0.000800445,0.0527009,0.0305625,0.0
3.4405,0.000796301,0.017567,0.0176747,0.0
3.44032,0.000796793,0.0527009,0.0305625,0.0
3.44033,0.000803395,0.0,0.0,0.0
3.44209,0.000772001,0.0351339,0.0246709,0.0
3.44173,0.000781271,0.0527009,0.0305625,0.0
3.44173,0.00079581,0.0351339,0.0246709,0.0
3.44243,0.000811401,0.0527009,0.0305625,0.0
3.44237,0.000781974,0.0,0.0,0.0
3.44168,0.000803395,0.0351339,0.0246709,0.0
3.44197,0.00080508,0.0702679,0.0349812,0.0
3.44189,0.000772211,0.017567,0.0176747,0.0
3.44246,0.000778251,0.0351339,0.0246709,0.0
3.44239,0.000781131,0.0,0.0,0.0
3.44284,0.00080206,0.017567,0.0176747,0.0
3.44293,0.000800515,0.122969,0.0463961,0.0
3.44371,0.000787803,0.017567,0.0176747,0.0
3.44272,0.000804167,0.0351339,0.0246709,0.0
3.44267,0.000797284,0.0702679,0.0349812,0.0
3.4431,0.000782816,0.0527009,0.0305625,0.0
3.44388,0.000787592,0.0878349,0.0393999,0.0
3.44287,0.000806906,0.0702679,0.0349812,0.0
3.44265,0.000799181,0.0527009,0.0305625,0.0
3.44281,0.000793843,0.105402,0.0430821,0.0
3.44308,0.000783238,0.0702679,0.0349812,0.0
3.44485,0.000781412,0.140536,0.0497101,0.0
3.4457,0.000804659,0.0527009,0.0305625,0.0
3.44436,0.000791666,0.017567,0.0176747,0.0
3.44515,0.00078991,0.0702679,0.0349812,0.0
3.44413,0.000779235,0.0,0.0,0.0
3.4447,0.000776285,0.0,0.0,0.0
3.44539,0.000793984,0.0351339,0.0246709,0.0
3.44477,0.000812174,0.0527009,0.0305625,0.0
3.4444,0.000793984,0.0527009,0.0305625,0.0
3.44504,0.00079286,0.0878349,0.0393999,0.0
3.44486,0.000812946,0.0351339,0.0246709,0.0
3.44511,0.00079293,0.0351339,0.0246709,0.0
3.44563,0.000780569,0.0,0.0,0.0
3.44411,0.000766733,0.017567,0.0176747,0.0
3.4445,0.000776285,0.017567,0.0176747,0.0
3.44577,0.000804589,0.0527009,0.0305625,0.0
3.44519,0.000813859,0.0351339,0.0246709,0.0
3.44532,0.000796652,0.0527009,0.0305625,0.0
3.44529,0.000790261,0.0527009,0.0305625,0.0
3.44562,0.000800796,0.0351339,0.0246709,0.0
3.44588,0.000791315,0.0351339,0.0246709,0.0
3.44534,0.000782536,0.0527009,0.0305625,0.0
3.44457,0.000798057,0.0527009,0.0305625,0.0
3.44511,0.000790402,0.0527009,0.0305625,0.0
3.44643,0.000793492,0.017567,0.0176747,0.0
3.44726,0.000779586,0.017567,0.0176747,0.0
3.44623,0.000789489,0.0351339,0.0246709,0.0
3.44592,0.000788857,0.0878349,0.0393999,0.0
3.44592,0.000785766,0.017567,0.0176747,0.0
3.44677,0.00076287,0.0527009,0.0305625,0.0
3.44817,0.000780709,0.0351339,0.0246709,0.0
3.44734,0.000798127,0.0,0.0,0.0
3.44679,0.000792579,0.0527009,0.0305625,0.0
3.4479,0.000777409,0.0878349,0.0393999,0.0
3.44713,0.000776425,0.0351339,0.0246709,0.0
3.44719,0.000778111,0.017567,0.0176747,0.0
3.44751,0.000798338,0.017567,0.0176747,0.0
3.4476,0.000793281,0.0351339,0.0246709,0.0
3.44757,0.000795318,0.0527009,0.0305625,0.0
3.44825,0.000778111,0.017567,0.0176747,0.0
3.44828,0.000772633,0.0351339,0.0246709,0.0
3.4483,0.000765609,0.0527009,0.0305625,0.0
3.44838,0.000787733,0.0351339,0.0246709,0.0
3.44867,0.000782746,0.0702679,0.0349812,0.0
3.44825,0.000782255,0.017567,0.0176747,0.0
3.4479,0.000776496,0.017567,0.0176747,0.0
3.44887,0.00079279,0.017567,0.0176747,0.0
3.44933,0.000803605,0.0527009,0.0305625,0.0
3.44901,0.000794616,0.0351339,0.0246709,0.0
3.44972,0.000776004,0.0702679,0.0349812,0.0
3.44875,0.000794124,0.105402,0.0430821,0.0
3.44914,0.000772984,0.017567,0.0176747,0.0
3.44888,0.00078387,0.0527009,0.0305625,0.0
3.44926,0.00077186,0.0,0.0,0.0
3.44864,0.000799111,0.0351339,0.0246709,0.0
3.45011,0.000790893,0.017567,0.0176747,0.0
3.44872,0.000772352,0.0351339,0.0246709,0.0
3.44839,0.000781552,0.0527009,0.0305625,0.0
3.44882,0.000778602,0.0,0.0,0.0
3.44939,0.000780499,0.0,0.0,0.0
3.44986,0.000788505,0.0351339,0.0246709,0.0
3.44995,0.000800866,0.0351339,0.0246709,0.0
3.45066,0.000790261,0.017567,0.0176747,0.0
3.45054,0.000795388,0.122969,0.0463961,0.0
3.45031,0.000772001,0.017567,0.0176747,0.0
3.45056,0.00078394,0.0351339,0.0246709,0.0
3.45135,0.000775021,0.0527009,0.0305625,0.0
3.45073,0.000778532,0.017567,0.0176747,0.0
3.45107,0.000793281,0.017567,0.0176747,0.0
3.45228,0.000792368,0.0878349,0.0393999,0.0
3.45124,0.000791947,0.017567,0.0176747,0.0
3.45022,0.000784572,0.0702679,0.0349812,0.0
3.45057,0.000785275,0.017567,0.0176747,0.0
3.45119,0.000781693,0.0351339,0.0246709,0.0
3.45151,0.000770104,0.017567,0.0176747,0.0
3.45181,0.000777619,0.0,0.0,0.0
3.45155,0.000781974,0.0351339,0.0246709,0.0
3.45222,0.000789699,0.017567,0.0176747,0.0
3.45328,0.000787733,0.0351339,0.0246709,0.0
3.4527,0.000788154,0.0702679,0.0349812,0.0
3.45315,0.000805712,0.0351339,0.0246709,0.0
3.45344,0.000796652,0.0702679,0.0349812,0.0
3.45248,0.000782887,0.0527009,0.0305625,0.0
3.45245,0.000806204,0.0351339,0.0246709,0.0
3.45208,0.000797706,0.017567,0.0176747,0.0
3.45324,0.000784432,0.017567,0.0176747,0.0
3.45327,0.000793351,0.0527009,0.0305625,0.0
3.4523,0.000812946,0.0527009,0.0305625,0.0
3.45278,0.00080494,0.0527009,0.0305625,0.0
3.45281,0.000787663,0.0351339,0.0246709,0.0
3.45262,0.000773265,0.0527009,0.0305625,0.0
3.45332,0.000776566,0.017567,0.0176747,0.0
3.45339,0.00076589,0.0527009,0.0305625,0.0
3.4539,0.000773124,0.0702679,0.0349812,0.0
3.45371,0.000790191,0.0351339,0.0246709,0.0
3.45365,0.000785275,0.0527009,0.0305625,0.0
3.45427,0.000779445,0.0351339,0.0246709,0.0
3.45443,0.000784362,0.0351339,0.0246709,0.0
3.45517,0.000790893,0.0878349,0.0393999,0.0
3.45501,0.000780499,0.0527009,0.0305625,0.0
3.4549,0.000784853,0.0,0.0,0.0
3.45516,0.000770526,0.0351339,0.0246709,0.0
3.45545,0.000781623,0.0,0.0,0.0
3.45544,0.000785415,0.0351339,0.0246709,0.0
3.45457,0.000774669,0.0702679,0.0349812,0.0
3.45531,0.000778602,0.0351339,0.0246709,0.0
3.45487,0.000785415,0.0702679,0.0349812,0.0
3.45451,0.00080185,0.0527009,0.0305625,0.0
3.45542,0.000787452,0.0,0.0,0.0
3.45599,0.000783238,0.0351339,0.0246709,0.0
3.45553,0.000767787,0.017567,0.0176747,0.0
3.45558,0.000788014,0.0351339,0.0246709,0.0
3.4557,0.000775653,0.0351339,0.0246709,0.0
3.45534,0.000782887,0.017567,0.0176747,0.0
3.45495,0.00078682,0.0351339,0.0246709,0.0
3.45553,0.000773124,0.0,0.0,0.0
3.45535,0.00076884,0.017567,0.0176747,0.0
3.45574,0.000763924,0.0351339,0.0246709,0.0
3.45575,0.000771509,0.0,0.0,0.0
3.45661,0.000798408,0.0527009,0.0305625,0.0
3.45678,0.000785204,0.0527009,0.0305625,0.0
3.45627,0.000777549,0.0351339,0.0246709,0.0
3.45651,0.000775372,0.0702679,0.0349812,0.0
3.45705,0.000787241,0.0527009,0.0305625,0.0
3.45737,0.000807258,0.122969,0.0463961,0.0
3.45702,0.000792649,0.0351339,0.0246709,0.0
3.45735,0.000789489,0.0351339,0.0246709,0.0
3.4578,0.000793773,0.0351339,0.0246709,0.0
3.45783,0.000791806,0.0351339,0.0246709,0.0
3.45744,0.000807328,0.0351339,0.0246709,0.0
3.45777,0.00080789,0.0878349,0.0463961,0.0
3.45756,0.000769823,0.0527009,0.0305625,0.0
3.45752,0.00078099,0.017567,0.0176747,0.0
3.4575,0.000780499,0.0351339,0.0246709,0.0
3.4576,0.000763924,0.017567,0.0176747,0.0
3.45804,0.000768981,0.0702679,0.0349812,0.0
3.45744,0.000781833,0.0351339,0.0246709,0.0
3.45841,0.000779445,0.0527009,0.0305625,0.0
3.45836,0.000797987,0.0702679,0.0349812,0.0
3.45811,0.000797776,0.0878349,0.0393999,0.0
3.45926,0.000775231,0.0351339,0.0246709,0.0
3.45889,0.000774529,0.0351339,0.0246709,0.0
3.45889,0.000788084,0.0527009,0.0305625,0.0
3.45842,0.000786469,0.0527009,0.0305625,0.0
3.45954,0.000753248,0.0,0.0,0.0
3.45989,0.000763994,0.0527009,0.0305625,0.0
3.45909,0.000777057,0.017567,0.0176747,0.0
3.45933,0.000762098,0.0,0.0,0.0
3.45966,0.000770175,0.017567,0.0176747,0.0
3.4594,0.000760904,0.017567,0.0176747,0.0
3.46013,0.000779796,0.0527009,0.0305625,0.0
3.46166,0.000789629,0.0878349,0.0393999,0.0
3.46089,0.000789559,0.017567,0.0176747,0.0
3.45992,0.000775723,0.0351339,0.0246709,0.0
3.46003,0.00079581,0.0351339,0.0246709,0.0
3.46097,0.000773405,0.0351339,0.0246709,0.0
3.46141,0.00079609,0.0878349,0.0393999,0.0
3.46085,0.000799532,0.017567,0.0176747,0.0
3.46116,0.000807328,0.0527009,0.0305625,0.0
3.46078,0.000760834,0.0351339,0.0246709,0.0
3.46118,0.000766382,0.017567,0.0176747,0.0
3.46139,0.000788576,0.0351339,0.0246709,0.0
3.461,0.000772703,0.017567,0.0176747,0.0
3.46021,0.000775934,0.0,0.0,0.0
3.46138,0.000767927,0.0527009,0.0305625,0.0
3.46246,0.000780007,0.0702679,0.0349812,0.0
3.46201,0.000767857,0.0351339,0.0246709,0.0
3.46152,0.00078092,0.0,0.0,0.0
3.46112,0.000782044,0.0527009,0.0305625,0.0
3.46195,0.000774389,0.017567,0.0176747,0.0
3.46199,0.000794897,0.0527009,0.0305625,0.0
3.46224,0.000805993,0.017567,0.0176747,0.0
3.46173,0.000787311,0.0702679,0.0349812,0.0
3.4622,0.000778181,0.017567,0.0176747,0.0
3.463,0.000788295,0.0527009,0.0305625,0.0
3.46292,0.000787382,0.0351339,0.0246709,0.0
3.46199,0.000772071,0.0351339,0.0246709,0.0
3.46198,0.000778743,0.0351339,0.0246709,0.0
3.46304,0.000787382,0.017567,0.0176747,0.0
3.46371,0.000773616,0.017567,0.0176747,0.0
3.46317,0.000774318,0.0351339,0.0246709,0.0
3.46381,0.000784221,0.0878349,0.0393999,0.0
3.46389,0.000798619,0.0527009,0.0305625,0.0
3.46355,0.000788997,0.017567,0.0176747,0.0
3.46363,0.00078387,0.017567,0.0176747,0.0
3.46369,0.000787943,0.0,0.0,0.0
3.46284,0.000788576,0.0527009,0.0305625,0.0
3.46307,0.000784362,0.0527009,0.0305625,0.0
3.46337,0.000791034,0.017567,0.0176747,0.0
3.46396,0.000805783,0.0351339,0.0246709,0.0
3.46452,0.000797917,0.0351339,0.0246709,0.0
3.46433,0.000814702,0.0702679,0.0349812,0.0
3.46398,0.000791104,0.122969,0.0463961,0.0
3.46428,0.000771439,0.0,0.0,0.0
3.46425,0.000774037,0.0351339,0.0246709,0.0
3.46436,0.000784221,0.0527009,0.0305625,0.0
3.46435,0.000776074,0.017567,0.0176747,0.0
3.46362,0.00075964,0.0351339,0.0246709,0.0
3.46563,0.000769823,0.017567,0.0176747,0.0
3.46626,0.000799532,0.0878349,0.0393999,0.0
3.46545,0.000771228,0.0351339,0.0246709,0.0
3.46598,0.000755215,0.0351339,0.0246709,0.0
3.46582,0.000771088,0.0527009,0.0305625,0.0
3.46633,0.000792438,0.0351339,0.0246709,0.0
3.4662,0.000772422,0.017567,0.0176747,0.0
3.46729,0.000777338,0.0878349,0.0393999,0.0
3.46709,0.000790963,0.0351339,0.0246709,0.0
3.46638,0.000794545,0.0527009,0.0305625,0.0
3.46648,0.000785415,0.0527009,0.0305625,0.0
3.46703,0.000803395,0.0527009,0.0305625,0.0
3.46643,0.000790823,0.0702679,0.0349812,0.0
3.46712,0.000780288,0.0351339,0.0246709,0.0
3.46753,0.000797284,0.0351339,0.0246709,0.0
3.46658,0.000791174,0.0527009,0.0305625,0.0
3.4664,0.000799602,0.0351339,0.0246709,0.0
3.46675,0.000773475,0.0351339,0.0246709,0.0
3.46705,0.000771509,0.0702679,0.0349812,0.0
3.46855,0.00080185,0.140536,0.0556017,0.0
3.46717,0.00079279,0.0527009,0.0305625,0.0
3.46685,0.000782887,0.0527009,0.0305625,0.0
3.46757,0.000790121,0.0,0.0,0.0
3.4675,0.000776636,0.0351339,0.0246709,0.0
3.46701,0.000788576,0.0527009,0.0393999,0.0
3.46786,0.000797565,0.0351339,0.0246709,0.0
3.46825,0.000793703,0.0527009,0.0305625,0.0
3.46813,0.000773335,0.0702679,0.0349812,0.0
3.46865,0.000767155,0.017567,0.0176747,0.0
3.46805,0.000772703,0.122969,0.0463961,0.0
3.46812,0.000793351,0.017567,0.0176747,0.0
3.46848,0.000778532,0.017567,0.0176747,0.0
3.4683,0.000782044,0.0351339,0.0246709,0.0
3.46955,0.000797074,0.0351339,0.0246709,0.0
3.47004,0.000781552,0.017567,0.0176747,0.0
3.46897,0.000776776,0.0878349,0.0393999,0.0
3.46828,0.000786609,0.0,0.0,0.0
3.4702,0.000788997,0.0527009,0.0305625,0.0
3.47049,0.000777268,0.0351339,0.0246709,0.0
3.46988,0.000760272,0.0351339,0.0246709,0.0
3.46949,0.000778181,0.0702679,0.0349812,0.0
3.46945,0.000779796,0.0702679,0.0349812,0.0
3.47016,0.000781833,0.0,0.0,0.0
3.46977,0.000782184,0.017567,0.0176747,0.0
3.47003,0.000787592,0.0527009,0.0305625,0.0
3.47079,0.000797284,0.0878349,0.0393999,0.0
3.47024,0.000781201,0.017567,0.0176747,0.0
3.47046,0.000761536,0.017567,0.0176747,0.0
3.46962,0.000766312,0.0,0.0,0.0
3.47024,0.000774389,0.0351339,0.0246709,0.0
3.47068,0.000762941,0.0351339,0.0246709,0.0
3.4711,0.000781342,0.122969,0.0463961,0.0
3.47107,0.000786539,0.0351339,0.0246709,0.0
3.47138,0.000791104,0.0,0.0,0.0
3.47141,0.000784923,0.0878349,0.0393999,0.0
3.47147,0.000797776,0.017567,0.0176747,0.0
3.47153,0.000795529,0.0351339,0.0246709,0.0
3.47122,0.000783027,0.0,0.0,0.0
3.47073,0.000761536,0.0,0.0,0.0
3.47125,0.000785415,0.0351339,0.0246709,0.0
3.47241,0.000789278,0.0351339,0.0246709,0.0
3.47217,0.000772211,0.0527009,0.0305625,0.0
3.47186,0.00078078,0.0527009,0.0305625,0.0
3.47207,0.000782184,0.017567,0.0176747,0.0
3.4716,0.000781482,0.0,0.0,0.0
3.47148,0.000763432,0.017567,0.0176747,0.0
3.47195,0.000768559,0.0,0.0,0.0
3.47348,0.000785766,0.0351339,0.0246709,0.0
3.47359,0.000776917,0.0702679,0.0349812,0.0
3.47379,0.000775582,0.017567,0.0176747,0.0
3.47315,0.000797636,0.0527009,0.0305625,0.0
3.47178,0.000779796,0.0351339,0.0246709,0.0
3.47313,0.000751984,0.0527009,0.0305625,0.0
3.4727,0.000764626,0.0,0.0,0.0
3.47312,0.000785064,0.017567,0.0176747,0.0
3.47302,0.000782044,0.0527009,0.0305625,0.0
3.47305,0.0,0.017567,0.0,0.0
3.47426,0.0,0.0,0.0,0.0
3.47423,0.0,0.0351339,0.0,0.0
3.47378,0.0,0.0527009,0.0,0.0
3.47433,0.0,0.0527009,0.0,0.0
3.47529,0.0,0.0351339,0.0,0.0
3.47456,0.0,0.0351339,0.0,0.0
3.47455,0.0,0.0527009,0.0,0.0
3.47436,0.0,0.0,0.0,0.0
3.47462,0.0,0.0527009,0.0,0.0
3.47429,0.0,0.0702679,0.0,0.0
3.47416,0.0,0.0878349,0.0,0.0
3.47432,0.0,0.0702679,0.0,0.0
3.47469,0.0,0.0351339,0.0,0.0
3.47493,0.0,0.017567,0.0,0.0
3.47538,0.0,0.0,0.0,0.0
3.47489,0.0,0.017567,0.0,0.0
3.47561,0.0,0.017567,0.0,0.0
3.47566,0.0,0.017567,0.0,0.0
3.47553,0.0,0.0527009,0.0,0.0
3.47542,0.0,0.0527009,0.0,0.0
3.47498,0.0,0.0702679,0.0,0.0
3.4749,0.0,0.122969,0.0,0.0
3.47619,0.0,0.0,0.0,0.0
3.47573,0.0,0.0351339,0.0,0.0
3.47622,0.0,0.017567,0.0,0.0
3.47695,0.0,0.0527009,0.0,0.0
3.47658,0.0,0.0351339,0.0,0.0
3.47673,0.0,0.017567,0.0,0.0
3.47655,0.0,0.0351339,0.0,0.0
3.47651,0.0,0.017567,0.0,0.0
3.47678,0.0,0.0878349,0.0,0.0
3.47654,0.0,0.0351339,0.0,0.0
3.47647,0.0,0.0527009,0.0,0.0
3.47755,0.0,0.0351339,0.0,0.0
3.47753,0.0,0.0702679,0.0,0.0
3.47725,0.0,0.017567,0.0,0.0
3.47722,0.0,0.0351339,0.0,0.0
3.47656,0.0,0.0527009,0.0,0.0
3.47666,0.0,0.0351339,0.0,0.0
3.47728,0.0,0.017567,0.0,0.0
3.47794,0.0,0.0702679,0.0,0.0
3.47837,0.0,0.0702679,0.0,0.0
3.4788,0.0,0.0351339,0.0,0.0
3.47949,0.0,0.0351339,0.0,0.0
3.47876,0.0,0.017567,0.0,0.0
3.47863,0.0,0.0,0.0,0.0
3.48031,0.0,0.0351339,0.0,0.0
3.47904,0.0,0.0702679,0.0,0.0
3.47881,0.0,0.0702679,0.0,0.0
3.47887,0.0,0.0351339,0.0,0.0
3.47956,0.0,0.0351339,0.0,0.0
3.47899,0.0,0.0351339,0.0,0.0
3.47978,0.0,0.0527009,0.0,0.0
3.47972,0.0,0.0351339,0.0,0.0
3.48017,0.0,0.0702679,0.0,0.0
3.47955,0.0,0.0351339,0.0,0.0
3.48062,0.0,0.0351339,0.0,0.0
3.48071,0.0,0.0527009,0.0,0.0
3.47983,0.0,0.0351339,0.0,0.0
3.48077,0.0,0.0527009,0.0,0.0
3.48135,0.0,0.0527009,0.0,0.0
3.48076,0.0,0.0351339,0.0,0.0
3.48078,0.0,0.0878349,0.0,0.0
3.48064,0.0,0.0527009,0.0,0.0
3.48053,0.0,0.0351339,0.0,0.0
3.48039,0.0,0.017567,0.0,0.0
3.4802,0.0,0.0702679,0.0,0.0
3.48142,0.0,0.0878349,0.0,0.0
3.48206,0.0,0.0351339,0.0,0.0
3.48153,0.0,0.0,0.0,0.0
3.48178,0.0,0.0527009,0.0,0.0
3.48119,0.0,0.0527009,0.0,0.0
3.48228,0.0,0.0702679,0.0,0.0
3.4824,0.0,0.0351339,0.0,0.0
3.48196,0.0,0.0702679,0.0,0.0
3.48165,0.0,0.017567,0.0,0.0
3.48188,0.0,0.0,0.0,0.0
3.48317,0.0,0.0351339,0.0,0.0
3.48243,0.0,0.0527009,0.0,0.0
3.48272,0.0,0.0351339,0.0,0.0
3.48388,0.0,0.0351339,0.0,0.0
3.48303,0.0,0.0,0.0,0.0
3.48284,0.0,0.0351339,0.0,0.0
3.48354,0.0,0.0527009,0.0,0.0
3.48383,0.0,0.017567,0.0,0.0
3.48304,0.0,0.0878349,0.0,0.0
3.48315,0.0,0.017567,0.0,0.0
3.48275,0.0,0.0,0.0,0.0
3.48318,0.0,0.0,0.0,0.0
3.48388,0.0,0.0351339,0.0,0.0
3.48375,0.0,0.0527009,0.0,0.0
3.48318,0.0,0.017567,0.0,0.0
3.48416,0.0,0.0527009,0.0,0.0
3.48399,0.0,0.0527009,0.0,0.0
3.48426,0.0,0.0351339,0.0,0.0
3.48375,0.0,0.0527009,0.0,0.0
3.48366,0.0,0.017567,0.0,0.0
3.484,0.0,0.017567,0.0,0.0
3.48452,0.0,0.0351339,0.0,0.0
3.48493,0.0,0.0527009,0.0,0.0
3.48517,0.0,0.017567,0.0,0.0
3.48469,0.0,0.0702679,0.0,0.0
3.4862,0.0,0.017567,0.0,0.0
3.48565,0.0,0.0878349,0.0,0.0
3.48531,0.0,0.017567,0.0,0.0
3.48633,0.0,0.017567,0.0,0.0
3.48567,0.0,0.0702679,0.0,0.0
3.48586,0.0,0.0527009,0.0,0.0
3.4861,0.0,0.0,0.0,0.0
3.48566,0.0,0.017567,0.0,0.0
3.48594,0.0,0.0527009,0.0,0.0
3.48624,0.0,0.017567,0.0,0.0
3.4863,0.0,0.017567,0.0,0.0
3.48541,0.0,0.0,0.0,0.0
3.48557,0.0,0.017567,0.0,0.0
3.48601,0.0,0.0351339,0.0,0.0
3.48613,0.0,0.0,0.0,0.0
3.48643,0.0,0.0527009,0.0,0.0
3.48756,0.0,0.0702679,0.0,0.0
3.48662,0.0,0.017567,0.0,0.0
3.48586,0.0,0.0527009,0.0,0.0
3.48676,0.0,0.0527009,0.0,0.0
3.4868,0.0,0.017567,0.0,0.0
3.48726,0.0,0.0702679,0.0,0.0
3.48776,0.0,0.017567,0.0,0.0
3.48706,0.0,0.017567,0.0,0.0
3.48842,0.0,0.0,0.0,0.0
3.48787,0.0,0.0,0.0,0.0
3.48844,0.0,0.017567,0.0,0.0
3.48798,0.0,0.0,0.0,0.0
3.48779,0.0,0.017567,0.0,0.0
3.48844,0.0,0.0,0.0,0.0
3.48803,0.0,0.0351339,0.0,0.0
3.48765,0.0,0.017567,0.0,0.0
3.48831,0.0,0.0702679,0.0,0.0
3.48834,0.0,0.0,0.0,0.0
3.48848,0.0,0.017567,0.0,0.0
3.48835,0.0,0.0351339,0.0,0.0
3.48959,0.0,0.0878349,0.0,0.0
3.49037,0.0,0.0702679,0.0,0.0
3.48889,0.0,0.0,0.0,0.0
3.48874,0.0,0.0351339,0.0,0.0
3.48915,0.0,0.0351339,0.0,0.0
3.4893,0.0,0.0702679,0.0,0.0
3.48997,0.0,0.017567,0.0,0.0
3.49013,0.0,0.0351339,0.0,0.0
3.4903,0.0,0.0527009,0.0,0.0
3.49044,0.0,0.0527009,0.0,0.0
3.49049,0.0,0.0878349,0.0,0.0
3.49024,0.0,0.017567,0.0,0.0
3.49132,0.0,0.0351339,0.0,0.0
3.4916,0.0,0.0351339,0.0,0.0
3.49066,0.0,0.0351339,0.0,0.0
3.49093,0.0,0.017567,0.0,0.0
3.49097,0.0,0.0351339,0.0,0.0
3.48988,0.0,0.017567,0.0,0.0
3.49068,0.0,0.0351339,0.0,0.0
3.49142,0.0,0.0527009,0.0,0.0
3.49153,0.0,0.0351339,0.0,0.0
3.4912,0.0,0.0,0.0,0.0
3.49128,0.0,0.0,0.0,0.0
3.49138,0.0,0.0351339,0.0,0.0
3.49206,0.0,0.017567,0.0,0.0
3.49086,0.0,0.0351339,0.0,0.0
3.49167,0.0,0.017567,0.0,0.0
3.49371,0.0,0.0527009,0.0,0.0
3.49216,0.0,0.0351339,0.0,0.0
3.49213,0.0,0.0351339,0.0,0.0
3.49223,0.0,0.0351339,0.0,0.0
3.49296,0.0,0.0,0.0,0.0
3.49378,0.0,0.0702679,0.0,0.0
3.49354,0.0,0.0351339,0.0,0.0
3.49333,0.0,0.0527009,0.0,0.0
3.49291,0.0,0.0351339,0.0,0.0
3.49338,0.0,0.017567,0.0,0.0
3.49288,0.0,0.0,0.0,0.0
3.49431,0.0,0.017567,0.0,0.0
3.49429,0.0,0.0527009,0.0,0.0
3.49393,0.0,0.0527009,0.0,0.0
3.49418,0.0,0.0351339,0.0,0.0
3.49415,0.0,0.0,0.0,0.0
3.49439,0.0,0.0527009,0.0,0.0
3.49362,0.0,0.0,0.0,0.0
3.49338,0.0,0.0527009,0.0,0.0
3.49378,0.0,0.0351339,0.0,0.0
3.4935,0.0,0.017567,0.0,0.0
3.49378,0.0,0.0351339,0.0,0.0
3.49568,0.0,0.0527009,0.0,0.0
3.49467,0.0,0.0,0.0,0.0
3.4943,0.0,0.0351339,0.0,0.0
3.49521,0.0,0.0,0.0,0.0
3.49473,0.0,0.0527009,0.0,0.0
3.49506,0.0,0.0702679,0.0,0.0
3.49539,0.0,0.0,0.0,0.0
3.49551,0.0,0.0351339,0.0,0.0
3.49576,0.0,0.0351339,0.0,0.0
3.49591,0.0,0.0,0.0,0.0
3.49659,0.0,0.0351339,0.0,0.0
3.49642,0.0,0.0527009,0.0,0.0
3.49515,0.0,0.017567,0.0,0.0
3.49592,0.0,0.0351339,0.0,0.0
3.49711,0.0,0.122969,0.0,0.0
3.49638,0.0,0.0,0.0,0.0
3.49688,0.0,0.0527009,0.0,0.0
3.49769,0.0,0.017567,0.0,0.0
3.49686,0.0,0.017567,0.0,0.0
3.49656,0.0,0.0351339,0.0,0.0
3.49677,0.0,0.017567,0.0,0.0
3.49751,0.0,0.0351339,0.0,0.0
3.49656,0.0,0.0351339,0.0,0.0
3.49696,0.0,0.0527009,0.0,0.0
3.49797,0.0,0.0527009,0.0,0.0
3.49748,0.0,0.0527009,0.0,0.0
3.49793,0.0,0.0351339,0.0,0.0
3.49892,0.0,0.0878349,0.0,0.0
3.49814,0.0,0.017567,0.0,0.0
3.49748,0.0,0.0351339,0.0,0.0
3.49716,0.0,0.017567,0.0,0.0
3.4986,0.0,0.0351339,0.0,0.0
3.499,0.0,0.017567,0.0,0.0
3.49851,0.0,0.017567,0.0,0.0
3.49797,0.0,0.0,0.0,0.0
3.49829,0.0,0.0351339,0.0,0.0
3.49839,0.0,0.017567,0.0,0.0
3.49912,0.0,0.017567,0.0,0.0
3.49899,0.0,0.0,0.0,0.0
3.49847,0.0,0.0351339,0.0,0.0
3.49994,0.0,0.0351339,0.0,0.0
3.49991,0.0,0.0527009,0.0,0.0
3.49881,0.0,0.0351339,0.0,0.0
3.49936,0.0,0.017567,0.0,0.0
3.49914,0.0,0.0527009,0.0,0.0
3.50026,0.0,0.0351339,0.0,0.0
3.50007,0.0,0.0527009,0.0,0.0
3.49987,0.0,0.0351339,0.0,0.0
3.50036,0.0,0.0351339,0.0,0.0
3.50072,0.0,0.0527009,0.0,0.0
3.49943,0.0,0.0527009,0.0,0.0
3.50029,0.0,0.0702679,0.0,0.0
3.50086,0.0,0.0351339,0.0,0.0
3.50089,0.0,0.0,0.0,0.0
3.50129,0.0,0.0,0.0,0.0
3.50155,0.0,0.0351339,0.0,0.0
3.50191,0.0,0.017567,0.0,0.0
3.50137,0.0,0.017567,0.0,0.0
3.50055,0.0,0.017567,0.0,0.0
3.50093,0.0,0.0,0.0,0.0
3.50082,0.0,0.0702679,0.0,0.0
3.50263,0.0,0.0351339,0.0,0.0
3.50286,0.0,0.0,0.0,0.0
3.50183,0.0,0.0,0.0,0.0
3.5023,0.0,0.0702679,0.0,0.0
3.50222,0.0,0.0351339,0.0,0.0
3.50235,0.0,0.105402,0.0,0.0
3.50213,0.0,0.0,0.0,0.0
3.50235,0.0,0.017567,0.0,0.0
3.50302,0.0,0.017567,0.0,0.0
3.50294,0.0,0.0527009,0.0,0.0
3.50173,0.0,0.0351339,0.0,0.0
3.50268,0.0,0.0,0.0,0.0
3.50283,0.0,0.0527009,0.0,0.0
3.50387,0.0,0.017567,0.0,0.0
3.50334,0.0,0.0527009,0.0,0.0
3.50304,0.0,0.0527009,0.0,0.0
3.50275,0.0,0.0,0.0,0.0
3.50419,0.0,0.0527009,0.0,0.0
3.50343,0.0,0.0878349,0.0,0.0
3.50312,0.0,0.0527009,0.0,0.0
3.50351,0.0,0.017567,0.0,0.0
3.50442,0.0,0.017567,0.0,0.0
3.50422,0.0,0.0702679,0.0,0.0
3.50436,0.0,0.017567,0.0,0.0
3.50393,0.0,0.0351339,0.0,0.0
3.50365,0.0,0.0702679,0.0,0.0
3.50461,0.0,0.017567,0.0,0.0
3.50471,0.0,0.017567,0.0,0.0
3.50433,0.0,0.017567,0.0,0.0
3.5058,0.0,0.017567,0.0,0.0
3.50611,0.0,0.0527009,0.0,0.0
3.50482,0.0,0.0,0.0,0.0
3.50432,0.0,0.0351339,0.0,0.0
3.50576,0.0,0.017567,0.0,0.0
3.50517,0.0,0.017567,0.0,0.0
3.50487,0.0,0.017567,0.0,0.0
3.50635,0.0,0.0527009,0.0,0.0
3.50635,0.0,0.0527009,0.0,0.0
3.50557,0.0,0.017567,0.0,0.0
3.50576,0.0,0.0351339,0.0,0.0
3.50619,0.0,0.017567,0.0,0.0
3.50513,0.0,0.0527009,0.0,0.0
3.50593,0.0,0.0351339,0.0,0.0
3.50655,0.0,0.0351339,0.0,0.0
3.50693,0.0,0.017567,0.0,0.0
3.50618,0.0,0.017567,0.0,0.0
3.5066,0.0,0.0527009,0.0,0.0
3.50728,0.0,0.0527009,0.0,0.0
3.50866,0.0,0.0527009,0.0,0.0
3.50703,0.0,0.0351339,0.0,0.0
3.50753,0.0,0.017567,0.0,0.0
3.50694,0.0,0.0702679,0.0,0.0
3.50727,0.0,0.158103,0.0,0.0
3.50818,0.0,0.0351339,0.0,0.0
3.5076,0.0,0.0702679,0.0,0.0
3.50797,0.0,0.0351339,0.0,0.0
3.50796,0.0,0.0527009,0.0,0.0
3.50849,0.0,0.0,0.0,0.0
3.50795,0.0,0.0527009,0.0,0.0
3.50836,0.0,0.0527009,0.0,0.0
3.5092,0.0,0.0527009,0.0,0.0
3.508,0.0,0.017567,0.0,0.0
3.50836,0.0,0.0,0.0,0.0
3.50877,0.0,0.0351339,0.0,0.0
3.50893,0.0,0.105402,0.0,0.0
3.50829,0.0,0.017567,0.0,0.0
3.50935,0.0,0.0351339,0.0,0.0
3.5086,0.0,0.017567,0.0,0.0
3.50926,0.0,0.017567,0.0,0.0
3.50899,0.0,0.017567,0.0,0.0
3.5088,0.0,0.017567,0.0,0.0
3.50984,0.0,0.0527009,0.0,0.0
3.5108,0.0,0.017567,0.0,0.0
3.51051,0.0,0.0527009,0.0,0.0
3.51016,0.0,0.0351339,0.0,0.0
3.51077,0.0,0.0351339,0.0,0.0
3.50992,0.0,0.0351339,0.0,0.0
3.50998,0.0,0.017567,0.0,0.0
3.51042,0.0,0.017567,0.0,0.0
3.51017,0.0,0.0351339,0.0,0.0
3.51103,0.0,0.0527009,0.0,0.0
3.51058,0.0,0.0351339,0.0,0.0
3.51085,0.0,0.0527009,0.0,0.0
3.51239,0.0,0.0527009,0.0,0.0
3.51176,0.0,0.0878349,0.0,0.0
3.51166,0.0,0.017567,0.0,0.0
3.512,0.0,0.0527009,0.0,0.0
3.5123,0.0,0.0351339,0.0,0.0
3.5125,0.0,0.0351339,0.0,0.0
3.51238,0.0,0.0527009,0.0,0.0
3.51243,0.0,0.017567,0.0,0.0
3.51289,0.0,0.017567,0.0,0.0
3.51305,0.0,0.017567,0.0,0.0
3.51168,0.0,0.0351339,0.0,0.0
3.51205,0.0,0.0351339,0.0,0.0
3.51272,0.0,0.0527009,0.0,0.0
3.51348,0.0,0.0527009,0.0,0.0
3.51348,0.0,0.017567,0.0,0.0
3.51282,0.0,0.0,0.0,0.0
3.51314,0.0,0.0,0.0,0.0
3.51292,0.0,0.0,0.0,0.0
3.51333,0.0,0.0351339,0.0,0.0
3.51354,0.0,0.0351339,0.0,0.0
3.51347,0.0,0.017567,0.0,0.0
3.51428,0.0,0.0702679,0.0,0.0
3.51434,0.0,0.0702679,0.0,0.0
3.51384,0.0,0.0527009,0.0,0.0
3.51463,0.0,0.0527009,0.0,0.0
3.51463,0.0,0.0702679,0.0,0.0
3.51411,0.0,0.017567,0.0,0.0
3.51373,0.0,0.017567,0.0,0.0
3.51423,0.0,0.0,0.0,0.0
3.5147,0.0,0.0,0.0,0.0
3.51457,0.0,0.0,0.0,0.0
3.51513,0.0,0.0,0.0,0.0
3.51536,0.0,0.0351339,0.0,0.0
3.51555,0.0,0.0,0.0,0.0
3.51515,0.0,0.017567,0.0,0.0
3.51445,0.0,0.0351339,0.0,0.0
3.51557,0.0,0.0702679,0.0,0.0
3.51522,0.0,0.0702679,0.0,0.0
3.51581,0.0,0.0351339,0.0,0.0
3.51582,0.0,0.017567,0.0,0.0
3.51578,0.0,0.0,0.0,0.0
3.51541,0.0,0.0702679,0.0,0.0
3.51707,0.0,0.0702679,0.0,0.0
3.5172,0.0,0.0,0.0,0.0
3.51677,0.0,0.0702679,0.0,0.0
3.51639,0.0,0.0351339,0.0,0.0
3.51711,0.0,0.0527009,0.0,0.0
3.51781,0.0,0.017567,0.0,0.0
3.51773,0.0,0.0702679,0.0,0.0
3.5163,0.0,0.0351339,0.0,0.0
3.51698,0.0,0.0527009,0.0,0.0
3.51759,0.0,0.0527009,0.0,0.0
3.51656,0.0,0.017567,0.0,0.0
3.51682,0.0,0.0527009,0.0,0.0
3.5171,0.0,0.0351339,0.0,0.0
3.51774,0.0,0.0,0.0,0.0
3.51638,0.0,0.0702679,0.0,0.0
3.51757,0.0,0.0351339,0.0,0.0
3.5175,0.0,0.017567,0.0,0.0
3.51772,0.0,0.017567,0.0,0.0
3.51875,0.0,0.017567,0.0,0.0
3.51845,0.0,0.0527009,0.0,0.0
3.51884,0.0,0.0351339,0.0,0.0
3.5189,0.0,0.0351339,0.0,0.0
3.51831,0.0,0.0527009,0.0,0.0
3.51861,0.0,0.0878349,0.0,0.0
3.51877,0.0,0.0351339,0.0,0.0
3.51847,0.0,0.0351339,0.0,0.0
3.51854,0.0,0.0,0.0,0.0
3.51971,0.0,0.0527009,0.0,0.0
3.51882,0.0,0.0,0.0,0.0
3.51928,0.0,0.0351339,0.0,0.0
3.52069,0.0,0.017567,0.0,0.0
3.52021,0.0,0.0351339,0.0,0.0
3.51928,0.0,0.0351339,0.0,0.0
3.51913,0.0,0.0527009,0.0,0.0
3.52,0.0,0.017567,0.0,0.0
3.52036,0.0,0.0527009,0.0,0.0
3.51996,0.0,0.0,0.0,0.0
3.51923,0.0,0.0351339,0.0,0.0
3.5206,0.0,0.0351339,0.0,0.0
3.5206,0.0,0.0351339,0.0,0.0
3.52067,0.0,0.017567,0.0,0.0
3.52097,0.0,0.0527009,0.0,0.0
3.52132,0.0,0.017567,0.0,0.0
3.52114,0.0,0.0351339,0.0,0.0
3.52084,0.0,0.140536,0.0,0.0
3.5209,0.0,0.017567,0.0,0.0
3.52155,0.0,0.0351339,0.0,0.0
3.52172,0.0,0.0527009,0.0,0.0
3.52181,0.0,0.122969,0.0,0.0
3.52196,0.0,0.017567,0.0,0.0
3.52151,0.0,0.017567,0.0,0.0
3.52321,0.0,0.0351339,0.0,0.0
3.52246,0.0,0.0351339,0.0,0.0
3.52214,0.0,0.0351339,0.0,0.0
3.52311,0.0,0.0702679,0.0,0.0
3.52265,0.0,0.0702679,0.0,0.0
3.52241,0.0,0.0527009,0.0,0.0
3.52358,0.0,0.0351339,0.0,0.0
3.52315,0.0,0.0351339,0.0,0.0
3.5224,0.0,0.0527009,0.0,0.0
3.52237,0.0,0.017567,0.0,0.0
3.52209,0.0,0.0,0.0,0.0
3.52372,0.0,0.0,0.0,0.0
3.5233,0.0,0.0351339,0.0,0.0
3.52333,0.0,0.0351339,0.0,0.0
3.52311,0.0,0.017567,0.0,0.0
3.52388,0.0,0.017567,0.0,0.0
3.52468,0.0,0.0351339,0.0,0.0
3.52376,0.0,0.0351339,0.0,0.0
3.52399,0.0,0.0878349,0.0,0.0
3.52463,0.0,0.0351339,0.0,0.0
3.52415,0.0,0.017567,0.0,0.0
3.52334,0.0,0.0702679,0.0,0.0
3.52484,0.0,0.0,0.0,0.0
3.52378,0.0,0.017567,0.0,0.0
3.52435,0.0,0.0351339,0.0,0.0
3.52507,0.0,0.0351339,0.0,0.0
3.52533,0.0,0.017567,0.0,0.0
3.5255,0.0,0.0527009,0.0,0.0
3.52559,0.0,0.0702679,0.0,0.0
3.52575,0.0,0.0527009,0.0,0.0
3.52522,0.0,0.0702679,0.0,0.0
3.52559,0.0,0.0702679,0.0,0.0
3.52669,0.0,0.0702679,0.0,0.0
3.5261,0.0,0.0351339,0.0,0.0
3.52567,0.0,0.017567,0.0,0.0
3.52613,0.0,0.0527009,0.0,0.0
3.52635,0.0,0.0,0.0,0.0
3.5258,0.0,0.0,0.0,0.0
3.52684,0.0,0.0351339,0.0,0.0
3.52659,0.0,0.017567,0.0,0.0
3.52559,0.0,0.0,0.0,0.0
3.52458,0.0,0.0527009,0.0,0.0
3.52623,0.0,0.017567,0.0,0.0
3.52715,0.0,0.0527009,0.0,0.0
3.52739,0.0,0.0,0.0,0.0
3.52718,0.0,0.017567,0.0,0.0
3.5275,0.0,0.017567,0.0,0.0
3.52794,0.0,0.0,0.0,0.0
3.52718,0.0,0.0,0.0,0.0
3.52842,0.0,0.017567,0.0,0.0
3.52909,0.0,0.0351339,0.0,0.0
3.52861,0.0,0.017567,0.0,0.0
3.52817,0.0,0.0527009,0.0,0.0
3.52818,0.0,0.0,0.0,0.0
3.52919,0.0,0.017567,0.0,0.0
3.52968,0.0,0.0351339,0.0,0.0
3.52817,0.0,0.0351339,0.0,0.0
3.52838,0.0,0.0351339,0.0,0.0
3.52947,0.0,0.0,0.0,0.0
3.52807,0.0,0.017567,0.0,0.0
3.52889,0.0,0.0,0.0,0.0
3.5297,0.0,0.0351339,0.0,0.0
3.52923,0.0,0.0351339,0.0,0.0
3.5289,0.0,0.017567,0.0,0.0
3.52875,0.0,0.0527009,0.0,0.0
3.52956,0.0,0.017567,0.0,0.0
3.5294,0.0,0.017567,0.0,0.0
3.52911,0.0,0.017567,0.0,0.0
3.52978,0.0,0.0351339,0.0,0.0
3.5311,0.0,0.0527009,0.0,0.0
3.53054,0.0,0.0351339,0.0,0.0
3.52955,0.0,0.0351339,0.0,0.0
3.53069,0.0,0.017567,0.0,0.0
3.53021,0.0,0.0351339,0.0,0.0
3.52958,0.0,0.0351339,0.0,0.0
3.53059,0.0,0.017567,0.0,0.0
3.53096,0.0,0.017567,0.0,0.0
3.53044,0.0,0.0702679,0.0,0.0
3.53142,0.0,0.017567,0.0,0.0
3.53197,0.0,0.0351339,0.0,0.0
3.53147,0.0,0.017567,0.0,0.0
3.53144,0.0,0.0,0.0,0.0
3.53078,0.0,0.0351339,0.0,0.0
3.53122,0.0,0.017567,0.0,0.0
3.53129,0.0,0.017567,0.0,0.0
3.5313,0.0,0.0,0.0,0.0
3.53157,0.0,0.017567,0.0,0.0
3.53236,0.0,0.0351339,0.0,0.0
3.53169,0.0,0.017567,0.0,0.0
3.53312,0.0,0.0527009,0.0,0.0
3.53237,0.0,0.017567,0.0,0.0
3.53235,0.0,0.0,0.0,0.0
3.53251,0.0,0.0351339,0.0,0.0
3.53322,0.0,0.0527009,0.0,0.0
3.53337,0.0,0.0351339,0.0,0.0
3.53318,0.0,0.0351339,0.0,0.0
3.53307,0.0,0.017567,0.0,0.0
3.53358,0.0,0.0,0.0,0.0
3.53379,0.0,0.017567,0.0,0.0
3.53411,0.0,0.0702679,0.0,0.0
3.53433,0.0,0.0527009,0.0,0.0
3.53399,0.0,0.0527009,0.0,0.0
3.53389,0.0,0.017567,0.0,0.0
3.53256,0.0,0.0351339,0.0,0.0
3.53448,0.0,0.0527009,0.0,0.0
3.53495,0.0,0.0527009,0.0,0.0
3.53412,0.0,0.0351339,0.0,0.0
3.53453,0.0,0.0702679,0.0,0.0
3.53481,0.0,0.017567,0.0,0.0
3.53416,0.0,0.017567,0.0,0.0
3.53454,0.0,0.017567,0.0,0.0
3.53401,0.0,0.0878349,0.0,0.0
3.53512,0.0,0.0,0.0,0.0
3.53483,0.0,0.0,0.0,0.0
3.53502,0.0,0.0527009,0.0,0.0
3.53421,0.0,0.0702679,0.0,0.0
3.53566,0.0,0.0527009,0.0,0.0
3.53559,0.0,0.0527009,0.0,0.0
3.53533,0.0,0.017567,0.0,0.0
3.53608,0.0,0.0,0.0,0.0
3.53742,0.0,0.0351339,0.0,0.0
3.53671,0.0,0.0351339,0.0,0.0
3.53649,0.0,0.0351339,0.0,0.0
3.53638,0.0,0.0351339,0.0,0.0
3.53619,0.0,0.0351339,0.0,0.0
3.53681,0.0,0.0351339,0.0,0.0
3.53723,0.0,0.017567,0.0,0.0
3.5371,0.0,0.0351339,0.0,0.0
3.53665,0.0,0.0527009,0.0,0.0
3.53712,0.0,0.0527009,0.0,0.0
3.53736,0.0,0.0,0.0,0.0
3.53734,0.0,0.0351339,0.0,0.0
3.53784,0.0,0.0527009,0.0,0.0
3.53833,0.0,0.0,0.0,0.0
3.53797,0.0,0.0351339,0.0,0.0
3.53725,0.0,0.017567,0.0,0.0
3.53739,0.0,0.0527009,0.0,0.0
3.5381,0.0,0.0527009,0.0,0.0
3.53807,0.0,0.0702679,0.0,0.0
3.53822,0.0,0.017567,0.0,0.0
3.53854,0.0,0.0527009,0.0,0.0
3.53859,0.0,0.017567,0.0,0.0
3.53966,0.0,0.0527009,0.0,0.0
3.53906,0.0,0.0702679,0.0,0.0
3.53825,0.0,0.017567,0.0,0.0
3.53847,0.0,0.0527009,0.0,0.0
3.539,0.0,0.0527009,0.0,0.0
3.53937,0.0,0.0351339,0.0,0.0
3.53911,0.0,0.017567,0.0,0.0
3.53992,0.0,0.0878349,0.0,0.0
3.53944,0.0,0.0351339,0.0,0.0
3.53917,0.0,0.0351339,0.0,0.0
3.53963,0.0,0.0,0.0,0.0
3.53999,0.0,0.0527009,0.0,0.0
3.54095,0.0,0.0702679,0.0,0.0
3.54035,0.0,0.017567,0.0,0.0
3.53945,0.0,0.017567,0.0,0.0
3.54021,0.0,0.0,0.0,0.0
3.54032,0.0,0.0351339,0.0,0.0
3.54055,0.0,0.0351339,0.0,0.0
3.54003,0.0,0.017567,0.0,0.0
3.54036,0.0,0.0702679,0.0,0.0
3.54154,0.0,0.0878349,0.0,0.0
3.54092,0.0,0.0702679,0.0,0.0
3.54102,0.0,0.0527009,0.0,0.0
3.54096,0.0,0.017567,0.0,0.0
3.54091,0.0,0.0351339,0.0,0.0
3.54139,0.0,0.0,0.0,0.0
3.54184,0.0,0.017567,0.0,0.0
3.54121,0.0,0.0351339,0.0,0.0
3.54139,0.0,0.0351339,0.0,0.0
3.54233,0.0,0.0702679,0.0,0.0
3.54241,0.0,0.0527009,0.0,0.0
3.54169,0.0,0.0,0.0,0.0
3.54167,0.0,0.017567,0.0,0.0
3.54189,0.0,0.0527009,0.0,0.0
3.54194,0.0,0.0,0.0,0.0
3.54166,0.0,0.0,0.0,0.0
3.54247,0.0,0.0351339,0.0,0.0
3.54299,0.0,0.017567,0.0,0.0
3.54417,0.0,0.017567,0.0,0.0
3.54367,0.0,0.017567,0.0,0.0
3.5432,0.0,0.0,0.0,0.0
3.54292,0.0,0.017567,0.0,0.0
3.54328,0.0,0.0,0.0,0.0
3.54414,0.0,0.0527009,0.0,0.0
3.54445,0.0,0.0351339,0.0,0.0
3.54354,0.0,0.017567,0.0,0.0
3.54375,0.0,0.0527009,0.0,0.0
3.54371,0.0,0.0351339,0.0,0.0
3.54358,0.0,0.017567,0.0,0.0
3.54404,0.0,0.0527009,0.0,0.0
3.54509,0.0,0.0351339,0.0,0.0
3.54491,0.0,0.0351339,0.0,0.0
3.54436,0.0,0.0,0.0,0.0
3.54439,0.0,0.0351339,0.0,0.0
3.54485,0.0,0.017567,0.0,0.0
3.54498,0.0,0.0527009,0.0,0.0
3.5455,0.0,0.0527009,0.0,0.0
3.54525,0.0,0.0351339,0.0,0.0
3.54495,0.0,0.0527009,0.0,0.0
3.54639,0.0,0.122969,0.0,0.0
3.5464,0.0,0.0,0.0,0.0
3.54546,0.0,0.017567,0.0,0.0
3.54542,0.0,0.0527009,0.0,0.0
3.5455,0.0,0.0,0.0,0.0
3.54673,0.0,0.017567,0.0,0.0
3.54628,0.0,0.0527009,0.0,0.0
3.54685,0.0,0.0351339,0.0,0.0
3.54633,0.0,0.017567,0.0,0.0
3.54591,0.0,0.0,0.0,0.0
3.54638,0.0,0.017567,0.0,0.0
3.54751,0.0,0.0527009,0.0,0.0
3.54747,0.0,0.0527009,0.0,0.0
3.54671,0.0,0.0351339,0.0,0.0
3.54749,0.0,0.017567,0.0,0.0
3.54762,0.0,0.0,0.0,0.0
3.54632,0.0,0.0527009,0.0,0.0
3.54676,0.0,0.0,0.0,0.0
3.54791,0.0,0.0,0.0,0.0
3.54736,0.0,0.0351339,0.0,0.0
3.54679,0.0,0.017567,0.0,0.0
3.54745,0.0,0.0351339,0.0,0.0
3.54904,0.0,0.0527009,0.0,0.0
3.54887,0.0,0.017567,0.0,0.0
3.548,0.0,0.017567,0.0,0.0
3.54868,0.0,0.017567,0.0,0.0
3.54844,0.0,0.0351339,0.0,0.0
3.54858,0.0,0.0351339,0.0,0.0
3.54949,0.0,0.0527009,0.0,0.0
3.54953,0.0,0.017567,0.0,0.0
3.54876,0.0,0.0527009,0.0,0.0
3.54895,0.0,0.0527009,0.0,0.0
3.54962,0.0,0.0351339,0.0,0.0
3.54846,0.0,0.0527009,0.0,0.0
3.54926,0.0,0.0527009,0.0,0.0
3.5494,0.0,0.017567,0.0,0.0
3.54906,0.0,0.0351339,0.0,0.0
3.54965,0.0,0.0,0.0,0.0
3.54967,0.0,0.017567,0.0,0.0
3.55058,0.0,0.0527009,0.0,0.0
3.55057,0.0,0.017567,0.0,0.0
3.5506,0.0,0.0,0.0,0.0
3.55004,0.0,0.0,0.0,0.0
3.55059,0.0,0.0527009,0.0,0.0
3.55049,0.0,0.0,0.0,0.0
3.55089,0.0,0.0351339,0.0,0.0
3.55196,0.0,0.0527009,0.0,0.0
3.55164,0.0,0.105402,0.0,0.0
3.55132,0.0,0.105402,0.0,0.0
3.55033,0.0,0.0,0.0,0.0
3.55073,0.0,0.0351339,0.0,0.0
3.55168,0.0,0.0351339,0.0,0.0
3.55211,0.0,0.0702679,0.0,0.0
3.55238,0.0,0.017567,0.0,0.0
3.55115,0.0,0.0,0.0,0.0
3.55151,0.0,0.0351339,0.0,0.0
3.55251,0.0,0.0,0.0,0.0
3.55322,0.0,0.0351339,0.0,0.0
3.55336,0.0,0.017567,0.0,0.0
3.552,0.0,0.017567,0.0,0.0
3.55219,0.0,0.0351339,0.0,0.0
3.5532,0.0,0.0,0.0,0.0
3.55257,0.0,0.017567,0.0,0.0
3.55226,0.0,0.017567,0.0,0.0
3.55293,0.0,0.0351339,0.0,0.0
3.55316,0.0,0.0527009,0.0,0.0
3.55333,0.0,0.0351339,0.0,0.0
3.55314,0.0,0.0527009,0.0,0.0
3.55367,0.0,0.017567,0.0,0.0
3.55287,0.0,0.0,0.0,0.0
3.55335,0.0,0.0702679,0.0,0.0
3.55458,0.0,0.017567,0.0,0.0
3.55495,0.0,0.0351339,0.0,0.0
3.55472,0.0,0.0351339,0.0,0.0
3.5545,0.0,0.017567,0.0,0.0
3.55417,0.0,0.017567,0.0,0.0
3.55467,0.0,0.0527009,0.0,0.0
3.55438,0.0,0.0351339,0.0,0.0
3.55451,0.0,0.0351339,0.0,0.0
3.5553,0.0,0.0351339,0.0,0.0
3.55554,0.0,0.0702679,0.0,0.0
3.55582,0.0,0.0351339,0.0,0.0
3.55458,0.0,0.0527009,0.0,0.0
3.55441,0.0,0.0527009,0.0,0.0
3.55517,0.0,0.017567,0.0,0.0
3.55495,0.0,0.0351339,0.0,0.0
3.55405,0.0,0.0,0.0,0.0
3.55477,0.0,0.0351339,0.0,0.0
3.55471,0.0,0.0,0.0,0.0
3.55505,0.0,0.017567,0.0,0.0
3.55621,0.0,0.0,0.0,0.0
3.55655,0.0,0.0351339,0.0,0.0
3.55532,0.0,0.0527009,0.0,0.0
3.55532,0.0,0.0527009,0.0,0.0
3.55685,0.0,0.0,0.0,0.0
3.55744,0.0,0.0878349,0.0,0.0
3.55672,0.0,0.0527009,0.0,0.0
3.55747,0.0,0.0,0.0,0.0
3.55694,0.0,0.017567,0.0,0.0
3.55744,0.0,0.017567,0.0,0.0
3.55717,0.0,0.0527009,0.0,0.0
3.55753,0.0,0.017567,0.0,0.0
3.557,0.0,0.0702679,0.0,0.0
3.5578,0.0,0.0351339,0.0,0.0
3.55729,0.0,0.0351339,0.0,0.0
3.558,0.0,0.0351339,0.0,0.0
3.5579,0.0,0.017567,0.0,0.0
3.55759,0.0,0.017567,0.0,0.0
3.55758,0.0,0.017567,0.0,0.0
3.55764,0.0,0.017567,0.0,0.0
3.55817,0.0,0.017567,0.0,0.0
3.5592,0.0,0.0351339,0.0,0.0
3.55824,0.0,0.017567,0.0,0.0
3.55762,0.0,0.0702679,0.0,0.0
3.55843,0.0,0.017567,0.0,0.0
3.55904,0.0,0.0,0.0,0.0
3.55807,0.0,0.0,0.0,0.0
3.55858,0.0,0.0527009,0.0,0.0
3.5595,0.0,0.0351339,0.0,0.0
3.55922,0.0,0.0,0.0,0.0
3.55914,0.0,0.0,0.0,0.0
3.56028,0.0,0.0351339,0.0,0.0
3.56071,0.0,0.0527009,0.0,0.0
3.56032,0.0,0.0527009,0.0,0.0
3.55964,0.0,0.017567,0.0,0.0
3.55971,0.0,0.017567,0.0,0.0
3.5594,0.0,0.017567,0.0,0.0
3.56082,0.0,0.0351339,0.0,0.0
3.56011,0.0,0.0527009,0.0,0.0
3.56058,0.0,0.0351339,0.0,0.0
3.56013,0.0,0.0351339,0.0,0.0
3.56056,0.0,0.017567,0.0,0.0
3.56066,0.0,0.017567,0.0,0.0
3.56105,0.0,0.017567,0.0,0.0
3.56068,0.0,0.0,0.0,0.0
3.56066,0.0,0.0702679,0.0,0.0
3.56224,0.0,0.0,0.0,0.0
3.56142,0.0,0.0527009,0.0,0.0
3.56071,0.0,0.017567,0.0,0.0
3.56111,0.0,0.017567,0.0,0.0
3.5615,0.0,0.017567,0.0,0.0
3.56142,0.0,0.0527009,0.0,0.0
3.56161,0.0,0.0702679,0.0,0.0
3.56177,0.0,0.0351339,0.0,0.0
3.56151,0.0,0.0,0.0,0.0
3.56217,0.0,0.0351339,0.0,0.0
3.56233,0.0,0.017567,0.0,0.0
3.56299,0.0,0.0878349,0.0,0.0
3.56346,0.0,0.0351339,0.0,0.0
3.56236,0.0,0.017567,0.0,0.0
3.56254,0.0,0.017567,0.0,0.0
3.56287,0.0,0.0,0.0,0.0
3.5624,0.0,0.0527009,0.0,0.0
3.56353,0.0,0.0351339,0.0,0.0
3.56321,0.0,0.017567,0.0,0.0
3.56352,0.0,0.0,0.0,0.0
3.56449,0.0,0.0351339,0.0,0.0
3.56487,0.0,0.017567,0.0,0.0
3.56409,0.0,0.017567,0.0,0.0
3.56395,0.0,0.0,0.0,0.0
3.56314,0.0,0.0351339,0.0,0.0
3.56327,0.0,0.0702679,0.0,0.0
3.56461,0.0,0.0527009,0.0,0.0
3.56451,0.0,0.0702679,0.0,0.0
3.56395,0.0,0.0351339,0.0,0.0
3.56486,0.0,0.017567,0.0,0.0
3.56548,0.0,0.017567,0.0,0.0
3.56526,0.0,0.017567,0.0,0.0
3.56523,0.0,0.0351339,0.0,0.0
3.56433,0.0,0.0,0.0,0.0
3.56514,0.0,0.017567,0.0,0.0
3.56559,0.0,0.017567,0.0,0.0
3.566,0.0,0.0351339,0.0,0.0
3.56544,0.0,0.0351339,0.0,0.0
3.56543,0.0,0.0,0.0,0.0
3.56562,0.0,0.0527009,0.0,0.0
3.56555,0.0,0.017567,0.0,0.0
3.5659,0.0,0.017567,0.0,0.0
3.56541,0.0,0.0,0.0,0.0
3.56646,0.0,0.0527009,0.0,0.0
3.56702,0.0,0.0527009,0.0,0.0
3.56642,0.0,0.0527009,0.0,0.0
3.56652,0.0,0.0351339,0.0,0.0
3.56622,0.0,0.0527009,0.0,0.0
3.56587,0.0,0.105402,0.0,0.0
3.56704,0.0,0.0,0.0,0.0
3.5676,0.0,0.017567,0.0,0.0
3.5677,0.0,0.0702679,0.0,0.0
3.56727,0.0,0.0,0.0,0.0
3.56618,0.0,0.0351339,0.0,0.0
3.56622,0.0,0.017567,0.0,0.0
3.56759,0.0,0.017567,0.0,0.0
3.56785,0.0,0.017567,0.0,0.0
3.56727,0.0,0.0351339,0.0,0.0
3.56802,0.0,0.0351339,0.0,0.0
3.56888,0.0,0.0,0.0,0.0
3.56877,0.0,0.0527009,0.0,0.0
3.56946,0.0,0.017567,0.0,0.0
3.56983,0.0,0.0527009,0.0,0.0
3.56917,0.0,0.0351339,0.0,0.0
3.56921,0.0,0.0,0.0,0.0
3.57015,0.0,0.017567,0.0,0.0
3.56947,0.0,0.017567,0.0,0.0
3.56959,0.0,0.105402,0.0,0.0
3.56915,0.0,0.017567,0.0,0.0
3.56874,0.0,0.017567,0.0,0.0
3.56899,0.0,0.017567,0.0,0.0
3.56891,0.0,0.0527009,0.0,0.0
3.56933,0.0,0.0527009,0.0,0.0
3.56845,0.0,0.0,0.0,0.0
3.56913,0.0,0.0351339,0.0,0.0
3.56894,0.0,0.0351339,0.0,0.0
3.56997,0.0,0.0878349,0.0,0.0
3.57029,0.0,0.017567,0.0,0.0
3.5701,0.0,0.0,0.0,0.0
3.57165,0.0,0.017567,0.0,0.0
3.57124,0.0,0.0351339,0.0,0.0
3.57017,0.0,0.0,0.0,0.0
3.5709,0.0,0.0351339,0.0,0.0
3.57113,0.0,0.0351339,0.0,0.0
3.57164,0.0,0.0702679,0.0,0.0
3.57175,0.0,0.0351339,0.0,0.0
3.57209,0.0,0.017567,0.0,0.0
3.57147,0.0,0.0351339,0.0,0.0
3.57189,0.0,0.0,0.0,0.0
3.57232,0.0,0.017567,0.0,0.0
3.57166,0.0,0.017567,0.0,0.0
3.57203,0.0,0.017567,0.0,0.0
3.57211,0.0,0.017567,0.0,0.0
3.57309,0.0,0.017567,0.0,0.0
3.57251,0.0,0.017567,0.0,0.0
3.57255,0.0,0.017567,0.0,0.0
3.57234,0.0,0.0351339,0.0,0.0
3.57152,0.0,0.0527009,0.0,0.0
3.57251,0.0,0.0702679,0.0,0.0
3.57286,0.0,0.017567,0.0,0.0
3.57313,0.0,0.0,0.0,0.0
3.57279,0.0,0.0527009,0.0,0.0
3.57252,0.0,0.0351339,0.0,0.0
3.57299,0.0,0.0,0.0,0.0
3.57244,0.0,0.0351339,0.0,0.0
3.57365,0.0,0.0,0.0,0.0
3.57257,0.0,0.017567,0.0,0.0
3.57297,0.0,0.0702679,0.0,0.0
3.57409,0.0,0.0702679,0.0,0.0
3.57479,0.0,0.017567,0.0,0.0
3.57451,0.0,0.017567,0.0,0.0
3.57422,0.0,0.017567,0.0,0.0
3.57371,0.0,0.0527009,0.0,0.0
3.57409,0.0,0.017567,0.0,0.0
3.57508,0.0,0.017567,0.0,0.0
3.57407,0.0,0.0,0.0,0.0
3.57404,0.0,0.017567,0.0,0.0
3.57418,0.0,0.0351339,0.0,0.0
3.57459,0.0,0.0,0.0,0.0
3.57418,0.0,0.0878349,0.0,0.0
3.57361,0.0,0.017567,0.0,0.0
3.57439,0.0,0.0351339,0.0,0.0
3.57609,0.0,0.0351339,0.0,0.0
3.57537,0.0,0.017567,0.0,0.0
3.57556,0.0,0.0527009,0.0,0.0
3.57591,0.0,0.017567,0.0,0.0
3.57592,0.0,0.0702679,0.0,0.0
3.57589,0.0,0.0,0.0,0.0
3.57664,0.0,0.0702679,0.0,0.0
3.57656,0.0,0.0,0.0,0.0
3.57543,0.0,0.017567,0.0,0.0
3.57588,0.0,0.0527009,0.0,0.0
3.57657,0.0,0.017567,0.0,0.0
3.57712,0.0,0.0,0.0,0.0
3.57744,0.0,0.0351339,0.0,0.0
3.57769,0.0,0.017567,0.0,0.0
3.57662,0.0,0.0351339,0.0,0.0
3.57593,0.0,0.017567,0.0,0.0
3.57665,0.0,0.0351339,0.0,0.0
3.57789,0.0,0.105402,0.0,0.0
3.57793,0.0,0.0351339,0.0,0.0
3.57717,0.0,0.0351339,0.0,0.0
3.5774,0.0,0.0527009,0.0,0.0
3.57751,0.0,0.0702679,0.0,0.0
3.57723,0.0,0.0,0.0,0.0
3.5778,0.0,0.0351339,0.0,0.0
3.5782,0.0,0.0,0.0,0.0
3.57805,0.0,0.0527009,0.0,0.0
3.57832,0.0,0.0351339,0.0,0.0
3.57757,0.0,0.0351339,0.0,0.0
3.57874,0.0,0.0,0.0,0.0
3.57912,0.0,0.0702679,0.0,0.0
3.57915,0.0,0.0351339,0.0,0.0
3.57901,0.0,0.017567,0.0,0.0
3.57858,0.0,0.0,0.0,0.0
3.57888,0.0,0.0527009,0.0,0.0
3.57991,0.0,0.0527009,0.0,0.0
3.57925,0.0,0.0,0.0,0.0
3.57873,0.0,0.017567,0.0,0.0
3.58077,0.0,0.017567,0.0,0.0
3.57995,0.0,0.0,0.0,0.0
3.58012,0.0,0.0527009,0.0,0.0
3.57913,0.0,0.0351339,0.0,0.0
3.57917,0.0,0.0702679,0.0,0.0
3.57951,0.0,0.0351339,0.0,0.0
3.58018,0.0,0.0,0.0,0.0
3.58151,0.0,0.0351339,0.0,0.0
3.58047,0.0,0.0351339,0.0,0.0
3.58024,0.0,0.0351339,0.0,0.0
3.57982,0.0,0.017567,0.0,0.0
3.58024,0.0,0.017567,0.0,0.0
3.58078,0.0,0.017567,0.0,0.0
3.58095,0.0,0.0351339,0.0,0.0
3.58167,0.0,0.0351339,0.0,0.0
3.58147,0.0,0.0,0.0,0.0
3.58061,0.0,0.0351339,0.0,0.0
3.58183,0.0,0.0527009,0.0,0.0
3.58226,0.0,0.0351339,0.0,0.0
3.5816,0.0,0.0,0.0,0.0
3.58154,0.0,0.0527009,0.0,0.0
3.58281,0.0,0.017567,0.0,0.0
3.58263,0.0,0.0351339,0.0,0.0
3.58293,0.0,0.0351339,0.0,0.0
3.58344,0.0,0.0351339,0.0,0.0
3.58239,0.0,0.017567,0.0,0.0
3.58228,0.0,0.017567,0.0,0.0
3.58299,0.0,0.0527009,0.0,0.0
3.58228,0.0,0.0,0.0,0.0
3.58328,0.0,0.0,0.0,0.0
3.58356,0.0,0.0,0.0,0.0
3.5832,0.0,0.0702679,0.0,0.0
3.58259,0.0,0.0,0.0,0.0
3.58253,0.0,0.0351339,0.0,0.0
3.58341,0.0,0.0351339,0.0,0.0
3.58305,0.0,0.0351339,0.0,0.0
3.58282,0.0,0.0,0.0,0.0
3.58356,0.0,0.0702679,0.0,0.0
3.58446,0.0,0.017567,0.0,0.0
3.58332,0.0,0.0,0.0,0.0
3.5825,0.0,0.0527009,0.0,0.0
3.58387,0.0,0.017567,0.0,0.0
3.58388,0.0,0.017567,0.0,0.0
3.58413,0.0,0.017567,0.0,0.0
3.58437,0.0,0.017567,0.0,0.0
3.58447,0.0,0.0,0.0,0.0
3.58435,0.0,0.0,0.0,0.0
3.58428,0.0,0.0,0.0,0.0
3.58525,0.0,0.0,0.0,0.0
3.58573,0.0,0.017567,0.0,0.0
3.586,0.0,0.0702679,0.0,0.0
3.58535,0.0,0.0351339,0.0,0.0
3.58476,0.0,0.017567,0.0,0.0
3.5864,0.0,0.0527009,0.0,0.0
3.58525,0.0,0.0527009,0.0,0.0
3.58538,0.0,0.0,0.0,0.0
3.58614,0.0,0.0351339,0.0,0.0
3.58602,0.0,0.017567,0.0,0.0
3.58588,0.0,0.0,0.0,0.0
3.586,0.0,0.017567,0.0,0.0
3.58595,0.0,0.0351339,0.0,0.0
3.58599,0.0,0.0,0.0,0.0
3.58598,0.0,0.0527009,0.0,0.0
3.58632,0.0,0.0,0.0,0.0
3.58633,0.0,0.0702679,0.0,0.0
3.58581,0.0,0.017567,0.0,0.0
3.58623,0.0,0.0527009,0.0,0.0
3.58752,0.0,0.0527009,0.0,0.0
3.58751,0.0,0.0,0.0,0.0
3.58717,0.0,0.0351339,0.0,0.0
3.58799,0.0,0.0527009,0.0,0.0
3.58767,0.0,0.0,0.0,0.0
3.5879,0.0,0.0,0.0,0.0
3.58783,0.0,0.0351339,0.0,0.0
3.58805,0.0,0.0527009,0.0,0.0
3.58783,0.0,0.0,0.0,0.0
3.58776,0.0,0.0527009,0.0,0.0
3.58773,0.0,0.017567,0.0,0.0
3.58847,0.0,0.0,0.0,0.0
3.58874,0.0,0.0351339,0.0,0.0
3.58887,0.0,0.0351339,0.0,0.0
3.58966,0.0,0.0351339,0.0,0.0
3.58935,0.0,0.0527009,0.0,0.0
3.58893,0.0,0.017567,0.0,0.0
3.58936,0.0,0.0,0.0,0.0
3.58841,0.0,0.017567,0.0,0.0
3.58853,0.0,0.0,0.0,0.0
3.58849,0.0,0.017567,0.0,0.0
3.58862,0.0,0.0,0.0,0.0
3.59001,0.0,0.017567,0.0,0.0
3.58978,0.0,0.0351339,0.0,0.0
3.58906,0.0,0.017567,0.0,0.0
3.58946,0.0,0.017567,0.0,0.0
3.59075,0.0,0.0351339,0.0,0.0
3.58974,0.0,0.0527009,0.0,0.0
3.58874,0.0,0.017567,0.0,0.0
3.59065,0.0,0.0527009,0.0,0.0
3.59022,0.0,0.017567,0.0,0.0
3.5911,0.0,0.0,0.0,0.0
3.59122,0.0,0.0,0.0,0.0
3.5918,0.0,0.017567,0.0,0.0
3.59051,0.0,0.0351339,0.0,0.0
3.59219,0.0,0.017567,0.0,0.0
3.59239,0.0,0.017567,0.0,0.0
3.59216,0.0,0.0702679,0.0,0.0
3.59142,0.0,0.0,0.0,0.0
3.59145,0.0,0.0527009,0.0,0.0
3.59228,0.0,0.0527009,0.0,0.0
3.59204,0.0,0.0351339,0.0,0.0
3.59144,0.0,0.0,0.0,0.0
3.5915,0.0,0.0351339,0.0,0.0
3.59117,0.0,0.0351339,0.0,0.0
3.59208,0.0,0.0702679,0.0,0.0
3.59235,0.0,0.0,0.0,0.0
3.59224,0.0,0.017567,0.0,0.0
3.5913,0.0,0.0351339,0.0,0.0
3.59074,0.0,0.0,0.0,0.0
3.59197,0.0,0.0351339,0.0,0.0
3.59277,0.0,0.0,0.0,0.0
3.59162,0.0,0.0351339,0.0,0.0
3.59302,0.0,0.017567,0.0,0.0
3.59357,0.0,0.017567,0.0,0.0
3.59343,0.0,0.0351339,0.0,0.0
3.59315,0.0,0.017567,0.0,0.0
3.59243,0.0,0.0527009,0.0,0.0
3.59362,0.0,0.017567,0.0,0.0
3.59428,0.0,0.0,0.0,0.0
3.59406,0.0,0.0878349,0.0,0.0
3.59317,0.0,0.0527009,0.0,0.0
3.59345,0.0,0.017567,0.0,0.0
3.59386,0.0,0.0351339,0.0,0.0
3.59492,0.0,0.0,0.0,0.0
3.59459,0.0,0.017567,0.0,0.0
3.5935,0.0,0.0,0.0,0.0
3.5955,0.0,0.017567,0.0,0.0
3.5956,0.0,0.0527009,0.0,0.0
3.5945,0.0,0.0,0.0,0.0
3.59486,0.0,0.017567,0.0,0.0
3.59656,0.0,0.105402,0.0,0.0
3.59594,0.0,0.0,0.0,0.0
3.59433,0.0,0.0,0.0,0.0
3.59528,0.0,0.0,0.0,0.0
3.59531,0.0,0.0527009,0.0,0.0
3.59563,0.0,0.017567,0.0,0.0
3.59557,0.0,0.017567,0.0,0.0
3.59553,0.0,0.0351339,0.0,0.0
3.59553,0.0,0.017567,0.0,0.0
3.59634,0.0,0.017567,0.0,0.0
3.59635,0.0,0.017567,0.0,0.0
3.59499,0.0,0.017567,0.0,0.0
3.59638,0.0,0.0351339,0.0,0.0
3.59619,0.0,0.0351339,0.0,0.0
3.59658,0.0,0.017567,0.0,0.0
3.5973,0.0,0.0,0.0,0.0
3.598,0.0,0.017567,0.0,0.0
3.59723,0.0,0.017567,0.0,0.0
3.59723,0.0,0.0527009,0.0,0.0
3.59721,0.0,0.0351339,0.0,0.0
3.59719,0.0,0.0527009,0.0,0.0
3.59743,0.0,0.0,0.0,0.0
3.59661,0.0,0.017567,0.0,0.0
3.59689,0.0,0.0527009,0.0,0.0
3.59722,0.0,0.0,0.0,0.0
3.5974,0.0,0.017567,0.0,0.0
3.59766,0.0,0.0351339,0.0,0.0
3.59792,0.0,0.0527009,0.0,0.0
3.59742,0.0,0.0351339,0.0,0.0
3.59735,0.0,0.0,0.0,0.0
3.59818,0.0,0.017567,0.0,0.0
3.59822,0.0,0.0,0.0,0.0
3.59765,0.0,0.0351339,0.0,0.0
3.59841,0.0,0.0527009,0.0,0.0
3.5988,0.0,0.017567,0.0,0.0
3.59836,0.0,0.0351339,0.0,0.0
3.59874,0.0,0.017567,0.0,0.0
3.59925,0.0,0.0527009,0.0,0.0
3.59893,0.0,0.0527009,0.0,0.0
3.59822,0.0,0.0,0.0,0.0
3.59999,0.0,0.0,0.0,0.0
3.59907,0.0,0.0527009,0.0,0.0
3.59924,0.0,0.0527009,0.0,0.0
3.59985,0.0,0.0351339,0.0,0.0
3.59971,0.0,0.017567,0.0,0.0
3.5995,0.0,0.017567,0.0,0.0
3.60052,0.0,0.0,0.0,0.0
3.60129,0.0,0.017567,0.0,0.0
3.60044,0.0,0.0351339,0.0,0.0
3.60076,0.0,0.0351339,0.0,0.0
3.60127,0.0,0.0702679,0.0,0.0
3.60085,0.0,0.0,0.0,0.0
3.6011,0.0,0.017567,0.0,0.0
3.60132,0.0,0.0702679,0.0,0.0
3.60188,0.0,0.017567,0.0,0.0
3.60086,0.0,0.017567,0.0,0.0
3.60169,0.0,0.0702679,0.0,0.0
3.60173,0.0,0.0351339,0.0,0.0
3.60192,0.0,0.0351339,0.0,0.0
3.60194,0.0,0.0,0.0,0.0
3.60237,0.0,0.017567,0.0,0.0
3.60154,0.0,0.017567,0.0,0.0
3.60206,0.0,0.017567,0.0,0.0
3.60286,0.0,0.0702679,0.0,0.0
3.60275,0.0,0.0351339,0.0,0.0
3.60244,0.0,0.0351339,0.0,0.0
3.6026,0.0,0.0,0.0,0.0
3.60258,0.0,0.017567,0.0,0.0
3.60124,0.0,0.0,0.0,0.0
3.60156,0.0,0.017567,0.0,0.0
3.60284,0.0,0.0,0.0,0.0
3.60255,0.0,0.017567,0.0,0.0
3.60289,0.0,0.0351339,0.0,0.0
3.60313,0.0,0.0702679,0.0,0.0
3.60317,0.0,0.0,0.0,0.0
3.60293,0.0,0.0527009,0.0,0.0
3.6035,0.0,0.017567,0.0,0.0
3.60305,0.0,0.0,0.0,0.0
3.60284,0.0,0.017567,0.0,0.0
3.60433,0.0,0.0351339,0.0,0.0
3.60431,0.0,0.0527009,0.0,0.0
3.60313,0.0,0.0351339,0.0,0.0
3.60417,0.0,0.0527009,0.0,0.0
3.60425,0.0,0.0527009,0.0,0.0
3.60394,0.0,0.0351339,0.0,0.0
3.60388,0.0,0.0527009,0.0,0.0
3.60475,0.0,0.0,0.0,0.0
3.60494,0.0,0.0,0.0,0.0
3.60422,0.0,0.017567,0.0,0.0
3.60502,0.0,0.0351339,0.0,0.0
3.60463,0.0,0.0351339,0.0,0.0
3.60544,0.0,0.017567,0.0,0.0
3.60547,0.0,0.017567,0.0,0.0
3.60566,0.0,0.0527009,0.0,0.0
3.60537,0.0,0.017567,0.0,0.0
3.60563,0.0,0.017567,0.0,0.0
3.60667,0.0,0.0,0.0,0.0
3.60576,0.0,0.0351339,0.0,0.0
3.6053,0.0,0.017567,0.0,0.0
3.60578,0.0,0.017567,0.0,0.0
3.60593,0.0,0.0,0.0,0.0
3.60597,0.0,0.017567,0.0,0.0
3.60637,0.0,0.0351339,0.0,0.0
3.6069,0.0,0.0351339,0.0,0.0
3.60716,0.0,0.0,0.0,0.0
3.60747,0.0,0.017567,0.0,0.0
3.60717,0.0,0.0702679,0.0,0.0
3.60707,0.0,0.0527009,0.0,0.0
3.60644,0.0,0.0,0.0,0.0
3.60699,0.0,0.0,0.0,0.0
3.6076,0.0,0.0351339,0.0,0.0
3.60766,0.0,0.0351339,0.0,0.0
3.60667,0.0,0.0351339,0.0,0.0
3.60673,0.0,0.0,0.0,0.0
3.60799,0.0,0.0,0.0,0.0
3.60703,0.0,0.017567,0.0,0.0
3.60727,0.0,0.0702679,0.0,0.0
3.60844,0.0,0.017567,0.0,0.0
3.6073,0.0,0.017567,0.0,0.0
3.60725,0.0,0.017567,0.0,0.0
3.60773,0.0,0.017567,0.0,0.0
3.60778,0.0,0.017567,0.0,0.0
3.60864,0.0,0.0527009,0.0,0.0
3.60949,0.0,0.017567,0.0,0.0
3.60889,0.0,0.0,0.0,0.0
3.60853,0.0,0.0,0.0,0.0
3.60912,0.0,0.0,0.0,0.0
3.60885,0.0,0.0702679,0.0,0.0
3.60884,0.0,0.017567,0.0,0.0
3.60896,0.0,0.0527009,0.0,0.0
3.60976,0.0,0.017567,0.0,0.0
3.60876,0.0,0.0,0.0,0.0
3.60867,0.0,0.0,0.0,0.0
3.61006,0.0,0.017567,0.0,0.0
3.6099,0.0,0.017567,0.0,0.0
3.60959,0.0,0.0351339,0.0,0.0
3.61009,0.0,0.0702679,0.0,0.0
3.61037,0.0,0.0702679,0.0,0.0
3.61039,0.0,0.0351339,0.0,0.0
3.61047,0.0,0.017567,0.0,0.0
3.61019,0.0,0.0,0.0,0.0
3.61068,0.0,0.0527009,0.0,0.0
3.61084,0.0,0.0351339,0.0,0.0
3.61115,0.0,0.0878349,0.0,0.0
3.61159,0.0,0.0,0.0,0.0
3.61014,0.0,0.017567,0.0,0.0
3.61136,0.0,0.0351339,0.0,0.0
3.6117,0.0,0.017567,0.0,0.0
3.61052,0.0,0.017567,0.0,0.0
3.61044,0.0,0.017567,0.0,0.0
3.6105,0.0,0.0351339,0.0,0.0
3.6121,0.0,0.0,0.0,0.0
3.6122,0.0,0.017567,0.0,0.0
3.61153,0.0,0.0,0.0,0.0
3.61121,0.0,0.0,0.0,0.0
3.61129,0.0,0.0,0.0,0.0
3.61154,0.0,0.017567,0.0,0.0
3.61231,0.0,0.0,0.0,0.0
3.61269,0.0,0.017567,0.0,0.0
3.61215,0.0,0.0527009,0.0,0.0
3.61374,0.0,0.0,0.0,0.0
3.61352,0.0,0.017567,0.0,0.0
3.61277,0.0,0.0527009,0.0,0.0
3.6132,0.0,0.017567,0.0,0.0
3.61405,0.0,0.017567,0.0,0.0
3.6138,0.0,0.0,0.0,0.0
3.61304,0.0,0.017567,0.0,0.0
3.61366,0.0,0.0878349,0.0,0.0
3.61362,0.0,0.0,0.0,0.0
3.61365,0.0,0.0,0.0,0.0
3.61382,0.0,0.017567,0.0,0.0
3.61326,0.0,0.0351339,0.0,0.0
3.61389,0.0,0.0,0.0,0.0
3.6133,0.0,0.017567,0.0,0.0
3.61453,0.0,0.0527009,0.0,0.0
3.61459,0.0,0.0,0.0,0.0
3.61314,0.0,0.017567,0.0,0.0
3.61426,0.0,0.017567,0.0,0.0
3.61493,0.0,0.0351339,0.0,0.0
3.61441,0.0,0.017567,0.0,0.0
3.61383,0.0,0.017567,0.0,0.0
3.61399,0.0,0.017567,0.0,0.0
3.61514,0.0,0.0,0.0,0.0
3.61513,0.0,0.0,0.0,0.0
3.61448,0.0,0.0351339,0.0,0.0
3.61566,0.0,0.0702679,0.0,0.0
3.61502,0.0,0.0351339,0.0,0.0
3.61585,0.0,0.017567,0.0,0.0
3.61675,0.0,0.0351339,0.0,0.0
3.61637,0.0,0.0,0.0,0.0
3.61563,0.0,0.0351339,0.0,0.0
3.6159,0.0,0.0,0.0,0.0
3.6166,0.0,0.017567,0.0,0.0
3.61624,0.0,0.0351339,0.0,0.0
3.61662,0.0,0.0351339,0.0,0.0
3.61733,0.0,0.0351339,0.0,0.0
3.61756,0.0,0.0351339,0.0,0.0
3.61668,0.0,0.0351339,0.0,0.0
3.6166,0.0,0.0,0.0,0.0
3.61709,0.0,0.0351339,0.0,0.0
3.61722,0.0,0.0527009,0.0,0.0
3.61685,0.0,0.017567,0.0,0.0
3.61716,0.0,0.0527009,0.0,0.0
3.61751,0.0,0.0527009,0.0,0.0
3.6179,0.0,0.017567,0.0,0.0
3.6175,0.0,0.017567,0.0,0.0
3.61772,0.0,0.0,0.0,0.0
3.61838,0.0,0.0527009,0.0,0.0
3.61827,0.0,0.017567,0.0,0.0
3.61772,0.0,0.0,0.0,0.0
3.61843,0.0,0.017567,0.0,0.0
3.61804,0.0,0.0527009,0.0,0.0
3.61906,0.0,0.0527009,0.0,0.0
3.61884,0.0,0.017567,0.0,0.0
3.6183,0.0,0.017567,0.0,0.0
3.61812,0.0,0.017567,0.0,0.0
3.619,0.0,0.017567,0.0,0.0
3.61895,0.0,0.0527009,0.0,0.0
3.61918,0.0,0.017567,0.0,0.0
3.61873,0.0,0.0527009,0.0,0.0
3.61821,0.0,0.0,0.0,0.0
3.61876,0.0,0.0,0.0,0.0
3.61945,0.0,0.0351339,0.0,0.0
3.61862,0.0,0.0702679,0.0,0.0
3.6195,0.0,0.0878349,0.0,0.0
3.6196,0.0,0.0,0.0,0.0
3.62018,0.0,0.017567,0.0,0.0
3.6202,0.0,0.0351339,0.0,0.0
3.62033,0.0,0.0527009,0.0,0.0
3.62056,0.0,0.0351339,0.0,0.0
3.62143,0.0,0.0527009,0.0,0.0
3.62061,0.0,0.017567,0.0,0.0
3.61965,0.0,0.017567,0.0,0.0
3.62169,0.0,0.0351339,0.0,0.0
3.62234,0.0,0.0527009,0.0,0.0
3.62012,0.0,0.0,0.0,0.0
3.62084,0.0,0.0351339,0.0,0.0
3.62078,0.0,0.017567,0.0,0.0
3.62175,0.0,0.0351339,0.0,0.0
3.62251,0.0,0.0527009,0.0,0.0
3.62261,0.0,0.017567,0.0,0.0
3.62147,0.0,0.017567,0.0,0.0
3.62299,0.0,0.0351339,0.0,0.0
3.62238,0.0,0.0527009,0.0,0.0
3.62186,0.0,0.017567,0.0,0.0
3.62194,0.0,0.0527009,0.0,0.0
3.621,0.0,0.017567,0.0,0.0
3.62195,0.0,0.017567,0.0,0.0
3.62242,0.0,0.0702679,0.0,0.0
3.62171,0.0,0.0,0.0,0.0
3.62117,0.0,0.017567,0.0,0.0
3.62254,0.0,0.017567,0.0,0.0
3.62291,0.0,0.0351339,0.0,0.0
3.62248,0.0,0.017567,0.0,0.0
3.62286,0.0,0.0351339,0.0,0.0
3.62268,0.0,0.0351339,0.0,0.0
3.62373,0.0,0.0351339,0.0,0.0
3.62357,0.0,0.017567,0.0,0.0
3.62347,0.0,0.017567,0.0,0.0
3.62416,0.0,0.0,0.0,0.0
3.62395,0.0,0.017567,0.0,0.0
3.62425,0.0,0.017567,0.0,0.0
3.62382,0.0,0.017567,0.0,0.0
3.62425,0.0,0.0351339,0.0,0.0
3.6242,0.0,0.017567,0.0,0.0
3.62435,0.0,0.0351339,0.0,0.0
3.62484,0.0,0.0351339,0.0,0.0
3.62579,0.0,0.0527009,0.0,0.0
3.62516,0.0,0.017567,0.0,0.0
3.62407,0.0,0.0351339,0.0,0.0
3.62483,0.0,0.017567,0.0,0.0
3.62452,0.0,0.017567,0.0,0.0
3.62452,0.0,0.0351339,0.0,0.0
3.62457,0.0,0.0351339,0.0,0.0
3.62597,0.0,0.0351339,0.0,0.0
3.62568,0.0,0.0351339,0.0,0.0
3.62511,0.0,0.0,0.0,0.0
3.62577,0.0,0.0,0.0,0.0
3.62498,0.0,0.017567,0.0,0.0
3.62574,0.0,0.0351339,0.0,0.0
3.62585,0.0,0.0527009,0.0,0.0
3.62599,0.0,0.017567,0.0,0.0
3.62636,0.0,0.0,0.0,0.0
3.62644,0.0,0.017567,0.0,0.0
3.62737,0.0,0.0,0.0,0.0
3.6272,0.0,0.0527009,0.0,0.0
3.6261,0.0,0.0702679,0.0,0.0
3.62559,0.0,0.0351339,0.0,0.0
3.62654,0.0,0.0,0.0,0.0
3.62716,0.0,0.0702679,0.0,0.0
3.62764,0.0,0.0527009,0.0,0.0
3.62684,0.0,0.0351339,0.0,0.0
3.62631,0.0,0.0702679,0.0,0.0
3.62724,0.0,0.0,0.0,0.0
3.62722,0.0,0.0527009,0.0,0.0
3.6269,0.0,0.0,0.0,0.0
3.62841,0.0,0.0,0.0,0.0
3.62796,0.0,0.0878349,0.0,0.0
3.62723,0.0,0.0351339,0.0,0.0
3.62724,0.0,0.0351339,0.0,0.0
3.62788,0.0,0.0,0.0,0.0
3.62818,0.0,0.0,0.0,0.0
3.62785,0.0,0.0,0.0,0.0
3.62699,0.0,0.0,0.0,0.0
3.62791,0.0,0.017567,0.0,0.0
3.62884,0.0,0.0527009,0.0,0.0
3.62859,0.0,0.0,0.0,0.0
3.629,0.0,0.0,0.0,0.0
3.62888,0.0,0.017567,0.0,0.0
3.62963,0.0,0.0702679,0.0,0.0
3.62992,0.0,0.0,0.0,0.0
3.62925,0.0,0.0351339,0.0,0.0
3.62939,0.0,0.0702679,0.0,0.0
3.62974,0.0,0.0,0.0,0.0
3.62928,0.0,0.017567,0.0,0.0
3.6294,0.0,0.0878349,0.0,0.0
3.63043,0.0,0.0527009,0.0,0.0
3.63124,0.0,0.0351339,0.0,0.0
3.63091,0.0,0.0702679,0.0,0.0
3.6305,0.0,0.0351339,0.0,0.0
3.6301,0.0,0.017567,0.0,0.0
3.63142,0.0,0.0,0.0,0.0
3.63137,0.0,0.0527009,0.0,0.0
3.63032,0.0,0.0,0.0,0.0
3.63031,0.0,0.017567,0.0,0.0
3.63045,0.0,0.017567,0.0,0.0
3.63016,0.0,0.0,0.0,0.0
3.63051,0.0,0.0,0.0,0.0
3.63111,0.0,0.0,0.0,0.0
3.63117,0.0,0.0351339,0.0,0.0
3.63179,0.0,0.0351339,0.0,0.0
3.63168,0.0,0.0702679,0.0,0.0
3.63273,0.0,0.017567,0.0,0.0
3.63174,0.0,0.0351339,0.0,0.0
3.63225,0.0,0.017567,0.0,0.0
3.63332,0.0,0.0702679,0.0,0.0
3.63199,0.0,0.0351339,0.0,0.0
3.63076,0.0,0.0,0.0,0.0
3.63294,0.0,0.0351339,0.0,0.0
3.63295,0.0,0.0351339,0.0,0.0
3.63373,0.0,0.0351339,0.0,0.0
3.63301,0.0,0.0,0.0,0.0
3.63288,0.0,0.017567,0.0,0.0
3.6335,0.0,0.0351339,0.0,0.0
3.63269,0.0,0.0527009,0.0,0.0
3.63304,0.0,0.017567,0.0,0.0
3.63286,0.0,0.0351339,0.0,0.0
3.63292,0.0,0.0,0.0,0.0
3.63274,0.0,0.0,0.0,0.0
3.63417,0.0,0.0527009,0.0,0.0
3.63372,0.0,0.0,0.0,0.0
3.63318,0.0,0.0,0.0,0.0
3.63425,0.0,0.0351339,0.0,0.0
3.63377,0.0,0.017567,0.0,0.0
3.63351,0.0,0.0702679,0.0,0.0
3.63426,0.0,0.0,0.0,0.0
3.63447,0.0,0.0,0.0,0.0
3.63436,0.0,0.0527009,0.0,0.0
3.6347,0.0,0.0,0.0,0.0
3.63462,0.0,0.0351339,0.0,0.0
3.63551,0.0,0.0,0.0,0.0
3.63646,0.0,0.0,0.0,0.0
3.63584,0.0,0.0351339,0.0,0.0
3.63497,0.0,0.0351339,0.0,0.0
3.63487,0.0,0.017567,0.0,0.0
3.6356,0.0,0.0527009,0.0,0.0
3.6356,0.0,0.0351339,0.0,0.0
3.63538,0.0,0.017567,0.0,0.0
3.63533,0.0,0.0,0.0,0.0
3.63546,0.0,0.017567,0.0,0.0
3.63619,0.0,0.0702679,0.0,0.0
3.6356,0.0,0.017567,0.0,0.0
3.63576,0.0,0.0,0.0,0.0
3.63608,0.0,0.0527009,0.0,0.0
3.63688,0.0,0.0,0.0,0.0
3.636,0.0,0.0527009,0.0,0.0
3.63582,0.0,0.017567,0.0,0.0
3.63635,0.0,0.0527009,0.0,0.0
3.63602,0.0,0.0351339,0.0,0.0
3.63723,0.0,0.0527009,0.0,0.0
3.63672,0.0,0.0351339,0.0,0.0
3.63652,0.0,0.0,0.0,0.0
3.63751,0.0,0.0351339,0.0,0.0
3.63742,0.0,0.017567,0.0,0.0
3.63708,0.0,0.0,0.0,0.0
3.63675,0.0,0.0527009,0.0,0.0
3.63753,0.0,0.0,0.0,0.0
3.63736,0.0,0.0702679,0.0,0.0
3.63842,0.0,0.0527009,0.0,0.0
3.63836,0.0,0.017567,0.0,0.0
3.63833,0.0,0.0,0.0,0.0
3.63772,0.0,0.0,0.0,0.0
3.63852,0.0,0.0351339,0.0,0.0
3.63875,0.0,0.017567,0.0,0.0
3.63871,0.0,0.0,0.0,0.0
3.63896,0.0,0.017567,0.0,0.0
3.63949,0.0,0.0878349,0.0,0.0
3.6395,0.0,0.0527009,0.0,0.0
3.63923,0.0,0.017567,0.0,0.0
3.63863,0.0,0.0527009,0.0,0.0
3.63919,0.0,0.017567,0.0,0.0
3.63909,0.0,0.0527009,0.0,0.0
3.63856,0.0,0.0,0.0,0.0
3.63887,0.0,0.0,0.0,0.0
3.63892,0.0,0.0702679,0.0,0.0
3.63972,0.0,0.0702679,0.0,0.0
3.63871,0.0,0.0351339,0.0,0.0
3.63961,0.0,0.0,0.0,0.0
3.63993,0.0,0.017567,0.0,0.0
3.63919,0.0,0.0,0.0,0.0
3.64007,0.0,0.0351339,0.0,0.0
3.64031,0.0,0.0351339,0.0,0.0
3.64099,0.0,0.017567,0.0,0.0
3.64155,0.0,0.0351339,0.0,0.0
3.6412,0.0,0.0351339,0.0,0.0
3.64057,0.0,0.017567,0.0,0.0
3.64156,0.0,0.017567,0.0,0.0
3.63998,0.0,0.017567,0.0,0.0
3.64072,0.0,0.017567,0.0,0.0
3.64137,0.0,0.0,0.0,0.0
3.64099,0.0,0.017567,0.0,0.0
3.64139,0.0,0.017567,0.0,0.0
3.64115,0.0,0.0,0.0,0.0
3.64094,0.0,0.017567,0.0,0.0
3.6411,0.0,0.0702679,0.0,0.0
3.64168,0.0,0.0527009,0.0,0.0
3.64124,0.0,0.0,0.0,0.0
3.64191,0.0,0.0351339,0.0,0.0
3.64245,0.0,0.017567,0.0,0.0
3.64247,0.0,0.017567,0.0,0.0
3.64206,0.0,0.0,0.0,0.0
3.64145,0.0,0.017567,0.0,0.0
3.64362,0.0,0.0351339,0.0,0.0
3.64372,0.0,0.0,0.0,0.0
3.6425,0.0,0.0527009,0.0,0.0
3.64365,0.0,0.017567,0.0,0.0
3.64355,0.0,0.017567,0.0,0.0
3.64274,0.0,0.0351339,0.0,0.0
3.64285,0.0,0.0351339,0.0,0.0
3.64322,0.0,0.017567,0.0,0.0
3.6437,0.0,0.0351339,0.0,0.0
3.64377,0.0,0.017567,0.0,0.0
3.64494,0.0,0.0527009,0.0,0.0
3.64549,0.0,0.0351339,0.0,0.0
3.64358,0.0,0.0351339,0.0,0.0
3.6443,0.0,0.017567,0.0,0.0
3.64467,0.0,0.017567,0.0,0.0
3.64359,0.0,0.017567,0.0,0.0
3.64326,0.0,0.0351339,0.0,0.0
3.64398,0.0,0.0527009,0.0,0.0
3.64387,0.0,0.017567,0.0,0.0
3.64391,0.0,0.0,0.0,0.0
3.64455,0.0,0.0527009,0.0,0.0
3.64519,0.0,0.017567,0.0,0.0
3.64492,0.0,0.017567,0.0,0.0
3.64456,0.0,0.0,0.0,0.0
3.64515,0.0,0.0527009,0.0,0.0
3.64541,0.0,0.017567,0.0,0.0
3.64576,0.0,0.017567,0.0,0.0
3.64482,0.0,0.0527009,0.0,0.0
3.64593,0.0,0.017567,0.0,0.0
3.64638,0.0,0.0,0.0,0.0
3.6458,0.0,0.017567,0.0,0.0
3.64544,0.0,0.0351339,0.0,0.0
3.64615,0.0,0.0,0.0,0.0
3.64621,0.0,0.0,0.0,0.0
3.64582,0.0,0.0527009,0.0,0.0
3.64645,0.0,0.0527009,0.0,0.0
3.64673,0.0,0.0527009,0.0,0.0
3.64679,0.0,0.0351339,0.0,0.0
3.64619,0.0,0.0,0.0,0.0
3.64631,0.0,0.017567,0.0,0.0
3.64586,0.0,0.017567,0.0,0.0
3.64594,0.0,0.017567,0.0,0.0
3.64694,0.0,0.0351339,0.0,0.0
3.64677,0.0,0.0702679,0.0,0.0
3.64667,0.0,0.0527009,0.0,0.0
3.64767,0.0,0.0,0.0,0.0
3.64761,0.0,0.017567,0.0,0.0
3.64824,0.0,0.017567,0.0,0.0
3.64712,0.0,0.017567,0.0,0.0
3.64817,0.0,0.0527009,0.0,0.0
3.64829,0.0,0.017567,0.0,0.0
3.64765,0.0,0.0702679,0.0,0.0
3.64756,0.0,0.017567,0.0,0.0
3.64799,0.0,0.0527009,0.0,0.0
3.64931,0.0,0.0527009,0.0,0.0
3.64803,0.0,0.0351339,0.0,0.0
3.64745,0.0,0.0527009,0.0,0.0
3.64879,0.0,0.017567,0.0,0.0
3.64919,0.0,0.0351339,0.0,0.0
3.64911,0.0,0.0527009,0.0,0.0
3.64925,0.0,0.0351339,0.0,0.0
3.64799,0.0,0.0,0.0,0.0
3.64826,0.0,0.017567,0.0,0.0
3.64936,0.0,0.0,0.0,0.0
3.64927,0.0,0.0351339,0.0,0.0
3.64944,0.0,0.0702679,0.0,0.0
3.65002,0.0,0.0527009,0.0,0.0
3.64939,0.0,0.0351339,0.0,0.0
3.64872,0.0,0.0351339,0.0,0.0
3.64943,0.0,0.017567,0.0,0.0
3.64961,0.0,0.0,0.0,0.0
3.65034,0.0,0.0351339,0.0,0.0
3.65112,0.0,0.0527009,0.0,0.0
3.65039,0.0,0.0351339,0.0,0.0
3.65029,0.0,0.0,0.0,0.0
3.6506,0.0,0.0351339,0.0,0.0
3.65135,0.0,0.0527009,0.0,0.0
3.65141,0.0,0.017567,0.0,0.0
3.6517,0.0,0.0878349,0.0,0.0
3.65171,0.0,0.017567,0.0,0.0
3.65132,0.0,0.0351339,0.0,0.0
3.65233,0.0,0.017567,0.0,0.0
3.6518,0.0,0.0351339,0.0,0.0
3.65112,0.0,0.017567,0.0,0.0
3.65079,0.0,0.0527009,0.0,0.0
3.65037,0.0,0.0527009,0.0,0.0
3.65223,0.0,0.017567,0.0,0.0
3.65243,0.0,0.0527009,0.0,0.0
3.65127,0.0,0.017567,0.0,0.0
3.6511,0.0,0.0702679,0.0,0.0
3.65249,0.0,0.0,0.0,0.0
3.65199,0.0,0.0351339,0.0,0.0
3.6516,0.0,0.0,0.0,0.0
3.6514,0.0,0.0,0.0,0.0
3.65067,0.0,0.0351339,0.0,0.0
3.65181,0.0,0.0351339,0.0,0.0
3.6523,0.0,0.017567,0.0,0.0
3.65246,0.0,0.017567,0.0,0.0
3.65316,0.0,0.017567,0.0,0.0
3.65325,0.0,0.0351339,0.0,0.0
3.65383,0.0,0.017567,0.0,0.0
3.65415,0.0,0.017567,0.0,0.0
3.65379,0.0,0.0527009,0.0,0.0
3.65457,0.0,0.0351339,0.0,0.0
3.65364,0.0,0.0527009,0.0,0.0
3.65402,0.0,0.0351339,0.0,0.0
3.65402,0.0,0.017567,0.0,0.0
3.6548,0.0,0.0527009,0.0,0.0
3.65533,0.0,0.0,0.0,0.0
3.65459,0.0,0.0351339,0.0,0.0
3.65437,0.0,0.017567,0.0,0.0
3.65456,0.0,0.017567,0.0,0.0
3.65482,0.0,0.017567,0.0,0.0
3.65547,0.0,0.0527009,0.0,0.0
3.65469,0.0,0.0351339,0.0,0.0
3.65492,0.0,0.0527009,0.0,0.0
3.65454,0.0,0.017567,0.0,0.0
3.65487,0.0,0.017567,0.0,0.0
3.65546,0.0,0.0,0.0,0.0
3.65484,0.0,0.0,0.0,0.0
3.65585,0.0,0.0527009,0.0,0.0
3.65519,0.0,0.0351339,0.0,0.0
3.6551,0.0,0.017567,0.0,0.0
3.65578,0.0,0.017567,0.0,0.0
3.65604,0.0,0.0527009,0.0,0.0
3.65584,0.0,0.017567,0.0,0.0
3.65624,0.0,0.0527009,0.0,0.0
3.65589,0.0,0.0351339,0.0,0.0
3.65644,0.0,0.0351339,0.0,0.0
3.65638,0.0,0.0351339,0.0,0.0
3.65715,0.0,0.0351339,0.0,0.0
3.65725,0.0,0.0351339,0.0,0.0
3.65689,0.0,0.017567,0.0,0.0
3.65693,0.0,0.0702679,0.0,0.0
3.65738,0.0,0.0,0.0,0.0
3.65669,0.0,0.0351339,0.0,0.0
3.65708,0.0,0.0,0.0,0.0
3.6569,0.0,0.0,0.0,0.0
3.657,0.0,0.017567,0.0,0.0
3.65885,0.0,0.0351339,0.0,0.0
3.65859,0.0,0.0527009,0.0,0.0
3.65695,0.0,0.0527009,0.0,0.0
3.65804,0.0,0.0351339,0.0,0.0
3.65823,0.0,0.0527009,0.0,0.0
3.65706,0.0,0.017567,0.0,0.0
3.6578,0.0,0.0878349,0.0,0.0
3.65858,0.0,0.0351339,0.0,0.0
3.65757,0.0,0.0527009,0.0,0.0
3.6586,0.0,0.0702679,0.0,0.0
3.65902,0.0,0.0,0.0,0.0
3.6585,0.0,0.017567,0.0,0.0
3.65891,0.0,0.017567,0.0,0.0
3.65847,0.0,0.017567,0.0,0.0
3.65878,0.0,0.017567,0.0,0.0
3.65835,0.0,0.0527009,0.0,0.0
3.65894,0.0,0.0527009,0.0,0.0
3.65898,0.0,0.0,0.0,0.0
3.65911,0.0,0.017567,0.0,0.0
3.65961,0.0,0.0527009,0.0,0.0
3.65991,0.0,0.0527009,0.0,0.0
3.6596,0.0,0.017567,0.0,0.0
3.65968,0.0,0.0351339,0.0,0.0
3.6596,0.0,0.0,0.0,0.0
3.65916,0.0,0.0,0.0,0.0
3.65919,0.0,0.0,0.0,0.0
3.65992,0.0,0.0,0.0,0.0
3.66019,0.0,0.0,0.0,0.0
3.66087,0.0,0.0527009,0.0,0.0
3.66021,0.0,0.0527009,0.0,0.0
3.6603,0.0,0.0351339,0.0,0.0
3.6611,0.0,0.0351339,0.0,0.0
3.66141,0.0,0.0351339,0.0,0.0
3.66082,0.0,0.0351339,0.0,0.0
3.66083,0.0,0.017567,0.0,0.0
3.66121,0.0,0.017567,0.0,0.0
3.66183,0.0,0.0,0.0,0.0
3.66159,0.0,0.017567,0.0,0.0
3.66203,0.0,0.0527009,0.0,0.0
3.66232,0.0,0.017567,0.0,0.0
3.66215,0.0,0.017567,0.0,0.0
3.66253,0.0,0.017567,0.0,0.0
3.6622,0.0,0.0527009,0.0,0.0
3.66232,0.0,0.0351339,0.0,0.0
3.66217,0.0,0.017567,0.0,0.0
3.66267,0.0,0.0351339,0.0,0.0
3.66336,0.0,0.0527009,0.0,0.0
3.66246,0.0,0.0,0.0,0.0
3.66245,0.0,0.0351339,0.0,0.0
3.66229,0.0,0.0351339,0.0,0.0
3.66213,0.0,0.0,0.0,0.0
3.66263,0.0,0.0527009,0.0,0.0
3.66246,0.0,0.017567,0.0,0.0
3.66329,0.0,0.0527009,0.0,0.0
3.66329,0.0,0.017567,0.0,0.0
3.66272,0.0,0.0351339,0.0,0.0
3.66311,0.0,0.0,0.0,0.0
3.66384,0.0,0.017567,0.0,0.0
3.66411,0.0,0.017567,0.0,0.0
3.66372,0.0,0.017567,0.0,0.0
3.6641,0.0,0.0,0.0,0.0
3.66429,0.0,0.0,0.0,0.0
3.66471,0.0,0.0,0.0,0.0
3.66527,0.0,0.0,0.0,0.0
3.66514,0.0,0.0351339,0.0,0.0
3.66466,0.0,0.0351339,0.0,0.0
3.66482,0.0,0.017567,0.0,0.0
3.66525,0.0,0.0527009,0.0,0.0
3.66526,0.0,0.0,0.0,0.0
3.66483,0.0,0.0878349,0.0,0.0
3.66497,0.0,0.0351339,0.0,0.0
3.66547,0.0,0.0,0.0,0.0
3.66525,0.0,0.0351339,0.0,0.0
3.66684,0.0,0.0,0.0,0.0
3.665,0.0,0.0,0.0,0.0
3.66464,0.0,0.017567,0.0,0.0
3.66559,0.0,0.0527009,0.0,0.0
3.66593,0.0,0.0527009,0.0,0.0
3.66576,0.0,0.017567,0.0,0.0
3.66534,0.0,0.0,0.0,0.0
3.66541,0.0,0.017567,0.0,0.0
3.6667,0.0,0.017567,0.0,0.0
3.66718,0.0,0.017567,0.0,0.0
3.66668,0.0,0.0,0.0,0.0
3.66684,0.0,0.0351339,0.0,0.0
3.66652,0.0,0.0,0.0,0.0
3.66694,0.0,0.0351339,0.0,0.0
3.6677,0.0,0.0351339,0.0,0.0
3.66665,0.0,0.0351339,0.0,0.0
3.66678,0.0,0.017567,0.0,0.0
3.6668,0.0,0.0702679,0.0,0.0
3.66793,0.0,0.0,0.0,0.0
3.66775,0.0,0.0351339,0.0,0.0
3.66728,0.0,0.0351339,0.0,0.0
3.6674,0.0,0.017567,0.0,0.0
3.66721,0.0,0.0351339,0.0,0.0
3.66848,0.0,0.0351339,0.0,0.0
3.668,0.0,0.0351339,0.0,0.0
3.66777,0.0,0.0351339,0.0,0.0
3.66697,0.0,0.017567,0.0,0.0
3.6679,0.0,0.0351339,0.0,0.0
3.66793,0.0,0.0527009,0.0,0.0
3.66715,0.0,0.017567,0.0,0.0
3.66702,0.0,0.0,0.0,0.0
3.66782,0.0,0.0,0.0,0.0
3.66921,0.0,0.0527009,0.0,0.0
3.66834,0.0,0.0,0.0,0.0
3.66824,0.0,0.017567,0.0,0.0
3.66813,0.0,0.0351339,0.0,0.0
3.66921,0.0,0.0351339,0.0,0.0
3.67034,0.0,0.017567,0.0,0.0
3.67009,0.0,0.0,0.0,0.0
3.67066,0.0,0.0527009,0.0,0.0
3.66934,0.0,0.017567,0.0,0.0
3.66955,0.0,0.0351339,0.0,0.0
3.67034,0.0,0.0878349,0.0,0.0
3.67027,0.0,0.0,0.0,0.0
3.66984,0.0,0.0,0.0,0.0
3.66997,0.0,0.017567,0.0,0.0
3.66972,0.0,0.0351339,0.0,0.0
3.66975,0.0,0.0527009,0.0,0.0
3.67042,0.0,0.0,0.0,0.0
3.67069,0.0,0.0527009,0.0,0.0
3.67055,0.0,0.0,0.0,0.0
3.67137,0.0,0.0527009,0.0,0.0
3.67155,0.0,0.017567,0.0,0.0
3.6715,0.0,0.0,0.0,0.0
3.67066,0.0,0.0,0.0,0.0
3.67025,0.0,0.017567,0.0,0.0
3.66999,0.0,0.017567,0.0,0.0
3.67093,0.0,0.017567,0.0,0.0
3.67152,0.0,0.017567,0.0,0.0
3.67114,0.0,0.0351339,0.0,0.0
3.67138,0.0,0.0351339,0.0,0.0
3.67343,0.0,0.0702679,0.0,0.0
3.67215,0.0,0.0,0.0,0.0
3.67185,0.0,0.017567,0.0,0.0
3.67245,0.0,0.0351339,0.0,0.0
3.67129,0.0,0.0,0.0,0.0
3.67114,0.0,0.017567,0.0,0.0
3.67268,0.0,0.017567,0.0,0.0
3.6728,0.0,0.0351339,0.0,0.0
3.67276,0.0,0.017567,0.0,0.0
3.67307,0.0,0.0,0.0,0.0
3.67414,0.0,0.017567,0.0,0.0
3.67402,0.0,0.0702679,0.0,0.0
3.67289,0.0,0.017567,0.0,0.0
3.67304,0.0,0.0,0.0,0.0
3.67305,0.0,0.0702679,0.0,0.0
3.67288,0.0,0.017567,0.0,0.0
3.67293,0.0,0.0351339,0.0,0.0
3.67335,0.0,0.017567,0.0,0.0
3.67319,0.0,0.017567,0.0,0.0
3.6734,0.0,0.017567,0.0,0.0
3.6743,0.0,0.0702679,0.0,0.0
3.67459,0.0,0.0,0.0,0.0
3.67437,0.0,0.017567,0.0,0.0
3.6747,0.0,0.017567,0.0,0.0
3.67438,0.0,0.017567,0.0,0.0
3.67446,0.0,0.017567,0.0,0.0
3.67466,0.0,0.0527009,0.0,0.0
3.67422,0.0,0.0351339,0.0,0.0
3.67459,0.0,0.0351339,0.0,0.0
3.67554,0.0,0.017567,0.0,0.0
3.67527,0.0,0.0351339,0.0,0.0
3.67503,0.0,0.017567,0.0,0.0
3.67486,0.0,0.0351339,0.0,0.0
3.67591,0.0,0.0351339,0.0,0.0
3.6769,0.0,0.0,0.0,0.0
3.67649,0.0,0.0702679,0.0,0.0
3.67516,0.0,0.0351339,0.0,0.0
3.67549,0.0,0.017567,0.0,0.0
3.67608,0.0,0.0527009,0.0,0.0
3.67639,0.0,0.0,0.0,0.0
3.67682,0.0,0.0527009,0.0,0.0
3.67655,0.0,0.0351339,0.0,0.0
3.67565,0.0,0.0,0.0,0.0
3.67672,0.0,0.0351339,0.0,0.0
3.67684,0.0,0.0,0.0,0.0
3.6765,0.0,0.0,0.0,0.0
3.67722,0.0,0.0702679,0.0,0.0
3.67747,0.0,0.0,0.0,0.0
3.67707,0.0,0.0,0.0,0.0
3.67679,0.0,0.0702679,0.0,0.0
3.67738,0.0,0.0351339,0.0,0.0
3.67712,0.0,0.017567,0.0,0.0
3.67723,0.0,0.017567,0.0,0.0
3.67767,0.0,0.0351339,0.0,0.0
3.67719,0.0,0.017567,0.0,0.0
3.67748,0.0,0.017567,0.0,0.0
3.67782,0.0,0.017567,0.0,0.0
3.67764,0.0,0.017567,0.0,0.0
3.67752,0.0,0.0527009,0.0,0.0
3.67825,0.0,0.0527009,0.0,0.0
3.67847,0.0,0.017567,0.0,0.0
3.67855,0.0,0.0527009,0.0,0.0
3.67874,0.0,0.0527009,0.0,0.0
3.67911,0.0,0.017567,0.0,0.0
3.67888,0.0,0.0,0.0,0.0
3.67874,0.0,0.0351339,0.0,0.0
3.67767,0.0,0.017567,0.0,0.0
3.67805,0.0,0.0351339,0.0,0.0
3.67914,0.0,0.0527009,0.0,0.0
3.67861,0.0,0.0,0.0,0.0
3.67924,0.0,0.0351339,0.0,0.0
3.6793,0.0,0.0,0.0,0.0
3.67897,0.0,0.0351339,0.0,0.0
3.67997,0.0,0.017567,0.0,0.0
3.67994,0.0,0.0351339,0.0,0.0
3.68027,0.0,0.017567,0.0,0.0
3.68062,0.0,0.0,0.0,0.0
3.68002,0.0,0.0351339,0.0,0.0
3.67982,0.0,0.017567,0.0,0.0
3.6811,0.0,0.017567,0.0,0.0
3.68091,0.0,0.017567,0.0,0.0
3.68036,0.0,0.0,0.0,0.0
3.6814,0.0,0.0527009,0.0,0.0
3.68055,0.0,0.0878349,0.0,0.0
3.68,0.0,0.017567,0.0,0.0
3.68098,0.0,0.017567,0.0,0.0
3.68049,0.0,0.0351339,0.0,0.0
3.68101,0.0,0.0527009,0.0,0.0
3.68131,0.0,0.017567,0.0,0.0
3.68148,0.0,0.0351339,0.0,0.0
3.68099,0.0,0.0,0.0,0.0
3.68163,0.0,0.0527009,0.0,0.0
3.68174,0.0,0.017567,0.0,0.0
3.68103,0.0,0.017567,0.0,0.0
3.68125,0.0,0.017567,0.0,0.0
3.68174,0.0,0.0,0.0,0.0
3.68174,0.0,0.0351339,0.0,0.0
3.68227,0.0,0.0351339,0.0,0.0
3.6833,0.0,0.0351339,0.0,0.0
3.68344,0.0,0.017567,0.0,0.0
3.68253,0.0,0.0351339,0.0,0.0
3.68278,0.0,0.0527009,0.0,0.0
3.68314,0.0,0.0,0.0,0.0
3.68369,0.0,0.017567,0.0,0.0
3.68306,0.0,0.0,0.0,0.0
3.6825,0.0,0.0,0.0,0.0
3.68255,0.0,0.0,0.0,0.0
3.68294,0.0,0.0,0.0,0.0
3.68382,0.0,0.017567,0.0,0.0
3.68482,0.0,0.0,0.0,0.0
3.68384,0.0,0.017567,0.0,0.0
3.68398,0.0,0.0351339,0.0,0.0
3.68366,0.0,0.0527009,0.0,0.0
3.68419,0.0,0.017567,0.0,0.0
3.68399,0.0,0.0,0.0,0.0
3.6834,0.0,0.017567,0.0,0.0
3.68325,0.0,0.0351339,0.0,0.0
3.68348,0.0,0.017567,0.0,0.0
3.68391,0.0,0.017567,0.0,0.0
3.68443,0.0,0.0527009,0.0,0.0
3.68355,0.0,0.0,0.0,0.0
3.68434,0.0,0.0,0.0,0.0
3.68476,0.0,0.017567,0.0,0.0
3.68538,0.0,0.017567,0.0,0.0
3.68572,0.0,0.017567,0.0,0.0
3.68563,0.0,0.017567,0.0,0.0
3.68588,0.0,0.0351339,0.0,0.0
3.68561,0.0,0.0351339,0.0,0.0
3.68599,0.0,0.0,0.0,0.0
3.68622,0.0,0.0351339,0.0,0.0
3.68572,0.0,0.0351339,0.0,0.0
3.68587,0.0,0.0351339,0.0,0.0
3.68568,0.0,0.0351339,0.0,0.0
3.68654,0.0,0.017567,0.0,0.0
3.68539,0.0,0.017567,0.0,0.0
3.68597,0.0,0.017567,0.0,0.0
3.6864,0.0,0.017567,0.0,0.0
3.68699,0.0,0.0527009,0.0,0.0
3.68761,0.0,0.017567,0.0,0.0
3.68729,0.0,0.0,0.0,0.0
3.68666,0.0,0.0702679,0.0,0.0
3.68628,0.0,0.0527009,0.0,0.0
3.68675,0.0,0.0,0.0,0.0
3.68718,0.0,0.0527009,0.0,0.0
3.68743,0.0,0.0351339,0.0,0.0
3.68746,0.0,0.0351339,0.0,0.0
3.688,0.0,0.0351339,0.0,0.0
3.68775,0.0,0.017567,0.0,0.0
3.68823,0.0,0.0,0.0,0.0
3.68802,0.0,0.0351339,0.0,0.0
3.68789,0.0,0.0,0.0,0.0
3.68804,0.0,0.017567,0.0,0.0
3.68846,0.0,0.0,0.0,0.0
3.68819,0.0,0.0,0.0,0.0
3.68775,0.0,0.017567,0.0,0.0
3.68845,0.0,0.0351339,0.0,0.0
3.6882,0.0,0.0351339,0.0,0.0
3.68907,0.0,0.017567,0.0,0.0
3.68921,0.0,0.0527009,0.0,0.0
3.69007,0.0,0.0,0.0,0.0
3.68865,0.0,0.017567,0.0,0.0
3.68927,0.0,0.0702679,0.0,0.0
3.68905,0.0,0.0351339,0.0,0.0
3.68947,0.0,0.0351339,0.0,0.0
3.68884,0.0,0.0351339,0.0,0.0
3.6893,0.0,0.0351339,0.0,0.0
3.68988,0.0,0.0351339,0.0,0.0
3.69069,0.0,0.0,0.0,0.0
3.68987,0.0,0.017567,0.0,0.0
3.68986,0.0,0.0,0.0,0.0
3.68956,0.0,0.017567,0.0,0.0
3.68925,0.0,0.0,0.0,0.0
3.69021,0.0,0.017567,0.0,0.0
3.69057,0.0,0.017567,0.0,0.0
3.68976,0.0,0.017567,0.0,0.0
3.69041,0.0,0.0527009,0.0,0.0
3.69124,0.0,0.0351339,0.0,0.0
3.69113,0.0,0.0351339,0.0,0.0
3.69173,0.0,0.0,0.0,0.0
3.69205,0.0,0.0351339,0.0,0.0
3.69173,0.0,0.017567,0.0,0.0
3.69142,0.0,0.0351339,0.0,0.0
3.69154,0.0,0.017567,0.0,0.0
3.69155,0.0,0.017567,0.0,0.0
3.69237,0.0,0.017567,0.0,0.0
3.69194,0.0,0.0351339,0.0,0.0
3.69162,0.0,0.017567,0.0,0.0
3.692,0.0,0.0351339,0.0,0.0
3.69154,0.0,0.0351339,0.0,0.0
3.69194,0.0,0.0351339,0.0,0.0
3.69211,0.0,0.0702679,0.0,0.0
3.6922,0.0,0.017567,0.0,0.0
3.69251,0.0,0.017567,0.0,0.0
3.69282,0.0,0.0527009,0.0,0.0
3.69291,0.0,0.0351339,0.0,0.0
3.69293,0.0,0.0,0.0,0.0
3.69239,0.0,0.017567,0.0,0.0
3.69344,0.0,0.017567,0.0,0.0
3.69347,0.0,0.0527009,0.0,0.0
3.69394,0.0,0.017567,0.0,0.0
3.69395,0.0,0.017567,0.0,0.0
3.69361,0.0,0.017567,0.0,0.0
3.69414,0.0,0.0527009,0.0,0.0
3.69424,0.0,0.017567,0.0,0.0
3.69416,0.0,0.0351339,0.0,0.0
3.69375,0.0,0.017567,0.0,0.0
3.69399,0.0,0.0,0.0,0.0
3.6939,0.0,0.0351339,0.0,0.0
3.69444,0.0,0.0351339,0.0,0.0
3.69484,0.0,0.0,0.0,0.0
3.69399,0.0,0.0,0.0,0.0
3.69403,0.0,0.017567,0.0,0.0
3.69398,0.0,0.0,0.0,0.0
3.69518,0.0,0.0351339,0.0,0.0
3.69485,0.0,0.0,0.0,0.0
3.69473,0.0,0.0527009,0.0,0.0
3.69411,0.0,0.0351339,0.0,0.0
3.69456,0.0,0.017567,0.0,0.0
3.69427,0.0,0.017567,0.0,0.0
3.69551,0.0,0.0351339,0.0,0.0
3.69589,0.0,0.017567,0.0,0.0
3.69565,0.0,0.0,0.0,0.0
3.69613,0.0,0.0351339,0.0,0.0
3.69607,0.0,0.0,0.0,0.0
3.69549,0.0,0.0351339,0.0,0.0
3.69605,0.0,0.0351339,0.0,0.0
3.69543,0.0,0.0,0.0,0.0
3.69625,0.0,0.0,0.0,0.0
3.69665,0.0,0.0,0.0,0.0
3.69643,0.0,0.0351339,0.0,0.0
3.69658,0.0,0.017567,0.0,0.0
3.69739,0.0,0.0527009,0.0,0.0
3.69805,0.0,0.0527009,0.0,0.0
3.69758,0.0,0.0878349,0.0,0.0
3.69638,0.0,0.0,0.0,0.0
3.69741,0.0,0.0,0.0,0.0
