analog,analog_sterr,photon_counting,pc_sterr,overflow_info
34.3888,0.195604,168.689,0.926567,0.0
77.5969,0.430874,196.807,0.888663,0.0
291.761,2.2666,112.303,1.35729,0.0
474.287,0.0462955,1.0084,0.135074,0.0
473.457,0.0,0.0336134,0.0237758,0.0
473.457,0.0,0.0672269,0.0334239,0.0
473.457,6.44083e-06,18.1345,0.549944,0.0
473.457,0.0,8.13445,0.419005,0.0
473.457,0.0,4.05042,0.311153,0.0
473.457,0.0,12.4034,0.48413,0.0
473.457,6.44083e-06,40.8067,0.788047,0.0
473.457,0.0,101.445,1.05819,0.0
473.457,0.0,136.034,1.05337,0.0
473.457,0.0,92.6218,1.06509,0.0
473.457,0.0,64.5546,0.960335,0.0
473.457,0.0,55.8151,0.840767,0.0
473.457,0.0,59.6134,0.856962,0.0
473.457,0.0,68.084,0.90348,0.0
473.457,0.0,84.9244,0.966193,0.0
473.457,0.0,102.941,0.946897,0.0
473.457,0.0,112.0,0.936215,0.0
473.457,0.0,130.655,0.9562,0.0
473.457,0.0,151.58,0.971017,0.0
473.457,0.0,170.723,0.957234,0.0
473.457,0.0,186.487,0.930012,0.0
473.457,0.0,195.395,0.904169,0.0
473.457,0.0,203.059,0.908649,0.0
473.457,0.0,202.185,0.91175,0.0
473.457,0.0,202.319,0.895899,0.0
473.457,0.0,203.109,0.906581,0.0
473.457,0.0,201.866,0.903135,0.0
473.457,1.28159e-05,201.008,0.912783,0.0
475.568,0.143887,201.95,0.916574,1.0
484.181,0.252891,201.109,0.896588,1.0
499.26,0.0735724,200.185,0.914162,1.0
500.0,0.0,200.739,0.902791,1.0
500.0,0.0,201.429,0.887629,1.0
499.931,0.017888,200.672,0.905203,1.0
496.409,0.220261,201.966,0.898311,1.0
479.183,0.52449,203.21,0.896933,1.0
436.268,0.616266,202.975,0.872123,1.0
389.138,0.629863,201.782,0.890041,0.0
343.416,0.598145,201.966,0.891764,0.0
298.197,0.579665,202.807,0.887629,0.0
250.085,0.552282,203.479,0.904858,0.0
204.045,0.500132,202.622,0.91175,0.0
163.775,0.446827,203.597,0.901068,0.0
128.528,0.387673,201.025,0.895899,0.0
98.838,0.327787,201.529,0.889697,0.0
75.0257,0.275413,199.866,0.884184,0.0
56.3228,0.226964,198.319,0.877637,0.0
42.4024,0.182379,195.109,0.864887,0.0
32.606,0.145834,193.664,0.881772,0.0
25.8554,0.119976,193.916,0.860752,0.0
21.0787,0.0984262,191.042,0.861442,0.0
17.6488,0.0795671,191.546,0.860408,0.0
15.2059,0.0665882,191.714,0.855928,0.0
13.3473,0.0571787,189.731,0.856617,0.0
11.9827,0.0492249,188.857,0.862475,0.0
10.9758,0.0440135,189.193,0.85455,0.0
10.1478,0.0394465,186.824,0.896244,0.0
9.51628,0.0357243,185.983,0.852138,0.0
9.04319,0.0346178,184.403,0.852827,0.0
8.58769,0.032922,181.782,0.858685,0.0
8.16674,0.0306158,180.891,0.863164,0.0
7.86199,0.029647,179.143,0.850415,0.0
7.59677,0.0293373,177.815,0.86282,0.0
7.37718,0.0284389,174.655,0.872813,0.0
7.25823,0.0276074,175.664,0.856962,0.0
7.17308,0.026739,172.454,0.864543,0.0
7.09928,0.0260415,172.655,0.85834,0.0
7.08763,0.0261995,170.588,0.836287,0.0
7.10014,0.0265203,169.311,0.832842,0.0
7.0665,0.0257564,167.681,0.863164,0.0
7.03835,0.0255505,168.555,0.8387,0.0
7.09005,0.0262538,167.866,0.833531,0.0
7.12967,0.0260457,167.714,0.849726,0.0
7.13829,0.0255765,165.798,0.841456,0.0
7.22299,0.0247551,166.588,0.848348,0.0
7.33919,0.0241073,165.328,0.860063,0.0
7.42685,0.0245814,164.891,0.839389,0.0
7.55389,0.0240448,165.059,0.835943,0.0
7.6838,0.0237218,162.437,0.850071,0.0
7.73035,0.0240102,161.176,0.845591,0.0
7.78092,0.0248477,161.798,0.849726,0.0
7.86743,0.0238238,164.202,0.860752,0.0
7.90453,0.0229473,161.294,0.867299,0.0
7.96155,0.0229587,162.286,0.852827,0.0
8.02867,0.0229174,161.294,0.851793,0.0
8.0551,0.0231221,163.647,0.845246,0.0
8.07939,0.0232005,160.689,0.85076,0.0
8.11887,0.0230569,160.235,0.820092,0.0
8.201,0.022985,160.202,0.860408,0.0
8.26108,0.0229539,159.95,0.849037,0.0
8.26724,0.0221239,160.0,0.853172,0.0
8.23568,0.0222913,158.605,0.846969,0.0
8.19028,0.0218696,158.773,0.850071,0.0
8.16574,0.0225196,157.479,0.851104,0.0
8.1069,0.0218213,156.084,0.869022,0.0
8.03449,0.0218591,157.58,0.854895,0.0
8.03781,0.0213814,156.134,0.864887,0.0
8.03128,0.020671,156.017,0.855928,0.0
8.02116,0.0204336,154.555,0.833186,0.0
8.06033,0.0204512,155.16,0.846625,0.0
8.05311,0.0203848,153.866,0.841456,0.0
8.03514,0.0203079,153.731,0.85834,0.0
8.03779,0.0206488,153.294,0.85076,0.0
8.02172,0.0207194,151.882,0.853861,0.0
7.9931,0.0197766,152.605,0.84628,0.0
7.98269,0.0201855,151.782,0.853172,0.0
7.97531,0.0200102,151.832,0.849381,0.0
7.96171,0.0193781,150.958,0.844902,0.0
7.91585,0.0193556,148.05,0.839389,0.0
7.87584,0.0192729,150.975,0.851104,0.0
7.86156,0.0189771,148.874,0.870401,0.0
7.82062,0.0186314,148.218,0.836632,0.0
7.7901,0.0183101,148.118,0.840422,0.0
7.82142,0.01856,148.555,0.843868,0.0
7.83134,0.0189998,148.622,0.853172,0.0
7.77762,0.0184764,148.151,0.847314,0.0
7.74167,0.0179601,146.487,0.851449,0.0
7.75032,0.018098,145.563,0.851449,0.0
7.7627,0.0183113,145.832,0.860063,0.0
7.75541,0.0176625,144.118,0.825606,0.0
7.71126,0.0174623,144.975,0.860752,0.0
7.67147,0.0175624,144.706,0.835943,0.0
7.67004,0.0177027,143.95,0.856962,0.0
7.66859,0.0176436,142.605,0.843179,0.0
7.63305,0.0173925,142.538,0.845246,0.0
7.59731,0.0166357,140.538,0.853516,0.0
7.58653,0.0166542,142.79,0.835598,0.0
7.56588,0.0168301,140.605,0.839733,0.0
7.52368,0.0166803,139.412,0.841801,0.0
7.50385,0.0165295,139.664,0.859374,0.0
7.47553,0.016378,138.067,0.851793,0.0
7.43021,0.0165038,138.857,0.844213,0.0
7.39065,0.0165664,136.807,0.843179,0.0
7.33614,0.0162603,136.134,0.854895,0.0
7.31228,0.0159977,135.479,0.854205,0.0
7.27751,0.0159896,134.387,0.863854,0.0
7.21817,0.0162768,133.378,0.844902,0.0
7.1777,0.0155413,134.134,0.858685,0.0
7.14035,0.0147237,132.454,0.842145,0.0
7.08642,0.0148489,131.412,0.845246,0.0
7.02466,0.0149739,132.101,0.835254,0.0
6.98504,0.0145982,129.613,0.843179,0.0
6.95851,0.0144145,130.084,0.868678,0.0
6.93502,0.0144204,129.563,0.856962,0.0
6.89304,0.0140979,127.294,0.83801,0.0
6.84982,0.0143303,128.034,0.85076,0.0
6.81688,0.0138663,127.832,0.853861,0.0
6.7892,0.013626,125.664,0.835598,0.0
6.76314,0.0137988,123.563,0.846625,0.0
6.7288,0.0138546,122.605,0.854205,0.0
6.67926,0.0136888,124.555,0.845936,0.0
6.60802,0.0134535,120.538,0.840078,0.0
6.54671,0.0131342,118.706,0.873846,0.0
6.50054,0.0131344,120.353,0.857307,0.0
6.44769,0.0131021,117.815,0.856962,0.0
6.40424,0.0126816,118.706,0.861097,0.0
6.35372,0.0124242,115.849,0.870745,0.0
6.28141,0.0123978,113.513,0.847658,0.0
6.2277,0.0123954,114.134,0.875569,0.0
6.20783,0.0120131,111.765,0.84249,0.0
6.17824,0.0119694,112.151,0.849726,0.0
6.11731,0.0116921,110.218,0.85455,0.0
6.06719,0.0114868,108.588,0.847658,0.0
6.07393,0.0114715,109.697,0.85903,0.0
6.08191,0.011735,108.739,0.862131,0.0
6.0364,0.0114293,107.782,0.828362,0.0
5.94844,0.0114254,104.067,0.840078,0.0
5.87152,0.0108258,103.042,0.871779,0.0
5.85977,0.0110083,103.042,0.828018,0.0
5.83634,0.0105849,101.395,0.852483,0.0
5.73889,0.0107242,96.2353,0.855928,0.0
5.64148,0.0104719,94.7899,0.855928,0.0
5.56228,0.00995536,91.1261,0.846625,0.0
5.47859,0.0095789,89.916,0.836287,0.0
5.4338,0.00922229,89.6975,0.840422,0.0
5.41439,0.00929774,87.7815,0.843179,0.0
5.3631,0.00902689,86.084,0.827328,0.0
5.30264,0.00896577,83.7479,0.845936,0.0
5.26748,0.00865234,83.1429,0.813545,0.0
5.23099,0.00841863,79.8992,0.819059,0.0
5.19869,0.00844781,80.2353,0.831808,0.0
5.18915,0.00822645,79.1429,0.798729,0.0
5.17628,0.00828672,78.4202,0.835943,0.0
5.16367,0.00801627,75.6639,0.833875,0.0
5.15493,0.00793412,75.7815,0.816647,0.0
5.14586,0.00787845,76.5882,0.822504,0.0
5.14493,0.00804348,75.0924,0.824572,0.0
5.14284,0.0078358,75.1261,0.819059,0.0
5.13465,0.00801193,73.4286,0.809755,0.0
5.12602,0.0080655,74.9076,0.835943,0.0
5.12583,0.00793852,74.3529,0.815268,0.0
5.11901,0.00780819,74.2017,0.801141,0.0
5.09951,0.00761668,73.2269,0.819403,0.0
5.08782,0.00759151,71.1933,0.834565,0.0
5.0746,0.00766314,72.0168,0.804931,0.0
5.04932,0.00751146,70.8739,0.793215,0.0
5.02484,0.00755832,68.9412,0.811823,0.0
5.00665,0.00757094,68.9916,0.823883,0.0
4.98431,0.00717995,66.7731,0.818714,0.0
4.949,0.00715366,64.8571,0.800796,0.0
4.91521,0.00721702,64.7227,0.807343,0.0
4.89572,0.00707276,63.8824,0.795283,0.0
4.87496,0.00685909,60.605,0.780466,0.0
4.84837,0.00676149,60.0336,0.77323,0.0
4.83002,0.00662538,58.8235,0.778743,0.0
4.81843,0.00656281,57.6975,0.773575,0.0
4.80058,0.00646988,56.521,0.76117,0.0
4.78561,0.0064035,57.6807,0.790803,0.0
4.76989,0.00641014,55.2437,0.772196,0.0
4.75353,0.00612273,55.0252,0.77323,0.0
4.74944,0.00637951,54.9748,0.779777,0.0
4.72143,0.00619772,51.2101,0.760825,0.0
4.69333,0.0061136,51.5798,0.748076,0.0
4.69054,0.00590335,51.5294,0.74842,0.0
4.68113,0.00586615,50.3529,0.737049,0.0
4.66953,0.00577191,49.4958,0.747387,0.0
4.66596,0.00580726,50.2353,0.755657,0.0
4.64962,0.00572334,47.6639,0.74463,0.0
4.63465,0.00584683,48.2017,0.727401,0.0
4.63168,0.00575587,47.479,0.730158,0.0
4.625,0.00555127,48.2353,0.747042,0.0
4.62136,0.00569744,46.4874,0.737394,0.0
4.61783,0.00568344,46.1849,0.733604,0.0
4.60666,0.00556586,45.563,0.713274,0.0
4.58684,0.00556869,44.6891,0.731881,0.0
4.57341,0.00547155,43.8487,0.699491,0.0
4.55432,0.00542942,42.8067,0.693288,0.0
4.5314,0.00517278,42.7563,0.720165,0.0
4.52263,0.00509319,40.1849,0.686052,0.0
4.51051,0.00505625,40.2857,0.713618,0.0
4.49358,0.0050577,38.8571,0.6957,0.0
4.48352,0.00498165,38.6387,0.6957,0.0
4.47419,0.00485152,37.8992,0.685707,0.0
4.46222,0.00490956,36.9076,0.666067,0.0
4.45078,0.00475734,35.5462,0.683985,0.0
4.43916,0.00468393,36.084,0.669857,0.0
4.4342,0.00469977,35.2773,0.662621,0.0
4.43236,0.0046025,35.2437,0.67537,0.0
4.42462,0.00468472,34.7563,0.654351,0.0
4.41974,0.00464279,34.1849,0.655385,0.0
4.40473,0.00454368,32.9916,0.650561,0.0
4.37456,0.00437017,30.4874,0.649182,0.0
4.36308,0.00440421,30.605,0.624717,0.0
4.37032,0.00440152,30.3193,0.624717,0.0
4.3593,0.00437615,31.2437,0.646426,0.0
4.34553,0.00437339,30.2857,0.632987,0.0
4.34069,0.00429492,28.8739,0.628163,0.0
4.33559,0.00415591,29.0756,0.624717,0.0
4.32989,0.00431799,29.0252,0.645047,0.0
4.31837,0.00426041,27.3109,0.631264,0.0
4.30899,0.00409236,26.9244,0.61059,0.0
4.30766,0.00401514,28.1513,0.611624,0.0
4.30425,0.00397932,27.1933,0.591638,0.0
4.29357,0.00394948,26.4706,0.605766,0.0
4.28134,0.00376513,25.7479,0.585091,0.0
4.27126,0.00372642,24.5882,0.585091,0.0
4.2632,0.00381764,24.4706,0.578889,0.0
4.26295,0.00389342,24.437,0.584747,0.0
4.26022,0.00376907,23.3445,0.575098,0.0
4.25207,0.00377965,24.1681,0.575788,0.0
4.24493,0.00379043,23.3277,0.580956,0.0
4.23877,0.00369829,22.5882,0.554768,0.0
4.23391,0.00360949,22.9916,0.570619,0.0
4.22846,0.0035909,21.8655,0.555802,0.0
4.22049,0.0035002,21.7647,0.5496,0.0
4.2195,0.0034881,21.8992,0.566484,0.0
4.21987,0.00349606,21.9832,0.550289,0.0
4.2128,0.0034952,20.8235,0.547188,0.0
4.20319,0.00341358,20.7731,0.536506,0.0
4.20054,0.00338512,20.7227,0.535817,0.0
4.1956,0.00335226,19.7479,0.537195,0.0
4.18868,0.00344532,19.7143,0.540641,0.0
4.18371,0.00338407,19.4454,0.529614,0.0
4.17935,0.00329015,19.2605,0.528581,0.0
4.17929,0.00327858,20.0672,0.518243,0.0
4.18408,0.00336829,20.8571,0.554079,0.0
4.1752,0.00333004,18.7731,0.523756,0.0
4.1631,0.00326984,18.1681,0.526169,0.0
4.16595,0.00330382,18.958,0.523756,0.0
4.16501,0.00324578,17.7815,0.511007,0.0
4.15808,0.00324776,17.5798,0.507217,0.0
4.15469,0.00314398,17.6134,0.502048,0.0
4.15201,0.00314976,17.6975,0.510318,0.0
4.15011,0.00311473,18.1849,0.51652,0.0
4.14407,0.00319137,17.3445,0.499292,0.0
4.14015,0.00314608,17.7479,0.506872,0.0
4.14096,0.00317921,17.3445,0.494812,0.0
4.13778,0.00314405,17.3277,0.502737,0.0
4.13069,0.00304408,16.7563,0.491711,0.0
4.12514,0.00298717,16.8067,0.491711,0.0
4.12059,0.00305617,16.2353,0.490677,0.0
4.12028,0.00307083,15.6134,0.490333,0.0
4.12224,0.00301589,17.1429,0.515142,0.0
4.11678,0.00304034,15.8151,0.48413,0.0
4.10481,0.00297146,15.395,0.478272,0.0
4.10202,0.00295831,15.1597,0.478617,0.0
4.10583,0.00297159,15.4622,0.479651,0.0
4.10543,0.00298454,14.6723,0.468969,0.0
4.10534,0.00300609,15.9664,0.494812,0.0
4.10152,0.00295391,14.521,0.466557,0.0
4.09928,0.00296515,15.5798,0.478962,0.0
4.10019,0.00294655,15.3613,0.489299,0.0
4.09364,0.00290751,15.3445,0.47586,0.0
4.08704,0.00287603,14.084,0.452085,0.0
4.08407,0.0028805,14.0504,0.46828,0.0
4.08122,0.00281859,14.7395,0.477928,0.0
4.07846,0.00281767,14.0,0.454152,0.0
4.07713,0.00278987,13.9496,0.466557,0.0
4.07372,0.00277416,14.4202,0.462422,0.0
4.07073,0.0027737,13.7143,0.459665,0.0
4.06964,0.00273564,13.9328,0.454841,0.0
4.06721,0.00277225,13.6975,0.456564,0.0
4.06523,0.0027528,13.5462,0.458287,0.0
4.06094,0.00272546,13.042,0.437957,0.0
4.05352,0.00258908,12.3361,0.434856,0.0
4.05141,0.00264843,13.6975,0.454841,0.0
4.05536,0.00272092,12.7731,0.445882,0.0
4.05469,0.0027549,13.6471,0.466901,0.0
4.0521,0.00275806,13.1765,0.45174,0.0
4.04946,0.00269713,12.7227,0.448639,0.0
4.0415,0.00263042,12.3866,0.435545,0.0
4.03465,0.00268694,12.437,0.431755,0.0
4.03532,0.00257666,11.563,0.420383,0.0
4.03968,0.00263437,12.3193,0.440714,0.0
4.039,0.00262116,11.9496,0.42693,0.0
4.03412,0.00269608,12.4706,0.443815,0.0
4.03344,0.00257554,12.2185,0.426241,0.0
4.03126,0.00255497,11.1429,0.413837,0.0
4.02874,0.00257804,11.916,0.431065,0.0
4.0271,0.0025417,12.0,0.427275,0.0
4.02569,0.00258258,12.1345,0.42762,0.0
4.02382,0.00251869,11.3109,0.411424,0.0
4.01545,0.00244706,10.6891,0.410391,0.0
4.01505,0.00250128,11.7143,0.416938,0.0
4.01696,0.00250798,11.1261,0.412458,0.0
4.01259,0.00253598,11.3445,0.424518,0.0
4.01387,0.00259809,11.7647,0.425897,0.0
4.01703,0.002609,12.4538,0.430721,0.0
4.01005,0.00250226,10.9916,0.408323,0.0
4.00584,0.00246861,11.0084,0.415559,0.0
4.00756,0.00249037,10.4034,0.403499,0.0
4.00219,0.00245606,11.042,0.418316,0.0
4.00087,0.00243693,10.2689,0.411769,0.0
4.0037,0.00236181,10.9412,0.405911,0.0
4.00293,0.00253368,10.9244,0.406256,0.0
3.99943,0.00251712,11.0252,0.412803,0.0
3.99419,0.00240651,10.4202,0.397986,0.0
3.99227,0.00239803,10.2689,0.400053,0.0
3.99134,0.00241459,9.94958,0.395919,0.0
3.98566,0.00244272,10.084,0.388682,0.0
3.98199,0.00242846,9.76471,0.387304,0.0
3.98148,0.00243187,10.1008,0.393851,0.0
3.97958,0.00234624,9.63025,0.385926,0.0
3.97899,0.00229359,8.87395,0.371798,0.0
3.98118,0.00232356,9.94958,0.395919,0.0
3.98047,0.00229425,9.41176,0.374555,0.0
3.97967,0.00231508,9.4958,0.379379,0.0
3.98017,0.00240171,9.93277,0.396608,0.0
3.97817,0.00239987,9.68067,0.395229,0.0
3.97467,0.00234486,9.88235,0.404533,0.0
3.97046,0.00232475,9.54622,0.385581,0.0
3.968,0.00228663,9.47899,0.379034,0.0
3.96721,0.00237292,9.37815,0.390405,0.0
3.96184,0.00225712,9.12605,0.373176,0.0
3.95867,0.00224739,8.90756,0.372143,0.0
3.96218,0.00226947,9.10924,0.375244,0.0
3.96031,0.00223083,9.12605,0.37042,0.0
3.9551,0.00221446,8.40336,0.363184,0.0
3.95689,0.00216169,9.04202,0.373176,0.0
3.96044,0.00223563,8.52101,0.362495,0.0
3.95882,0.00224667,9.12605,0.380068,0.0
3.95762,0.00225994,9.14286,0.384548,0.0
3.95665,0.00224128,8.7395,0.366974,0.0
3.95517,0.00221262,9.12605,0.375589,0.0
3.94916,0.00216208,7.98319,0.351124,0.0
3.94539,0.002154,8.62185,0.360772,0.0
3.94978,0.00220605,8.9916,0.364562,0.0
3.94854,0.00224424,8.31933,0.363528,0.0
3.94241,0.00216833,8.38655,0.363873,0.0
3.94146,0.00217437,8.30252,0.361116,0.0
3.93732,0.00209761,7.47899,0.344577,0.0
3.93493,0.00220263,7.57983,0.343543,0.0
3.93687,0.00213842,7.89916,0.352157,0.0
3.9373,0.00211706,8.15126,0.361461,0.0
3.93786,0.00211286,8.26891,0.361461,0.0
3.93487,0.00206928,7.19328,0.337341,0.0
3.93448,0.00208749,7.69748,0.345955,0.0
3.9385,0.00215262,8.10084,0.360772,0.0
3.93323,0.00209846,7.04202,0.331483,0.0
3.92652,0.00206442,7.36134,0.342509,0.0
3.92965,0.00208269,7.59664,0.349401,0.0
3.92909,0.00209524,8.08403,0.361116,0.0
3.92608,0.00209347,8.30252,0.361116,0.0
3.92327,0.00209071,7.36134,0.344232,0.0
3.92002,0.00207388,6.68908,0.332516,0.0
3.91949,0.00200238,7.57983,0.344232,0.0
3.92351,0.00208992,7.47899,0.334584,0.0
3.92442,0.00211995,7.81513,0.359738,0.0
3.92142,0.00197287,6.80672,0.332861,0.0
3.92112,0.00203182,8.01681,0.352502,0.0
3.92199,0.00204707,7.07563,0.332172,0.0
3.92029,0.00202492,7.78151,0.346644,0.0
3.91992,0.00206862,7.66387,0.349745,0.0
3.91732,0.0020566,6.85714,0.331138,0.0
3.91151,0.00202801,7.2437,0.338374,0.0
3.90817,0.00199009,6.84034,0.329071,0.0
3.90745,0.00200382,7.10924,0.33355,0.0
3.90503,0.00196675,7.09244,0.333206,0.0
3.90633,0.0020033,7.04202,0.331483,0.0
3.90869,0.00198575,7.44538,0.342165,0.0
3.90673,0.00198739,6.67227,0.330449,0.0
3.90547,0.00204615,7.21008,0.338719,0.0
3.90642,0.00200928,6.7563,0.325969,0.0
3.9057,0.00200362,6.89076,0.339408,0.0
3.90539,0.00200816,6.77311,0.328037,0.0
3.90903,0.00203438,7.31092,0.335273,0.0
3.90954,0.00208578,7.27731,0.340442,0.0
3.90113,0.0019569,6.82353,0.335618,0.0
3.89946,0.00196892,6.87395,0.322868,0.0
3.90071,0.00196643,6.68908,0.329071,0.0
3.89729,0.00201749,6.97479,0.339753,0.0
3.89638,0.00196261,6.57143,0.323557,0.0
3.89623,0.00197004,6.57143,0.324591,0.0
3.89447,0.00192666,6.45378,0.318044,0.0
3.89286,0.00193573,6.78992,0.323213,0.0
3.89299,0.00191621,6.10084,0.315288,0.0
3.89167,0.00186738,5.91597,0.303572,0.0
3.89203,0.00195683,6.18487,0.325625,0.0
3.89322,0.00193928,6.30252,0.32149,0.0
3.89213,0.00192679,6.15126,0.309085,0.0
3.89014,0.0018919,5.68067,0.303572,0.0
3.88825,0.00183984,5.98319,0.315632,0.0
3.88651,0.0018871,6.58824,0.325625,0.0
3.88515,0.00181336,5.69748,0.303917,0.0
3.88327,0.00184596,6.30252,0.311842,0.0
3.88256,0.00184747,6.13445,0.310464,0.0
3.87891,0.00185903,5.83193,0.305639,0.0
3.87877,0.00187205,6.23529,0.312186,0.0
3.88122,0.00188565,6.18487,0.31322,0.0
3.88074,0.00190826,5.98319,0.30943,0.0
3.88032,0.00186968,5.64706,0.298059,0.0
3.88045,0.00184727,6.18487,0.311497,0.0
3.88032,0.00183222,6.0,0.305984,0.0
3.87982,0.00178424,5.63025,0.293924,0.0
3.87664,0.00177918,5.27731,0.287377,0.0
3.87504,0.00188276,5.12605,0.292201,0.0
3.87533,0.00187165,5.68067,0.304606,0.0
3.8756,0.0018313,5.61345,0.298403,0.0
3.87062,0.00177235,5.54622,0.303572,0.0
3.87051,0.0017759,5.29412,0.29289,0.0
3.87073,0.00179949,5.54622,0.295302,0.0
3.86956,0.00178378,5.36134,0.295302,0.0
3.86803,0.00176084,5.42857,0.290823,0.0
3.86723,0.00176479,5.71429,0.299437,0.0
3.86853,0.00174402,5.44538,0.293924,0.0
3.87054,0.00183025,5.46218,0.301849,0.0
3.87071,0.0017801,5.73109,0.308052,0.0
3.86692,0.00178385,5.47899,0.29668,0.0
3.86896,0.00182019,5.56303,0.293579,0.0
3.8672,0.00179502,5.05882,0.28462,0.0
3.86284,0.00179633,5.15966,0.289789,0.0
3.8629,0.00176597,5.36134,0.305639,0.0
3.86368,0.00177327,5.36134,0.295302,0.0
3.86092,0.00180435,5.04202,0.284276,0.0
3.85765,0.00175158,4.89076,0.282897,0.0
3.85874,0.00169499,4.97479,0.285999,0.0
3.86081,0.00176098,5.02521,0.278073,0.0
3.85899,0.00175841,5.29412,0.297714,0.0
3.85854,0.00170603,4.80672,0.27704,0.0
3.85941,0.00178306,5.22689,0.295991,0.0
3.85895,0.00172351,5.27731,0.289444,0.0
3.85797,0.00176637,5.31092,0.290134,0.0
3.85911,0.00172969,5.56303,0.298403,0.0
3.85883,0.00175624,5.0084,0.286688,0.0
3.85415,0.00172181,4.53782,0.272905,0.0
3.85439,0.00170925,5.15966,0.291856,0.0
3.85682,0.00175986,5.31092,0.294958,0.0
3.8541,0.00175362,4.82353,0.277384,0.0
3.8516,0.00174882,4.7563,0.276006,0.0
3.85134,0.00172489,5.22689,0.295302,0.0
3.85002,0.00166325,4.42017,0.267736,0.0
3.85009,0.00175828,5.07563,0.2891,0.0
3.85289,0.00171872,5.31092,0.290134,0.0
3.85056,0.00170084,5.12605,0.2891,0.0
3.84918,0.00176058,4.84034,0.284965,0.0
3.84882,0.00163577,4.80672,0.276006,0.0
3.84767,0.00164596,4.7395,0.273594,0.0
3.84899,0.00169052,4.77311,0.27635,0.0
3.8495,0.00170399,4.78992,0.28462,0.0
3.84776,0.00169736,4.92437,0.28462,0.0
3.84703,0.00168447,4.62185,0.274628,0.0
3.84657,0.00173495,4.53782,0.276006,0.0
3.84514,0.00167968,4.68908,0.278418,0.0
3.84499,0.00168125,4.7563,0.270837,0.0
3.84051,0.0015966,4.21849,0.263946,0.0
3.83972,0.00161376,4.28571,0.264635,0.0
3.84147,0.001657,4.57143,0.269459,0.0
3.84208,0.00161639,4.26891,0.260845,0.0
3.83914,0.00159233,4.26891,0.261878,0.0
3.84,0.00158661,4.48739,0.269459,0.0
3.83972,0.00160475,4.36975,0.263601,0.0
3.83975,0.0015943,4.28571,0.263601,0.0
3.84027,0.00161593,4.33613,0.262567,0.0
3.84198,0.00161652,4.53782,0.271871,0.0
3.84039,0.00161671,4.48739,0.270493,0.0
3.83996,0.00164714,4.36975,0.267736,0.0
3.83878,0.0016457,4.57143,0.278762,0.0
3.83755,0.00161816,4.62185,0.272905,0.0
3.83372,0.00165424,3.93277,0.25223,0.0
3.83067,0.00160298,4.42017,0.271182,0.0
3.83289,0.0015901,4.2521,0.264635,0.0
3.83447,0.00160304,4.08403,0.257399,0.0
3.83296,0.00167672,4.33613,0.269114,0.0
3.83446,0.00162276,4.62185,0.272905,0.0
3.83468,0.0016223,4.15126,0.259122,0.0
3.83145,0.00154245,3.57983,0.244649,0.0
3.83161,0.00157235,4.11765,0.259122,0.0
3.83303,0.00157491,4.45378,0.26877,0.0
3.8337,0.00157814,3.68067,0.245339,0.0
3.83391,0.0015995,4.45378,0.26877,0.0
3.83397,0.00157189,4.21849,0.259466,0.0
3.832,0.0016223,4.18487,0.265324,0.0
3.83089,0.00158536,3.98319,0.25223,0.0
3.82907,0.00156157,4.10084,0.254298,0.0
3.82893,0.00163012,4.31933,0.26429,0.0
3.82904,0.0016175,4.30252,0.266013,0.0
3.82634,0.00160101,3.91597,0.25602,0.0
3.82688,0.00159384,4.26891,0.267391,0.0
3.82818,0.00160186,4.35294,0.261878,0.0
3.82588,0.00156354,3.66387,0.241204,0.0
3.82754,0.00160245,4.42017,0.26877,0.0
3.82997,0.0015832,4.31933,0.265324,0.0
3.82919,0.00163991,4.2521,0.264635,0.0
3.8295,0.00161395,4.70588,0.275661,0.0
3.82903,0.0016338,4.31933,0.276006,0.0
3.82612,0.00166417,4.45378,0.26877,0.0
3.82504,0.00155106,3.66387,0.242582,0.0
3.82544,0.00157873,4.36975,0.263601,0.0
3.82551,0.00156604,4.26891,0.260845,0.0
3.82369,0.00160541,4.35294,0.262912,0.0
3.82295,0.0015479,3.88235,0.257399,0.0
3.82287,0.0015502,3.93277,0.251196,0.0
3.82517,0.00160699,4.28571,0.264635,0.0
3.82712,0.00165234,4.35294,0.266358,0.0
3.82459,0.00157386,4.08403,0.259466,0.0
3.82276,0.00154961,3.64706,0.243271,0.0
3.82155,0.00154823,4.15126,0.260155,0.0
3.82188,0.00160758,4.06723,0.260155,0.0
3.8218,0.0015575,4.11765,0.261534,0.0
3.82265,0.00162513,4.01681,0.257743,0.0
3.82035,0.0015809,3.93277,0.25223,0.0
3.81746,0.00147239,3.76471,0.247751,0.0
3.8199,0.00151241,4.11765,0.254987,0.0
3.8211,0.00154961,4.08403,0.258432,0.0
3.81814,0.00151977,3.89916,0.246717,0.0
3.81896,0.00154278,4.08403,0.253953,0.0
3.81867,0.00155125,3.79832,0.251886,0.0
3.81824,0.00153463,3.73109,0.247751,0.0
3.81887,0.0015391,4.03361,0.259122,0.0
3.81879,0.00151787,3.94958,0.25602,0.0
3.81638,0.00150742,3.81513,0.251196,0.0
3.81737,0.00153561,4.08403,0.252919,0.0
3.81914,0.00156887,3.61345,0.244649,0.0
3.81812,0.00156775,4.21849,0.264979,0.0
3.81694,0.00160666,4.30252,0.267047,0.0
3.81626,0.00151787,3.7479,0.247061,0.0
3.81624,0.00154672,3.93277,0.25223,0.0
3.81458,0.00151392,3.86555,0.253608,0.0
3.81402,0.0015408,3.66387,0.250507,0.0
3.81608,0.00151655,3.98319,0.249129,0.0
3.81664,0.00158438,4.05042,0.251886,0.0
3.81605,0.00155467,3.84874,0.249818,0.0
3.81487,0.00157123,3.7479,0.249473,0.0
3.81456,0.00155257,3.89916,0.247751,0.0
3.81474,0.00154258,3.61345,0.243271,0.0
3.81464,0.00150065,3.78151,0.248095,0.0
3.81461,0.00154488,4.13445,0.261878,0.0
3.81316,0.00151905,3.39496,0.233278,0.0
3.81089,0.00153903,3.76471,0.245339,0.0
3.81173,0.00152825,3.46218,0.235346,0.0
3.81226,0.00153272,3.7479,0.248095,0.0
3.81265,0.00155375,3.76471,0.249818,0.0
3.8118,0.00148113,3.64706,0.240859,0.0
3.8111,0.0014902,3.78151,0.245683,0.0
3.81108,0.00150071,3.64706,0.243271,0.0
3.81055,0.00152181,3.89916,0.255676,0.0
3.81138,0.0015178,3.66387,0.242582,0.0
3.81192,0.00158569,3.78151,0.251541,0.0
3.81018,0.00152359,3.61345,0.242237,0.0
3.81086,0.00146424,3.36134,0.235001,0.0
3.80998,0.00145819,3.46218,0.235346,0.0
3.80881,0.00146812,3.66387,0.242582,0.0
3.81,0.00150163,3.63025,0.242582,0.0
3.8093,0.00150091,3.69748,0.250163,0.0
3.80759,0.00147745,3.44538,0.239825,0.0
3.80889,0.00151458,3.68067,0.240514,0.0
3.81057,0.00144518,3.52941,0.243271,0.0
3.80739,0.00147206,3.2605,0.230522,0.0
3.80604,0.00148908,3.96639,0.250852,0.0
3.80908,0.00154126,3.76471,0.244305,0.0
3.81037,0.00155093,3.81513,0.251196,0.0
3.80814,0.00148941,3.4958,0.23638,0.0
3.80612,0.00152897,3.68067,0.248784,0.0
3.8068,0.00152759,3.47899,0.239481,0.0
3.80873,0.00152523,3.52941,0.238447,0.0
3.80932,0.00147042,3.81513,0.249129,0.0
3.80943,0.00153936,4.10084,0.255331,0.0
3.80831,0.00157235,3.91597,0.250507,0.0
3.80561,0.00151701,3.47899,0.237069,0.0
3.80516,0.00152865,3.41176,0.241204,0.0
3.80474,0.00147929,3.76471,0.241893,0.0
3.80408,0.00149756,3.51261,0.239136,0.0
3.80326,0.00149519,3.61345,0.245683,0.0
3.80499,0.00149132,3.36134,0.236035,0.0
3.80653,0.00149401,4.08403,0.253953,0.0
3.80758,0.00152477,3.59664,0.24396,0.0
3.80714,0.00149072,3.96639,0.256365,0.0
3.80623,0.00149362,4.01681,0.25671,0.0
3.80836,0.00156243,3.88235,0.254298,0.0
3.80728,0.00152267,3.7479,0.251541,0.0
3.80611,0.00152444,3.78151,0.253608,0.0
3.80615,0.00154757,3.63025,0.241548,0.0
3.80659,0.00155296,3.83193,0.24844,0.0
3.80857,0.0015711,4.11765,0.261534,0.0
3.80665,0.00152838,3.42857,0.233278,0.0
3.80321,0.00150025,3.59664,0.24396,0.0
3.80506,0.00154304,3.88235,0.247406,0.0
3.80639,0.0015293,3.54622,0.24017,0.0
3.80371,0.00152543,3.61345,0.244649,0.0
3.80377,0.00146062,3.34454,0.23569,0.0
3.80642,0.00154218,4.23529,0.263257,0.0
3.81043,0.0016363,3.76471,0.247751,0.0
3.80795,0.00154311,4.08403,0.259466,0.0
3.80577,0.00155178,4.2521,0.2605,0.0
3.80626,0.00152759,4.06723,0.255676,0.0
3.80562,0.00154928,3.78151,0.247061,0.0
3.8068,0.0016087,4.15126,0.259122,0.0
3.80884,0.00156834,4.40336,0.268425,0.0
3.80742,0.00155112,4.01681,0.261878,0.0
3.80416,0.00154324,3.57983,0.24017,0.0
3.80668,0.001518,3.88235,0.244994,0.0
3.81345,0.00166463,4.85714,0.280141,0.0
3.81039,0.00160502,4.30252,0.258432,0.0
3.80481,0.00157794,4.35294,0.271526,0.0
3.80992,0.00158063,4.16807,0.258432,0.0
3.81096,0.00162118,4.45378,0.261189,0.0
3.80964,0.00165628,4.35294,0.260845,0.0
3.80783,0.00156966,4.36975,0.266702,0.0
3.80932,0.00158379,4.33613,0.2605,0.0
3.81133,0.00160995,4.57143,0.270493,0.0
3.81195,0.00164728,4.63866,0.27635,0.0
3.8126,0.00167527,4.55462,0.273249,0.0
3.81392,0.00170945,4.7395,0.27635,0.0
3.81528,0.00168106,4.9916,0.282208,0.0
3.81617,0.00170767,4.9916,0.283242,0.0
3.81379,0.00169065,4.63866,0.272216,0.0
3.8146,0.00170255,4.89076,0.28083,0.0
3.81607,0.00170965,5.2437,0.292546,0.0
3.81581,0.00174777,4.92437,0.28083,0.0
3.8161,0.00178069,4.72269,0.27704,0.0
3.81792,0.00179601,5.12605,0.285309,0.0
3.81861,0.0017826,5.57983,0.295991,0.0
3.81527,0.0017801,5.05882,0.282897,0.0
3.81628,0.00180488,5.88235,0.302883,0.0
3.81631,0.00175986,5.19328,0.288755,0.0
3.81455,0.00180271,5.10924,0.279796,0.0
3.8176,0.00190044,5.37815,0.294613,0.0
3.81923,0.0018775,5.41176,0.295302,0.0
3.81548,0.00187744,5.39496,0.293924,0.0
3.80884,0.0017753,4.62185,0.276695,0.0
3.79937,0.00161041,3.4958,0.242237,0.0
3.79335,0.00158444,3.29412,0.235346,0.0
3.79245,0.00157045,3.10924,0.229488,0.0
3.79017,0.00144636,3.19328,0.232245,0.0
3.7838,0.00132109,2.11765,0.189517,0.0
3.78003,0.00129894,2.06723,0.187794,0.0
3.77924,0.00122073,1.91597,0.179869,0.0
3.77593,0.00118722,1.79832,0.173322,0.0
3.77578,0.0011487,1.29412,0.147134,0.0
3.7768,0.00109599,1.64706,0.164708,0.0
3.77481,0.00104539,1.34454,0.149546,0.0
3.77395,0.0010954,1.34454,0.151614,0.0
3.77405,0.0010676,1.14286,0.136797,0.0
3.77246,0.00104499,1.44538,0.152992,0.0
3.77268,0.00108778,1.31092,0.147823,0.0
3.77295,0.00109488,1.34454,0.147823,0.0
3.77078,0.00100727,1.0084,0.130595,0.0
3.76993,0.000998592,0.957983,0.125426,0.0
3.76837,0.000992808,0.857143,0.123358,0.0
3.76737,0.000959092,0.991597,0.129561,0.0
3.76768,0.000932343,0.87395,0.119913,0.0
3.76816,0.000937995,0.941176,0.12646,0.0
3.76687,0.000965928,0.689076,0.109231,0.0
3.76732,0.000952454,0.689076,0.106819,0.0
3.76685,0.000936418,0.789916,0.114055,0.0
3.76629,0.000951666,0.756303,0.114055,0.0
3.76694,0.000912232,0.806723,0.117845,0.0
3.76659,0.00092702,0.655462,0.104062,0.0
3.76486,0.000934775,0.705882,0.110609,0.0
3.76454,0.000948248,0.689076,0.106819,0.0
3.76405,0.000888178,0.487395,0.0899345,0.0
3.76335,0.000880225,0.521008,0.0930357,0.0
3.76454,0.000885089,0.722689,0.109231,0.0
3.76359,0.000892252,0.436975,0.0851104,0.0
3.76436,0.000898299,0.672269,0.113021,0.0
3.76466,0.000906646,0.672269,0.10544,0.0
3.76428,0.000882,0.605042,0.0999272,0.0
3.76522,0.000871484,0.722689,0.109231,0.0
3.76492,0.000865766,0.588235,0.0985489,0.0
3.76371,0.000888835,0.487395,0.0899345,0.0
3.76482,0.000915124,0.756303,0.111643,0.0
3.76485,0.000916767,0.571429,0.0971706,0.0
3.76267,0.000864057,0.453782,0.0868333,0.0
3.76289,0.000865043,0.487395,0.0899345,0.0
3.76499,0.000891069,0.705882,0.107852,0.0
3.76302,0.000883774,0.504202,0.0916574,0.0
3.76254,0.000858142,0.571429,0.0971706,0.0
3.76272,0.000871024,0.605042,0.0999272,0.0
3.76303,0.00088154,0.638655,0.102684,0.0
3.7627,0.000893304,0.655462,0.104062,0.0
3.76293,0.000895276,0.470588,0.0885562,0.0
3.76397,0.000904411,0.672269,0.10544,0.0
3.76282,0.000891858,0.470588,0.0947586,0.0
3.76172,0.000850453,0.453782,0.0868333,0.0
3.76279,0.000859522,0.605042,0.0999272,0.0
3.76379,0.000873653,0.487395,0.0899345,0.0
3.76255,0.000880619,0.722689,0.109231,0.0
3.76236,0.000868132,0.554622,0.0957923,0.0
3.76166,0.000868987,0.521008,0.0961369,0.0
3.76208,0.000869118,0.655462,0.104062,0.0
3.76107,0.000866883,0.655462,0.104062,0.0
3.76138,0.000843486,0.470588,0.0885562,0.0
3.76135,0.000861823,0.487395,0.0899345,0.0
3.76173,0.000872601,0.621849,0.101306,0.0
3.76253,0.000865306,0.504202,0.0916574,0.0
3.76226,0.000874442,0.537815,0.094414,0.0
3.76357,0.000899219,0.773109,0.113021,0.0
3.76387,0.000893633,0.571429,0.100272,0.0
3.76125,0.000854988,0.470588,0.0885562,0.0
3.76135,0.000853082,0.588235,0.0985489,0.0
3.76082,0.000837374,0.420168,0.0837321,0.0
3.76079,0.000814897,0.537815,0.094414,0.0
3.76073,0.000849993,0.420168,0.0837321,0.0
3.76085,0.000863992,0.554622,0.0957923,0.0
3.76026,0.000867146,0.453782,0.0868333,0.0
3.76037,0.000858997,0.537815,0.094414,0.0
3.76111,0.0008866,0.571429,0.0971706,0.0
3.76118,0.000850518,0.470588,0.0916574,0.0
3.76015,0.000818051,0.453782,0.0899345,0.0
3.76001,0.000844406,0.504202,0.0916574,0.0
3.76114,0.000855053,0.436975,0.0851104,0.0
3.76223,0.000866686,0.537815,0.094414,0.0
3.76193,0.000875427,0.638655,0.102684,0.0
3.76114,0.000860771,0.504202,0.0916574,0.0
3.76098,0.000858734,0.537815,0.094414,0.0
3.76152,0.00086248,0.605042,0.0999272,0.0
3.76133,0.000890609,0.689076,0.109231,0.0
3.76024,0.00086616,0.403361,0.0820092,0.0
3.7588,0.000855842,0.571429,0.0971706,0.0
3.76024,0.000906974,0.672269,0.10544,0.0
3.75997,0.000865306,0.621849,0.101306,0.0
3.75912,0.000828107,0.352941,0.0768406,0.0
3.7594,0.000844538,0.504202,0.0916574,0.0
3.76042,0.00086156,0.504202,0.094414,0.0
3.76086,0.000850124,0.302521,0.0709828,0.0
3.76049,0.000847561,0.605042,0.0999272,0.0
3.7608,0.000866818,0.386555,0.0837321,0.0
3.75955,0.000832905,0.655462,0.109575,0.0
3.75846,0.000814831,0.268908,0.0668479,0.0
3.76027,0.000826727,0.352941,0.0768406,0.0
3.76096,0.000842237,0.453782,0.0868333,0.0
3.75834,0.000832839,0.386555,0.0802864,0.0
3.75828,0.000857682,0.504202,0.0916574,0.0
3.75963,0.000884168,0.537815,0.094414,0.0
3.75889,0.000835862,0.420168,0.0837321,0.0
3.75893,0.000861166,0.386555,0.0837321,0.0
3.75958,0.000841054,0.487395,0.0899345,0.0
3.75916,0.00083744,0.369748,0.0785635,0.0
3.7598,0.000844078,0.571429,0.0971706,0.0
3.75905,0.000857682,0.336134,0.0747731,0.0
3.758,0.000822586,0.420168,0.0837321,0.0
3.75935,0.000815554,0.470588,0.0885562,0.0
3.75943,0.000834153,0.386555,0.0802864,0.0
3.75798,0.000842632,0.386555,0.0802864,0.0
3.75872,0.00086248,0.521008,0.0930357,0.0
3.75879,0.000831525,0.571429,0.0971706,0.0
3.75784,0.000839543,0.420168,0.0837321,0.0
3.75862,0.000871024,0.588235,0.0985489,0.0
3.75951,0.00088614,0.521008,0.0930357,0.0
3.75839,0.000862217,0.554622,0.0957923,0.0
3.75791,0.000823901,0.403361,0.0820092,0.0
3.75923,0.000846575,0.537815,0.094414,0.0
3.75867,0.000837834,0.453782,0.0868333,0.0
3.75891,0.000828107,0.386555,0.0802864,0.0
3.75944,0.000841186,0.436975,0.0851104,0.0
3.75915,0.000843618,0.420168,0.0837321,0.0
3.75748,0.000832313,0.336134,0.0785635,0.0
3.75693,0.000823835,0.319328,0.0730502,0.0
3.75822,0.000835928,0.436975,0.0851104,0.0
3.75771,0.0008193,0.436975,0.0851104,0.0
3.75766,0.000834811,0.268908,0.0668479,0.0
3.7574,0.000830736,0.436975,0.0851104,0.0
3.7574,0.000859194,0.470588,0.0885562,0.0
3.75749,0.000830802,0.336134,0.0747731,0.0
3.75808,0.000834219,0.453782,0.0868333,0.0
3.75732,0.00084434,0.403361,0.0820092,0.0
3.75767,0.000821798,0.369748,0.0785635,0.0
3.75723,0.000800372,0.252101,0.0647804,0.0
3.75805,0.000817197,0.521008,0.0930357,0.0
3.75906,0.000851176,0.403361,0.0820092,0.0
3.75805,0.000867212,0.487395,0.0899345,0.0
3.75802,0.000874639,0.554622,0.0988935,0.0
3.75826,0.000844143,0.352941,0.0768406,0.0
3.75737,0.000806879,0.386555,0.0802864,0.0
3.75782,0.000843026,0.436975,0.0851104,0.0
3.7586,0.000867475,0.436975,0.0851104,0.0
3.75626,0.000832905,0.369748,0.0785635,0.0
3.75818,0.000834153,0.504202,0.0916574,0.0
3.7597,0.000844932,0.504202,0.0916574,0.0
3.75783,0.000825281,0.369748,0.0785635,0.0
3.75806,0.000835205,0.420168,0.0837321,0.0
3.75876,0.000848547,0.403361,0.0820092,0.0
3.75785,0.000825347,0.386555,0.0802864,0.0
3.75817,0.000860443,0.487395,0.0899345,0.0
3.75832,0.000851439,0.487395,0.0899345,0.0
3.7575,0.000858537,0.453782,0.0868333,0.0
3.75845,0.000831919,0.369748,0.0785635,0.0
3.75826,0.000838097,0.487395,0.0899345,0.0
3.75624,0.000805367,0.352941,0.0768406,0.0
3.75637,0.00082883,0.470588,0.0916574,0.0
3.75751,0.000831262,0.386555,0.0802864,0.0
3.75746,0.000821338,0.436975,0.0851104,0.0
3.75783,0.000820812,0.336134,0.0747731,0.0
3.75662,0.000838623,0.336134,0.0747731,0.0
3.75541,0.000822981,0.218487,0.0603009,0.0
3.75644,0.000818183,0.319328,0.0730502,0.0
3.75744,0.000810296,0.336134,0.0747731,0.0
3.75646,0.000812399,0.420168,0.0837321,0.0
3.75632,0.000816277,0.369748,0.0785635,0.0
3.75743,0.00082975,0.504202,0.0916574,0.0
3.75768,0.000815554,0.319328,0.0730502,0.0
3.75711,0.00082607,0.403361,0.0820092,0.0
3.75668,0.000815554,0.352941,0.0768406,0.0
3.75666,0.000812005,0.319328,0.0730502,0.0
3.7563,0.000821403,0.386555,0.0802864,0.0
3.75608,0.000805235,0.352941,0.0802864,0.0
3.7574,0.000824098,0.403361,0.085455,0.0
3.75642,0.000833299,0.453782,0.0868333,0.0
3.75683,0.000808784,0.218487,0.0603009,0.0
3.75793,0.000827581,0.487395,0.0899345,0.0
3.75808,0.00082206,0.453782,0.0868333,0.0
3.75831,0.000809573,0.403361,0.0820092,0.0
3.75699,0.000821666,0.352941,0.0768406,0.0
3.75666,0.000836388,0.403361,0.0820092,0.0
3.7568,0.000838886,0.386555,0.0802864,0.0
3.75677,0.000795508,0.403361,0.0820092,0.0
3.75736,0.000811611,0.369748,0.0785635,0.0
3.75778,0.000844603,0.319328,0.0730502,0.0
3.75713,0.000817657,0.386555,0.0802864,0.0
3.75644,0.000800043,0.403361,0.0820092,0.0
3.75646,0.000828173,0.403361,0.0820092,0.0
3.75657,0.000800569,0.252101,0.0647804,0.0
3.75625,0.000800963,0.369748,0.0785635,0.0
3.75807,0.000824164,0.470588,0.0885562,0.0
3.75786,0.000821535,0.319328,0.0768406,0.0
3.75601,0.000805235,0.268908,0.0668479,0.0
3.75642,0.000814371,0.403361,0.0820092,0.0
3.757,0.000799978,0.336134,0.0747731,0.0
3.75589,0.000798203,0.470588,0.0885562,0.0
3.7549,0.000808982,0.252101,0.0647804,0.0
3.75711,0.000819563,0.403361,0.085455,0.0
3.75787,0.000830342,0.369748,0.0785635,0.0
3.75556,0.000815554,0.352941,0.0768406,0.0
3.75686,0.000835402,0.470588,0.0885562,0.0
3.75793,0.000829487,0.386555,0.0802864,0.0
3.7582,0.000852227,0.470588,0.0885562,0.0
3.75903,0.000851241,0.436975,0.0851104,0.0
3.75722,0.000810296,0.218487,0.0603009,0.0
3.75657,0.000808587,0.386555,0.0802864,0.0
3.75841,0.000814765,0.386555,0.0802864,0.0
3.75811,0.000815094,0.436975,0.0851104,0.0
3.75684,0.000819957,0.352941,0.0768406,0.0
3.75606,0.000795574,0.302521,0.0709828,0.0
3.75576,0.000790776,0.302521,0.0709828,0.0
3.75674,0.000782693,0.285714,0.0689153,0.0
3.75758,0.000821272,0.302521,0.0709828,0.0
3.75833,0.000865569,0.588235,0.10165,0.0
3.75726,0.000840266,0.369748,0.0785635,0.0
3.75642,0.000809639,0.268908,0.0668479,0.0
3.75704,0.000809179,0.436975,0.0851104,0.0
3.75701,0.000791959,0.268908,0.0668479,0.0
3.75698,0.000799715,0.352941,0.0768406,0.0
3.75713,0.000842172,0.487395,0.0899345,0.0
3.75599,0.000820023,0.201681,0.0582334,0.0
3.75536,0.000768102,0.352941,0.0768406,0.0
3.75632,0.00080655,0.352941,0.0768406,0.0
3.756,0.000810099,0.352941,0.0768406,0.0
3.75635,0.000781575,0.218487,0.0603009,0.0
3.75582,0.000791499,0.302521,0.0709828,0.0
3.75652,0.000785782,0.302521,0.0709828,0.0
3.75601,0.000791959,0.285714,0.0689153,0.0
3.75607,0.000811019,0.403361,0.0820092,0.0
3.75689,0.000809179,0.352941,0.0768406,0.0
3.75797,0.000810822,0.336134,0.0785635,0.0
3.75745,0.000808193,0.336134,0.0747731,0.0
3.75635,0.000781049,0.352941,0.0768406,0.0
3.75671,0.000779669,0.268908,0.0668479,0.0
3.7572,0.000801621,0.420168,0.0837321,0.0
3.75706,0.000822258,0.554622,0.0957923,0.0
3.75669,0.000800569,0.420168,0.0837321,0.0
3.75598,0.000802804,0.420168,0.0837321,0.0
3.75707,0.00080563,0.352941,0.0768406,0.0
3.75684,0.000806024,0.285714,0.0689153,0.0
3.75575,0.000792748,0.201681,0.0582334,0.0
3.75679,0.000778815,0.352941,0.0768406,0.0
3.75748,0.000777698,0.268908,0.0668479,0.0
3.75663,0.000769548,0.302521,0.0709828,0.0
3.75628,0.000809442,0.302521,0.0709828,0.0
3.75765,0.000857814,0.470588,0.0885562,0.0
3.75721,0.000804578,0.386555,0.0802864,0.0
3.7573,0.000798795,0.403361,0.0820092,0.0
3.75737,0.000807536,0.352941,0.0768406,0.0
3.75718,0.00081608,0.436975,0.0851104,0.0
3.7571,0.000791499,0.302521,0.0709828,0.0
3.75666,0.000779078,0.235294,0.0627129,0.0
3.75631,0.000775989,0.218487,0.0603009,0.0
3.75729,0.000792814,0.336134,0.0747731,0.0
3.75658,0.000791697,0.302521,0.0709828,0.0
3.75795,0.000835336,0.336134,0.0747731,0.0
3.75847,0.000818577,0.487395,0.0899345,0.0
3.7581,0.000843092,0.403361,0.0820092,0.0
3.75838,0.000827844,0.420168,0.0868333,0.0
3.75741,0.000818249,0.352941,0.0768406,0.0
3.75737,0.000843092,0.420168,0.0837321,0.0
3.75679,0.000817526,0.285714,0.0689153,0.0
3.75627,0.000808653,0.420168,0.0837321,0.0
3.75769,0.000824952,0.386555,0.0802864,0.0
3.7577,0.000809113,0.302521,0.0709828,0.0
3.75625,0.000807733,0.352941,0.0802864,0.0
3.75697,0.000819366,0.420168,0.0837321,0.0
3.7571,0.000814962,0.285714,0.0689153,0.0
3.75765,0.000809442,0.235294,0.0627129,0.0
3.75749,0.000822849,0.420168,0.0868333,0.0
3.75659,0.00083159,0.218487,0.0603009,0.0
3.75701,0.000807339,0.336134,0.0747731,0.0
3.75858,0.000799846,0.420168,0.0837321,0.0
3.75852,0.000820812,0.319328,0.0730502,0.0
3.75842,0.000819957,0.504202,0.0916574,0.0
3.75789,0.000835994,0.285714,0.0689153,0.0
3.7572,0.000839937,0.453782,0.0868333,0.0
3.75762,0.000806024,0.319328,0.0730502,0.0
3.75782,0.00081792,0.369748,0.0785635,0.0
3.75717,0.000795246,0.319328,0.0730502,0.0
3.75718,0.000785124,0.319328,0.0730502,0.0
3.75768,0.000811479,0.386555,0.0802864,0.0
3.75735,0.000801489,0.252101,0.0647804,0.0
3.75742,0.000809836,0.336134,0.0747731,0.0
3.75806,0.000832773,0.352941,0.0768406,0.0
3.75802,0.000816014,0.201681,0.0582334,0.0
3.75844,0.000800766,0.487395,0.0899345,0.0
3.75745,0.000775266,0.268908,0.0668479,0.0
3.7571,0.000781378,0.252101,0.0647804,0.0
3.75756,0.000838425,0.386555,0.0802864,0.0
3.75828,0.000809967,0.268908,0.0668479,0.0
3.75752,0.000780064,0.235294,0.0627129,0.0
3.75802,0.000804052,0.268908,0.0668479,0.0
3.75794,0.000814765,0.302521,0.0709828,0.0
3.75742,0.000773294,0.151261,0.0503082,0.0
3.75734,0.000794391,0.352941,0.0768406,0.0
3.75823,0.000812531,0.252101,0.0647804,0.0
3.75742,0.000806681,0.285714,0.0689153,0.0
3.75779,0.0007775,0.268908,0.0668479,0.0
3.75783,0.000784467,0.268908,0.0668479,0.0
3.75788,0.000796494,0.268908,0.0668479,0.0
3.75812,0.000786636,0.252101,0.0647804,0.0
3.75779,0.000794917,0.235294,0.0627129,0.0
3.75828,0.000804381,0.386555,0.0802864,0.0
3.75849,0.000798072,0.285714,0.0689153,0.0
3.75792,0.000785321,0.268908,0.0668479,0.0
3.75832,0.000820746,0.352941,0.0768406,0.0
3.7587,0.000827384,0.336134,0.0785635,0.0
3.75789,0.000799189,0.184874,0.0554768,0.0
3.75718,0.000791236,0.319328,0.0730502,0.0
3.75848,0.000803264,0.235294,0.0627129,0.0
3.75771,0.000794786,0.201681,0.0582334,0.0
3.75796,0.00080977,0.336134,0.0747731,0.0
3.759,0.000817328,0.403361,0.0820092,0.0
3.75926,0.000802804,0.319328,0.0730502,0.0
3.75843,0.000770337,0.403361,0.0820092,0.0
3.75871,0.000785059,0.319328,0.0768406,0.0
3.75853,0.000785847,0.184874,0.0554768,0.0
3.75751,0.000754629,0.369748,0.0785635,0.0
3.75837,0.000778683,0.218487,0.0603009,0.0
3.75877,0.000813319,0.386555,0.0802864,0.0
3.75919,0.000788213,0.268908,0.0668479,0.0
3.75877,0.00079702,0.369748,0.0785635,0.0
3.75877,0.000793865,0.352941,0.0768406,0.0
3.75899,0.000786242,0.302521,0.0709828,0.0
3.75912,0.000778552,0.285714,0.0689153,0.0
3.75785,0.000757915,0.319328,0.0730502,0.0
3.7584,0.000778552,0.403361,0.0820092,0.0
3.75961,0.000809507,0.352941,0.0768406,0.0
3.75932,0.000800241,0.386555,0.0837321,0.0
3.7586,0.000804775,0.302521,0.0709828,0.0
3.7587,0.000806879,0.285714,0.0689153,0.0
3.75892,0.000785519,0.201681,0.0582334,0.0
3.75796,0.000800109,0.235294,0.0627129,0.0
3.75857,0.000813911,0.386555,0.0802864,0.0
3.75836,0.00081838,0.336134,0.0785635,0.0
3.75883,0.000789265,0.235294,0.0627129,0.0
3.75911,0.000796034,0.218487,0.0603009,0.0
3.76018,0.000796034,0.386555,0.0802864,0.0
3.75967,0.000818117,0.302521,0.0709828,0.0
3.75942,0.000812662,0.352941,0.0768406,0.0
3.75894,0.000809179,0.252101,0.0647804,0.0
3.75877,0.000791302,0.319328,0.0730502,0.0
3.75959,0.000782824,0.235294,0.0627129,0.0
3.75977,0.000821798,0.302521,0.0709828,0.0
3.75957,0.000799912,0.403361,0.0820092,0.0
3.75934,0.000776252,0.218487,0.0603009,0.0
3.75907,0.000792814,0.268908,0.0668479,0.0
3.75896,0.000786504,0.336134,0.0747731,0.0
3.75818,0.000787687,0.201681,0.0582334,0.0
3.7582,0.00077658,0.218487,0.0603009,0.0
3.75841,0.000789922,0.336134,0.0747731,0.0
3.76039,0.000794391,0.352941,0.0768406,0.0
3.76121,0.000817,0.352941,0.0768406,0.0
3.76047,0.000780589,0.285714,0.0689153,0.0
3.75944,0.000797086,0.319328,0.0768406,0.0
3.76075,0.000771257,0.134454,0.0475516,0.0
3.75971,0.000797546,0.336134,0.0747731,0.0
3.75933,0.000779669,0.252101,0.0647804,0.0
3.76009,0.000775134,0.184874,0.0554768,0.0
3.76003,0.000771914,0.252101,0.0647804,0.0
3.75918,0.000776383,0.302521,0.0709828,0.0
3.75939,0.000824098,0.285714,0.0689153,0.0
3.7591,0.000780064,0.285714,0.0689153,0.0
3.75871,0.00078381,0.218487,0.0603009,0.0
3.75903,0.000768102,0.235294,0.0627129,0.0
3.76012,0.000779012,0.252101,0.0647804,0.0
3.75943,0.000755023,0.201681,0.0582334,0.0
3.75963,0.000783153,0.302521,0.0709828,0.0
3.75994,0.000745691,0.268908,0.0668479,0.0
3.76046,0.000776975,0.319328,0.0730502,0.0
3.76007,0.000780589,0.235294,0.0627129,0.0
3.76015,0.000756863,0.285714,0.0689153,0.0
3.7601,0.000761267,0.201681,0.0582334,0.0
3.75963,0.000781838,0.218487,0.0647804,0.0
3.75948,0.000758967,0.168067,0.0530648,0.0
3.75987,0.000744968,0.201681,0.0582334,0.0
3.76,0.000745888,0.201681,0.0582334,0.0
3.76042,0.00078335,0.218487,0.0603009,0.0
3.75936,0.000777238,0.252101,0.0647804,0.0
3.75974,0.000780787,0.218487,0.0603009,0.0
3.76079,0.000792945,0.235294,0.0627129,0.0
3.76116,0.000801029,0.218487,0.0603009,0.0
3.76082,0.000793668,0.285714,0.0689153,0.0
3.76039,0.000764947,0.201681,0.0582334,0.0
3.76115,0.00080701,0.302521,0.0709828,0.0
3.76154,0.000766853,0.201681,0.0582334,0.0
3.7608,0.000799715,0.369748,0.0785635,0.0
3.76149,0.000794063,0.285714,0.0689153,0.0
3.76127,0.000784598,0.336134,0.0747731,0.0
3.76066,0.000801161,0.403361,0.0820092,0.0
3.75986,0.000789593,0.201681,0.0582334,0.0
3.7604,0.000780852,0.268908,0.0668479,0.0
3.76171,0.000808456,0.369748,0.0785635,0.0
3.76098,0.000768891,0.252101,0.0647804,0.0
3.76081,0.00074155,0.0840336,0.0375589,0.0
3.76083,0.000773623,0.252101,0.0647804,0.0
3.76219,0.000779735,0.151261,0.0503082,0.0
3.76125,0.000774674,0.184874,0.0554768,0.0
3.76007,0.000787227,0.352941,0.0768406,0.0
3.76108,0.000763501,0.252101,0.0647804,0.0
3.7624,0.000780064,0.151261,0.0503082,0.0
3.76113,0.000799583,0.302521,0.0709828,0.0
3.76125,0.000833891,0.268908,0.0668479,0.0
3.76219,0.000795377,0.252101,0.0647804,0.0
3.76119,0.000766459,0.184874,0.0554768,0.0
3.76074,0.000771322,0.201681,0.0582334,0.0
3.76193,0.000789396,0.302521,0.0709828,0.0
3.76172,0.000768496,0.218487,0.0603009,0.0
3.76187,0.000773557,0.218487,0.0603009,0.0
3.76255,0.000811019,0.302521,0.0709828,0.0
3.76251,0.000783153,0.235294,0.0627129,0.0
3.76213,0.000756601,0.201681,0.0582334,0.0
3.76218,0.000770402,0.386555,0.0802864,0.0
3.76193,0.000769219,0.218487,0.0603009,0.0
3.7614,0.000798926,0.235294,0.0627129,0.0
3.76136,0.000769351,0.184874,0.0554768,0.0
3.76134,0.000767051,0.184874,0.0554768,0.0
3.76136,0.000777303,0.184874,0.0554768,0.0
3.76293,0.000779669,0.201681,0.0582334,0.0
3.7625,0.00077566,0.151261,0.0503082,0.0
3.76114,0.000781444,0.352941,0.0768406,0.0
3.76173,0.000785584,0.268908,0.0668479,0.0
3.7614,0.000754695,0.201681,0.0582334,0.0
3.76266,0.000771322,0.235294,0.0627129,0.0
3.76305,0.000772177,0.302521,0.0709828,0.0
3.76344,0.000790711,0.268908,0.0668479,0.0
3.7634,0.00078795,0.201681,0.0582334,0.0
3.76278,0.000786439,0.285714,0.0689153,0.0
3.76147,0.0007752,0.235294,0.0627129,0.0
3.76117,0.000757849,0.218487,0.0603009,0.0
3.76216,0.000768956,0.336134,0.0747731,0.0
3.7627,0.000760018,0.218487,0.0647804,0.0
3.76255,0.000759821,0.168067,0.0530648,0.0
3.76266,0.000774937,0.151261,0.0503082,0.0
3.76305,0.000788345,0.403361,0.0820092,0.0
3.76436,0.000756141,0.268908,0.0668479,0.0
3.76359,0.000761201,0.184874,0.0554768,0.0
3.76262,0.000749174,0.10084,0.0410046,0.0
3.76278,0.000744048,0.184874,0.0554768,0.0
3.76329,0.000760741,0.184874,0.0554768,0.0
3.76408,0.000772374,0.201681,0.0582334,0.0
3.76303,0.000744508,0.134454,0.0475516,0.0
3.76292,0.000777895,0.268908,0.0668479,0.0
3.76426,0.000763962,0.268908,0.0668479,0.0
3.76377,0.000766722,0.117647,0.0444504,0.0
3.76419,0.000759952,0.285714,0.0689153,0.0
3.76409,0.000789068,0.134454,0.0475516,0.0
3.76354,0.000767773,0.184874,0.0554768,0.0
3.76303,0.000763764,0.201681,0.0582334,0.0
3.76342,0.00077198,0.268908,0.0668479,0.0
3.76393,0.000751408,0.151261,0.0503082,0.0
3.76394,0.000756206,0.252101,0.0647804,0.0
3.76422,0.000779932,0.252101,0.0647804,0.0
3.7633,0.000765013,0.10084,0.0410046,0.0
3.7631,0.000747728,0.201681,0.0582334,0.0
3.76327,0.000763699,0.235294,0.0627129,0.0
3.76434,0.000772571,0.235294,0.0627129,0.0
3.76441,0.000793208,0.252101,0.0647804,0.0
3.76417,0.000772571,0.352941,0.0768406,0.0
3.76474,0.000768168,0.319328,0.0730502,0.0
3.76425,0.000756601,0.134454,0.0475516,0.0
3.76416,0.000752066,0.252101,0.0647804,0.0
3.76419,0.000779801,0.201681,0.0582334,0.0
3.76423,0.000767511,0.252101,0.0647804,0.0
3.76407,0.00076383,0.235294,0.0627129,0.0
3.76404,0.000795443,0.302521,0.0709828,0.0
3.76468,0.00076383,0.201681,0.0582334,0.0
3.76523,0.000767839,0.201681,0.0582334,0.0
3.76434,0.00076659,0.184874,0.0554768,0.0
3.76465,0.000758178,0.151261,0.0503082,0.0
3.76446,0.000748254,0.151261,0.0503082,0.0
3.76446,0.000741287,0.151261,0.0503082,0.0
3.76581,0.000761858,0.252101,0.0647804,0.0
3.76548,0.000758507,0.151261,0.0503082,0.0
3.76446,0.000748517,0.134454,0.0475516,0.0
3.76434,0.000748714,0.268908,0.0668479,0.0
3.76533,0.000788082,0.302521,0.0709828,0.0
3.76469,0.000749503,0.151261,0.0503082,0.0
3.76549,0.000768759,0.201681,0.0582334,0.0
3.76687,0.000772637,0.184874,0.0554768,0.0
3.76567,0.000786242,0.352941,0.0768406,0.0
3.76452,0.000762779,0.151261,0.0503082,0.0
3.76487,0.000750488,0.184874,0.0554768,0.0
3.76565,0.000747202,0.184874,0.0554768,0.0
3.76597,0.00079748,0.336134,0.0747731,0.0
3.76379,0.000753314,0.252101,0.0647804,0.0
3.76446,0.000781444,0.302521,0.0709828,0.0
3.76641,0.00079564,0.302521,0.0709828,0.0
3.76566,0.000738461,0.218487,0.0603009,0.0
3.76582,0.000742602,0.184874,0.0554768,0.0
3.76686,0.000775463,0.252101,0.0647804,0.0
3.76642,0.000760215,0.252101,0.0647804,0.0
3.7652,0.000767839,0.302521,0.0709828,0.0
3.76612,0.000773689,0.235294,0.0627129,0.0
3.76667,0.000790514,0.235294,0.0627129,0.0
3.76614,0.000786307,0.184874,0.0606455,0.0
3.76618,0.0007775,0.319328,0.0730502,0.0
3.76664,0.000737212,0.184874,0.0554768,0.0
3.76579,0.000759427,0.285714,0.0689153,0.0
3.76613,0.000780064,0.302521,0.0709828,0.0
3.7659,0.00078749,0.235294,0.0627129,0.0
3.76617,0.000787293,0.336134,0.0747731,0.0
3.76698,0.0007729,0.117647,0.0503082,0.0
3.76654,0.000760215,0.336134,0.0785635,0.0
3.76747,0.000759558,0.168067,0.0530648,0.0
3.76714,0.000788936,0.252101,0.0647804,0.0
3.76623,0.000756995,0.184874,0.0554768,0.0
3.76697,0.000773491,0.151261,0.0503082,0.0
3.76738,0.000778881,0.252101,0.0647804,0.0
3.76669,0.000786176,0.235294,0.0627129,0.0
3.76634,0.00076567,0.218487,0.0603009,0.0
3.76663,0.00076291,0.201681,0.0582334,0.0
3.76677,0.000770797,0.201681,0.0582334,0.0
3.76676,0.000781641,0.302521,0.0709828,0.0
3.76688,0.000753446,0.218487,0.0603009,0.0
3.76688,0.000732349,0.117647,0.0444504,0.0
3.76705,0.000744968,0.184874,0.0554768,0.0
3.76672,0.000721768,0.117647,0.0444504,0.0
3.76655,0.000748845,0.218487,0.0603009,0.0
3.76742,0.0007706,0.184874,0.0554768,0.0
3.76699,0.000761661,0.302521,0.0709828,0.0
3.7671,0.000769548,0.218487,0.0603009,0.0
3.7676,0.000754563,0.134454,0.0475516,0.0
3.76824,0.000761267,0.218487,0.0603009,0.0
3.76904,0.00077796,0.218487,0.0603009,0.0
3.76804,0.000782167,0.252101,0.0647804,0.0
3.76787,0.000788082,0.218487,0.0603009,0.0
3.76788,0.000744968,0.218487,0.0603009,0.0
3.76799,0.000723016,0.201681,0.0582334,0.0
3.7677,0.000755549,0.151261,0.0503082,0.0
3.76775,0.000759492,0.252101,0.0647804,0.0
3.76876,0.000771454,0.336134,0.0747731,0.0
3.76907,0.000770994,0.168067,0.0530648,0.0
3.76825,0.000788345,0.168067,0.0530648,0.0
3.76718,0.000742207,0.134454,0.0475516,0.0
3.76732,0.000756206,0.252101,0.0647804,0.0
3.76829,0.000784664,0.134454,0.0475516,0.0
3.76884,0.000778355,0.235294,0.0627129,0.0
3.76866,0.000753906,0.184874,0.0554768,0.0
3.7686,0.000766788,0.151261,0.0503082,0.0
3.76763,0.00075108,0.134454,0.0475516,0.0
3.7674,0.00076659,0.201681,0.0582334,0.0
3.76828,0.000744048,0.117647,0.0444504,0.0
3.77003,0.000751211,0.252101,0.0647804,0.0
3.77008,0.000766525,0.184874,0.0554768,0.0
3.76783,0.000740827,0.168067,0.0530648,0.0
3.76846,0.000767708,0.252101,0.0647804,0.0
3.77022,0.000775792,0.235294,0.0627129,0.0
3.76937,0.000750291,0.201681,0.0582334,0.0
3.76847,0.000750817,0.134454,0.0475516,0.0
3.76815,0.00073879,0.134454,0.0475516,0.0
3.76916,0.000721505,0.0504202,0.0289444,0.0
3.76947,0.000760413,0.285714,0.0689153,0.0
3.77001,0.000775989,0.285714,0.0689153,0.0
3.76932,0.000778421,0.201681,0.0582334,0.0
3.76967,0.000760018,0.252101,0.0647804,0.0
3.7714,0.000763304,0.168067,0.0530648,0.0
3.77136,0.000768759,0.201681,0.0582334,0.0
3.77096,0.000775923,0.302521,0.0709828,0.0
3.77045,0.000758507,0.151261,0.0503082,0.0
3.7694,0.000749108,0.235294,0.0627129,0.0
3.7699,0.000750028,0.117647,0.0444504,0.0
3.77058,0.000752657,0.218487,0.0603009,0.0
3.76977,0.000741287,0.0672269,0.0334239,0.0
3.77058,0.000770928,0.268908,0.0668479,0.0
3.77171,0.000787753,0.252101,0.0647804,0.0
3.7704,0.000758112,0.235294,0.0627129,0.0
3.76998,0.000757521,0.268908,0.0668479,0.0
3.76993,0.000739447,0.117647,0.0444504,0.0
3.76982,0.000745231,0.285714,0.0689153,0.0
3.77033,0.000752789,0.151261,0.0503082,0.0
3.77102,0.000752657,0.302521,0.0709828,0.0
3.77003,0.000748188,0.134454,0.0475516,0.0
3.77056,0.000754892,0.268908,0.0668479,0.0
3.7709,0.00074385,0.218487,0.0603009,0.0
3.77038,0.000757784,0.218487,0.0603009,0.0
3.77019,0.000763567,0.201681,0.0582334,0.0
3.77086,0.000761661,0.134454,0.0475516,0.0
3.77106,0.000768496,0.235294,0.0627129,0.0
3.7714,0.000762581,0.218487,0.0603009,0.0
3.77079,0.000746282,0.218487,0.0603009,0.0
3.77137,0.00073741,0.218487,0.0603009,0.0
3.77028,0.000733335,0.184874,0.0554768,0.0
3.77086,0.00077244,0.117647,0.0444504,0.0
3.77133,0.000783481,0.201681,0.0582334,0.0
3.77187,0.000752592,0.151261,0.0503082,0.0
3.77203,0.000766328,0.285714,0.0689153,0.0
3.77216,0.000754695,0.218487,0.0603009,0.0
3.77114,0.000778552,0.252101,0.0647804,0.0
3.77246,0.000767708,0.184874,0.0554768,0.0
3.77237,0.000742142,0.201681,0.0582334,0.0
3.77245,0.000758704,0.252101,0.0647804,0.0
3.77193,0.000756075,0.151261,0.0503082,0.0
3.77281,0.000770665,0.352941,0.0768406,0.0
3.77215,0.000770074,0.268908,0.0668479,0.0
3.77134,0.000771454,0.168067,0.0530648,0.0
3.77125,0.00073787,0.10084,0.0410046,0.0
3.77148,0.00074109,0.201681,0.0582334,0.0
3.77206,0.000729326,0.0840336,0.0375589,0.0
3.7717,0.000748582,0.235294,0.0627129,0.0
3.77194,0.000752329,0.151261,0.0503082,0.0
3.77169,0.000762844,0.184874,0.0554768,0.0
3.77229,0.000752789,0.134454,0.0475516,0.0
3.77153,0.000735241,0.0504202,0.0289444,0.0
3.77218,0.000736687,0.117647,0.0444504,0.0
3.77295,0.00075338,0.268908,0.0668479,0.0
3.77458,0.000745231,0.235294,0.0627129,0.0
3.77296,0.000739841,0.10084,0.0410046,0.0
3.77145,0.000730509,0.184874,0.0554768,0.0
3.77222,0.000743982,0.10084,0.0410046,0.0
3.77246,0.000746414,0.302521,0.0709828,0.0
3.77266,0.000753643,0.134454,0.0475516,0.0
3.77247,0.000743522,0.235294,0.0671924,0.0
3.77216,0.000732612,0.151261,0.0503082,0.0
3.77254,0.000729194,0.117647,0.0444504,0.0
3.77293,0.000738855,0.134454,0.0475516,0.0
3.77266,0.000742142,0.252101,0.0647804,0.0
3.77395,0.00073971,0.168067,0.0530648,0.0
3.77315,0.000755155,0.235294,0.0627129,0.0
3.77315,0.00074878,0.218487,0.0603009,0.0
3.77257,0.000753117,0.134454,0.0475516,0.0
3.77391,0.000750291,0.201681,0.0582334,0.0
3.77411,0.000756863,0.134454,0.0475516,0.0
3.77342,0.00072604,0.134454,0.0475516,0.0
3.77396,0.000741682,0.151261,0.0503082,0.0
3.7748,0.000747005,0.252101,0.0647804,0.0
3.77347,0.000769154,0.218487,0.0603009,0.0
3.77505,0.000770665,0.201681,0.0582334,0.0
3.77468,0.000745033,0.235294,0.0627129,0.0
3.77351,0.000746085,0.117647,0.0444504,0.0
3.77417,0.000737147,0.151261,0.0503082,0.0
3.77412,0.000731429,0.168067,0.0530648,0.0
3.77422,0.000731363,0.218487,0.0603009,0.0
3.774,0.000766788,0.184874,0.0554768,0.0
3.77396,0.00077612,0.235294,0.0627129,0.0
3.77375,0.000754695,0.168067,0.0530648,0.0
3.77358,0.00073294,0.134454,0.0475516,0.0
3.77428,0.000739316,0.168067,0.0530648,0.0
3.77521,0.000724659,0.201681,0.0582334,0.0
3.77437,0.000736818,0.117647,0.0444504,0.0
3.77513,0.00073294,0.168067,0.0530648,0.0
3.77584,0.000748517,0.151261,0.0503082,0.0
3.77563,0.000747794,0.235294,0.0627129,0.0
3.77572,0.000734189,0.184874,0.0554768,0.0
3.77581,0.000779275,0.285714,0.0689153,0.0
3.77576,0.000743522,0.117647,0.0444504,0.0
3.77555,0.000732349,0.218487,0.0603009,0.0
3.77568,0.000755943,0.117647,0.0444504,0.0
3.77583,0.000768496,0.218487,0.0603009,0.0
3.77554,0.000775989,0.252101,0.0647804,0.0
3.77539,0.000732217,0.168067,0.0530648,0.0
3.77627,0.000772177,0.201681,0.0582334,0.0
3.77617,0.000755746,0.201681,0.0582334,0.0
3.77626,0.000758244,0.218487,0.0603009,0.0
3.7763,0.00076383,0.285714,0.0689153,0.0
3.77614,0.000789068,0.319328,0.0730502,0.0
3.77567,0.000746742,0.201681,0.0582334,0.0
3.77595,0.000760281,0.184874,0.0554768,0.0
3.77693,0.000737672,0.134454,0.0475516,0.0
3.77606,0.000752394,0.302521,0.0709828,0.0
3.77607,0.000750423,0.268908,0.0668479,0.0
3.77683,0.000777238,0.201681,0.0582334,0.0
3.77667,0.000750686,0.151261,0.0503082,0.0
3.77679,0.000741156,0.285714,0.0689153,0.0
3.77685,0.000741156,0.134454,0.0475516,0.0
3.7771,0.000736884,0.151261,0.0503082,0.0
3.77703,0.000743259,0.184874,0.0554768,0.0
3.77713,0.000746348,0.201681,0.0582334,0.0
3.77767,0.000763107,0.201681,0.0582334,0.0
3.77682,0.000724791,0.151261,0.0503082,0.0
3.77682,0.00072926,0.134454,0.0475516,0.0
3.77703,0.000742207,0.252101,0.0647804,0.0
3.77681,0.000728077,0.134454,0.0475516,0.0
3.77741,0.000725119,0.151261,0.0503082,0.0
3.778,0.000752657,0.235294,0.0627129,0.0
3.77696,0.000765079,0.285714,0.0689153,0.0
3.77735,0.000733926,0.151261,0.0503082,0.0
3.77824,0.000755878,0.268908,0.0668479,0.0
3.77795,0.000753577,0.218487,0.0603009,0.0
3.77667,0.000744376,0.151261,0.0503082,0.0
3.7767,0.000755943,0.184874,0.0554768,0.0
3.7785,0.000753117,0.235294,0.0627129,0.0
3.77697,0.000745099,0.117647,0.0444504,0.0
3.7769,0.000731626,0.10084,0.0410046,0.0
3.77874,0.000752263,0.168067,0.0530648,0.0
3.77826,0.000731692,0.117647,0.0444504,0.0
3.77765,0.000732743,0.184874,0.0554768,0.0
3.77766,0.000725579,0.10084,0.0410046,0.0
3.77726,0.00071927,0.134454,0.0475516,0.0
3.77765,0.000722688,0.184874,0.0554768,0.0
3.77845,0.000729654,0.134454,0.0475516,0.0
3.77819,0.000753183,0.117647,0.0444504,0.0
3.7798,0.000742339,0.235294,0.0627129,0.0
3.78004,0.000743325,0.184874,0.0554768,0.0
3.77906,0.000752854,0.184874,0.0554768,0.0
3.77934,0.000727354,0.201681,0.0582334,0.0
3.77903,0.000720059,0.0840336,0.0375589,0.0
3.77823,0.000734518,0.252101,0.0647804,0.0
3.77928,0.000728537,0.134454,0.0475516,0.0
3.77913,0.000729589,0.168067,0.0530648,0.0
3.77892,0.000726105,0.201681,0.0582334,0.0
3.77911,0.000735701,0.0672269,0.0334239,0.0
3.77931,0.000734255,0.235294,0.0627129,0.0
3.77967,0.000759427,0.151261,0.0558214,0.0
3.77921,0.000733138,0.201681,0.0582334,0.0
3.77902,0.000734189,0.151261,0.0503082,0.0
3.77892,0.000759558,0.201681,0.0582334,0.0
3.77975,0.00076521,0.252101,0.0647804,0.0
3.77927,0.000751408,0.201681,0.0582334,0.0
3.78015,0.000744836,0.218487,0.0603009,0.0
3.78062,0.00076291,0.134454,0.0475516,0.0
3.77979,0.000743719,0.0840336,0.0375589,0.0
3.78,0.000743127,0.168067,0.0530648,0.0
3.7797,0.000754235,0.319328,0.0730502,0.0
3.77938,0.000717561,0.151261,0.0503082,0.0
3.78076,0.000753052,0.151261,0.0503082,0.0
3.78122,0.000746874,0.151261,0.0503082,0.0
3.77976,0.000732612,0.0672269,0.0334239,0.0
3.78022,0.000748845,0.168067,0.0530648,0.0
3.78069,0.000758244,0.268908,0.0668479,0.0
3.78009,0.000757784,0.302521,0.0709828,0.0
3.78047,0.00076199,0.201681,0.0582334,0.0
3.78064,0.000739973,0.184874,0.0554768,0.0
3.78141,0.000770271,0.252101,0.0647804,0.0
3.78078,0.000752394,0.134454,0.0475516,0.0
3.78079,0.000749503,0.168067,0.0530648,0.0
3.78251,0.000776712,0.268908,0.0668479,0.0
3.78207,0.000774806,0.352941,0.0768406,0.0
3.7812,0.000753249,0.134454,0.0475516,0.0
3.78164,0.000747005,0.168067,0.0530648,0.0
3.78078,0.00074431,0.117647,0.0444504,0.0
3.78184,0.000734978,0.117647,0.0444504,0.0
3.78223,0.000729457,0.218487,0.0603009,0.0
3.78175,0.000739973,0.134454,0.0475516,0.0
3.78129,0.000761924,0.168067,0.0530648,0.0
3.78131,0.000743785,0.168067,0.0530648,0.0
3.7816,0.000735504,0.184874,0.0554768,0.0
3.78071,0.000729654,0.151261,0.0503082,0.0
3.78179,0.000712632,0.10084,0.0410046,0.0
3.78271,0.00072249,0.10084,0.0410046,0.0
3.78241,0.00074477,0.168067,0.0530648,0.0
3.78225,0.000736818,0.168067,0.0530648,0.0
3.78206,0.000714144,0.10084,0.0410046,0.0
3.78164,0.000721833,0.117647,0.0444504,0.0
3.78189,0.000751146,0.184874,0.0554768,0.0
3.78238,0.000753972,0.184874,0.0554768,0.0
3.78152,0.000735109,0.168067,0.0530648,0.0
3.7824,0.000763041,0.134454,0.0475516,0.0
3.78243,0.000758244,0.252101,0.0647804,0.0
3.78233,0.00075522,0.184874,0.0554768,0.0
3.78322,0.00074431,0.134454,0.0475516,0.0
3.78378,0.000737278,0.117647,0.0444504,0.0
3.78347,0.00073787,0.168067,0.0530648,0.0
3.78358,0.000713092,0.168067,0.0530648,0.0
3.78302,0.000742273,0.151261,0.0503082,0.0
3.78266,0.000757915,0.252101,0.0647804,0.0
3.78345,0.00076107,0.235294,0.0627129,0.0
3.78335,0.000727288,0.168067,0.0530648,0.0
3.78347,0.000712895,0.10084,0.0410046,0.0
3.7828,0.000734978,0.201681,0.0582334,0.0
3.78317,0.000730772,0.134454,0.0475516,0.0
3.78381,0.000723476,0.151261,0.0503082,0.0
3.78351,0.00071789,0.0840336,0.0375589,0.0
3.78376,0.000737344,0.10084,0.0410046,0.0
3.78397,0.000724528,0.184874,0.0554768,0.0
3.78409,0.000734518,0.0840336,0.0375589,0.0
3.78377,0.000733861,0.117647,0.0444504,0.0
3.78386,0.00074109,0.151261,0.0503082,0.0
3.78473,0.000745822,0.252101,0.0647804,0.0
3.78449,0.000752592,0.235294,0.0627129,0.0
3.78397,0.000749634,0.117647,0.0444504,0.0
3.78413,0.000721176,0.0672269,0.0334239,0.0
3.78509,0.000762713,0.235294,0.0627129,0.0
3.78494,0.000746348,0.134454,0.0475516,0.0
3.78467,0.000732415,0.168067,0.0530648,0.0
3.78506,0.000732349,0.10084,0.0410046,0.0
3.78503,0.00074155,0.168067,0.0530648,0.0
3.78522,0.000728471,0.151261,0.0503082,0.0
3.78601,0.000745756,0.235294,0.0627129,0.0
3.7855,0.000746216,0.184874,0.0554768,0.0
3.78447,0.000723673,0.10084,0.0410046,0.0
3.78521,0.000718613,0.10084,0.0410046,0.0
3.78581,0.000731297,0.235294,0.0627129,0.0
3.78619,0.000748582,0.201681,0.0582334,0.0
3.78558,0.000753314,0.168067,0.0530648,0.0
3.78502,0.000751408,0.117647,0.0444504,0.0
3.78422,0.00073202,0.0840336,0.0375589,0.0
3.78552,0.000716444,0.151261,0.0503082,0.0
3.78538,0.000732612,0.10084,0.0410046,0.0
3.78439,0.000724002,0.134454,0.0475516,0.0
3.78615,0.000722819,0.10084,0.0410046,0.0
3.78664,0.000733992,0.218487,0.0603009,0.0
3.78606,0.000756338,0.168067,0.0530648,0.0
3.78621,0.000738527,0.0336134,0.0237758,0.0
3.78668,0.000745493,0.235294,0.0627129,0.0
3.78695,0.000768694,0.218487,0.0603009,0.0
3.78642,0.000763567,0.268908,0.0668479,0.0
3.78622,0.00073879,0.10084,0.0410046,0.0
3.78613,0.000731889,0.117647,0.0444504,0.0
3.7871,0.000743916,0.134454,0.0475516,0.0
3.78727,0.00074832,0.151261,0.0503082,0.0
3.78581,0.000722819,0.10084,0.0410046,0.0
3.78504,0.000723279,0.117647,0.0444504,0.0
3.78618,0.000724002,0.134454,0.0475516,0.0
3.78713,0.00071605,0.10084,0.0410046,0.0
3.78645,0.000718679,0.10084,0.0410046,0.0
3.78683,0.000728077,0.134454,0.0475516,0.0
3.7872,0.000734189,0.268908,0.0668479,0.0
3.78741,0.00075338,0.184874,0.0554768,0.0
3.78777,0.000714275,0.134454,0.0475516,0.0
3.78733,0.000757192,0.151261,0.0503082,0.0
3.78778,0.000759295,0.168067,0.0530648,0.0
3.78671,0.000740499,0.151261,0.0503082,0.0
3.78768,0.000721768,0.201681,0.0582334,0.0
3.78896,0.000713552,0.134454,0.0475516,0.0
3.78718,0.000714341,0.10084,0.0410046,0.0
3.78705,0.000731297,0.0840336,0.0375589,0.0
3.78847,0.000705534,0.168067,0.0530648,0.0
3.78815,0.000736029,0.235294,0.0627129,0.0
3.78832,0.000751014,0.151261,0.0503082,0.0
3.78743,0.000734321,0.184874,0.0606455,0.0
3.78853,0.000726434,0.10084,0.0410046,0.0
3.78923,0.000752592,0.201681,0.0582334,0.0
3.78924,0.000725119,0.252101,0.0647804,0.0
3.78901,0.000736621,0.168067,0.0530648,0.0
3.78844,0.000734715,0.134454,0.0475516,0.0
3.78897,0.00074155,0.151261,0.0503082,0.0
3.78851,0.000721439,0.134454,0.0475516,0.0
3.7891,0.000742404,0.235294,0.0627129,0.0
3.78933,0.000721702,0.0336134,0.0237758,0.0
3.7878,0.000713749,0.117647,0.0444504,0.0
3.78928,0.000721045,0.201681,0.0582334,0.0
3.78936,0.000733072,0.134454,0.0530648,0.0
3.78756,0.000733466,0.134454,0.0475516,0.0
3.78884,0.000734058,0.218487,0.0603009,0.0
3.78973,0.000714341,0.151261,0.0503082,0.0
3.78946,0.000734649,0.235294,0.0627129,0.0
3.78999,0.000740433,0.201681,0.0582334,0.0
3.78973,0.000746216,0.302521,0.0709828,0.0
3.79027,0.000719139,0.184874,0.0554768,0.0
3.79024,0.000735964,0.117647,0.0444504,0.0
3.7889,0.000732217,0.134454,0.0475516,0.0
3.78982,0.000735306,0.117647,0.0444504,0.0
3.79044,0.000750488,0.168067,0.0530648,0.0
3.79009,0.000734781,0.218487,0.0603009,0.0
3.78953,0.000712698,0.0840336,0.0375589,0.0
3.78973,0.000721439,0.117647,0.0444504,0.0
3.79106,0.00072019,0.10084,0.0410046,0.0
3.7908,0.000712106,0.0672269,0.0334239,0.0
3.7896,0.000712764,0.117647,0.0444504,0.0
3.79027,0.000711712,0.117647,0.0444504,0.0
3.79097,0.000732612,0.218487,0.0603009,0.0
3.79102,0.000723345,0.117647,0.0444504,0.0
3.79007,0.000716313,0.0840336,0.0375589,0.0
3.78882,0.000722293,0.10084,0.0410046,0.0
3.78949,0.000736489,0.10084,0.0410046,0.0
3.79042,0.000741616,0.218487,0.0603009,0.0
3.78991,0.000735438,0.10084,0.0410046,0.0
3.79045,0.00071927,0.151261,0.0503082,0.0
3.79174,0.000746874,0.151261,0.0503082,0.0
3.79063,0.00073018,0.151261,0.0503082,0.0
3.79102,0.000713355,0.184874,0.0554768,0.0
3.79069,0.000721373,0.151261,0.0503082,0.0
3.79154,0.000735635,0.10084,0.0410046,0.0
3.79138,0.000725645,0.151261,0.0503082,0.0
3.79281,0.000744639,0.201681,0.0582334,0.0
3.79308,0.000739578,0.218487,0.0603009,0.0
3.79233,0.00072972,0.201681,0.0582334,0.0
3.79107,0.000722162,0.10084,0.0410046,0.0
3.79181,0.000714472,0.0504202,0.0289444,0.0
3.79252,0.000691601,0.10084,0.0410046,0.0
3.79216,0.000704154,0.184874,0.0554768,0.0
3.79253,0.000725645,0.134454,0.0475516,0.0
3.79295,0.000728537,0.10084,0.0410046,0.0
3.79192,0.000727091,0.151261,0.0503082,0.0
3.79263,0.000759427,0.184874,0.0554768,0.0
3.79237,0.000739447,0.201681,0.0582334,0.0
3.79271,0.000720782,0.0504202,0.0289444,0.0
3.79369,0.000698699,0.151261,0.0503082,0.0
3.79462,0.000710135,0.184874,0.0554768,0.0
3.79357,0.000733006,0.117647,0.0444504,0.0
3.79254,0.000744573,0.0504202,0.0289444,0.0
3.79286,0.000728734,0.151261,0.0503082,0.0
3.79272,0.000727814,0.117647,0.0444504,0.0
3.79205,0.000717298,0.117647,0.0444504,0.0
3.79281,0.000716575,0.10084,0.0410046,0.0
3.79351,0.00072742,0.168067,0.0530648,0.0
3.79326,0.000731232,0.134454,0.0475516,0.0
3.79338,0.000726828,0.10084,0.0410046,0.0
3.79433,0.000729983,0.184874,0.0554768,0.0
3.79441,0.000718021,0.151261,0.0503082,0.0
3.79372,0.000728931,0.168067,0.0530648,0.0
3.79319,0.000718941,0.10084,0.0410046,0.0
3.79302,0.000714998,0.0336134,0.0237758,0.0
3.79377,0.000722688,0.218487,0.0603009,0.0
3.79401,0.000729194,0.117647,0.0444504,0.0
3.79293,0.000728011,0.0840336,0.0375589,0.0
3.79371,0.000723805,0.218487,0.0603009,0.0
3.79534,0.000724856,0.184874,0.0554768,0.0
3.79488,0.000730443,0.134454,0.0475516,0.0
3.79389,0.000729851,0.0672269,0.0334239,0.0
3.79495,0.000735898,0.168067,0.0530648,0.0
3.79552,0.00073879,0.218487,0.0603009,0.0
3.7944,0.000719139,0.0336134,0.0237758,0.0
3.79397,0.00071697,0.0840336,0.0375589,0.0
3.79512,0.000734123,0.252101,0.0647804,0.0
3.7941,0.000733006,0.10084,0.0410046,0.0
3.79454,0.000745954,0.235294,0.0627129,0.0
3.79617,0.000748385,0.201681,0.0582334,0.0
3.79493,0.000718876,0.151261,0.0503082,0.0
3.79475,0.00073202,0.201681,0.0582334,0.0
3.79572,0.000737738,0.201681,0.0582334,0.0
3.79555,0.000725514,0.151261,0.0503082,0.0
3.79569,0.000740038,0.117647,0.0444504,0.0
3.79542,0.000704351,0.117647,0.0444504,0.0
3.79492,0.000705403,0.168067,0.0530648,0.0
3.79673,0.000718941,0.218487,0.0603009,0.0
3.79622,0.000729391,0.168067,0.0530648,0.0
3.79606,0.000726631,0.134454,0.0475516,0.0
3.79556,0.000738658,0.151261,0.0503082,0.0
3.79557,0.000729194,0.0672269,0.0334239,0.0
3.79622,0.00070698,0.117647,0.0444504,0.0
3.79664,0.000737212,0.218487,0.0603009,0.0
3.79673,0.000747859,0.184874,0.0554768,0.0
3.79671,0.000730114,0.10084,0.0410046,0.0
3.79637,0.000709806,0.151261,0.0503082,0.0
3.79581,0.000693244,0.151261,0.0503082,0.0
3.79656,0.00074063,0.168067,0.0530648,0.0
3.79701,0.000737212,0.151261,0.0503082,0.0
3.79667,0.000732283,0.10084,0.0410046,0.0
3.79657,0.000724659,0.134454,0.0475516,0.0
3.79753,0.000728537,0.151261,0.0503082,0.0
3.79694,0.000733466,0.218487,0.0603009,0.0
3.79686,0.000724331,0.0672269,0.0334239,0.0
3.79742,0.000719467,0.117647,0.0444504,0.0
3.79715,0.000726697,0.10084,0.0410046,0.0
3.7968,0.000716641,0.0840336,0.0375589,0.0
3.79761,0.000711843,0.168067,0.0530648,0.0
3.7977,0.000722359,0.134454,0.0475516,0.0
3.79771,0.000756601,0.201681,0.0582334,0.0
3.79803,0.000737212,0.117647,0.0444504,0.0
3.79669,0.00072834,0.201681,0.0582334,0.0
3.79744,0.000734518,0.235294,0.0627129,0.0
3.79779,0.00072065,0.134454,0.0475516,0.0
3.79746,0.000709609,0.0840336,0.0375589,0.0
3.79738,0.000709017,0.134454,0.0475516,0.0
3.79792,0.000713486,0.10084,0.0410046,0.0
3.7983,0.000747531,0.201681,0.0582334,0.0
3.79871,0.00074878,0.218487,0.0603009,0.0
3.79907,0.000744836,0.151261,0.0503082,0.0
3.79859,0.00071927,0.235294,0.0671924,0.0
3.79893,0.000722819,0.151261,0.0503082,0.0
3.7992,0.000771651,0.235294,0.0627129,0.0
3.79847,0.000729391,0.151261,0.0503082,0.0
3.79857,0.000718547,0.134454,0.0475516,0.0
3.79993,0.000742339,0.168067,0.0530648,0.0
3.79996,0.00074385,0.151261,0.0503082,0.0
3.79867,0.000708886,0.134454,0.0475516,0.0
3.79918,0.000701525,0.0840336,0.0375589,0.0
3.79994,0.000713224,0.10084,0.0410046,0.0
3.7994,0.000745362,0.151261,0.0503082,0.0
3.7993,0.000742339,0.151261,0.0503082,0.0
3.79879,0.000710529,0.10084,0.0410046,0.0
3.79895,0.000709017,0.0840336,0.0375589,0.0
3.79938,0.000703365,0.0672269,0.0334239,0.0
3.79902,0.000720322,0.0672269,0.0334239,0.0
3.79976,0.000732283,0.184874,0.0554768,0.0
3.79972,0.000703694,0.0840336,0.0375589,0.0
3.79884,0.000718744,0.0840336,0.0375589,0.0
3.79991,0.000715655,0.0840336,0.0375589,0.0
3.80051,0.00071743,0.184874,0.0554768,0.0
3.79964,0.000703825,0.0672269,0.0334239,0.0
3.80002,0.000711843,0.218487,0.0603009,0.0
3.80055,0.000720453,0.134454,0.0475516,0.0
3.8001,0.000738067,0.235294,0.0627129,0.0
3.80058,0.000755023,0.134454,0.0475516,0.0
3.80036,0.000713355,0.117647,0.0444504,0.0
3.80015,0.000704811,0.134454,0.0475516,0.0
3.80033,0.000712698,0.134454,0.0475516,0.0
3.80046,0.000713749,0.134454,0.0475516,0.0
3.80098,0.000713815,0.134454,0.0475516,0.0
3.80175,0.000733466,0.184874,0.0554768,0.0
3.8013,0.000733729,0.201681,0.0582334,0.0
3.80153,0.000731955,0.151261,0.0503082,0.0
3.80108,0.000710397,0.117647,0.0444504,0.0
3.80116,0.000716773,0.0840336,0.0375589,0.0
3.80074,0.000704877,0.0504202,0.0289444,0.0
3.80021,0.000701788,0.10084,0.0410046,0.0
3.802,0.000729063,0.151261,0.0503082,0.0
3.80171,0.000733729,0.168067,0.0530648,0.0
3.80111,0.00070882,0.117647,0.0444504,0.0
3.80153,0.000716181,0.134454,0.0475516,0.0
3.80179,0.000719204,0.10084,0.0410046,0.0
3.80148,0.0007056,0.168067,0.0530648,0.0
3.80157,0.00071158,0.10084,0.0410046,0.0
3.80323,0.000709806,0.117647,0.0444504,0.0
3.80197,0.000734452,0.134454,0.0475516,0.0
3.80132,0.000720979,0.151261,0.0503082,0.0
3.80137,0.000714735,0.10084,0.0410046,0.0
3.80221,0.000713486,0.0672269,0.0334239,0.0
3.80353,0.000712501,0.117647,0.0444504,0.0
3.8039,0.00074339,0.151261,0.0503082,0.0
3.80349,0.000713289,0.10084,0.0410046,0.0
3.80317,0.000711712,0.10084,0.0410046,0.0
3.80301,0.000720519,0.10084,0.0410046,0.0
3.80226,0.000697582,0.134454,0.0475516,0.0
3.80229,0.000719796,0.168067,0.0530648,0.0
3.80384,0.000709214,0.184874,0.0554768,0.0
3.80353,0.00073018,0.10084,0.0410046,0.0
3.80363,0.000756338,0.252101,0.0647804,0.0
3.80261,0.000711186,0.0840336,0.0375589,0.0
3.80249,0.000705534,0.168067,0.0530648,0.0
3.80326,0.000713684,0.134454,0.0475516,0.0
3.80237,0.000709477,0.0672269,0.0334239,0.0
3.80288,0.000718021,0.201681,0.0582334,0.0
3.80445,0.000711975,0.151261,0.0503082,0.0
3.80447,0.000740499,0.134454,0.0475516,0.0
3.80342,0.000707703,0.117647,0.0444504,0.0
3.80377,0.000702971,0.134454,0.0475516,0.0
3.80432,0.000717627,0.0840336,0.0375589,0.0
3.80352,0.000702051,0.168067,0.0530648,0.0
3.80457,0.000721242,0.117647,0.0444504,0.0
3.80412,0.000721373,0.151261,0.0503082,0.0
3.80345,0.000703759,0.10084,0.0410046,0.0
3.80396,0.000709543,0.168067,0.0530648,0.0
3.80391,0.000705205,0.151261,0.0503082,0.0
3.80377,0.000719139,0.0672269,0.0334239,0.0
3.80438,0.000731232,0.184874,0.0606455,0.0
3.80466,0.000736227,0.0672269,0.0334239,0.0
3.80428,0.000708557,0.134454,0.0475516,0.0
3.80493,0.000730706,0.201681,0.0582334,0.0
3.80478,0.000728143,0.235294,0.0627129,0.0
3.80456,0.000720913,0.0840336,0.0375589,0.0
3.80487,0.000719599,0.218487,0.0603009,0.0
3.80532,0.000726105,0.0672269,0.0334239,0.0
3.80545,0.000719796,0.151261,0.0503082,0.0
3.80622,0.000712172,0.10084,0.0410046,0.0
3.80604,0.00069975,0.10084,0.0410046,0.0
3.80501,0.000735372,0.117647,0.0444504,0.0
3.806,0.000720124,0.134454,0.0475516,0.0
3.80637,0.000718613,0.134454,0.0475516,0.0
3.80656,0.000725974,0.0504202,0.0289444,0.0
3.80644,0.000746414,0.201681,0.0582334,0.0
3.80678,0.000756798,0.184874,0.0554768,0.0
3.80699,0.000715261,0.134454,0.0475516,0.0
3.80785,0.000736818,0.218487,0.0603009,0.0
3.80665,0.000730903,0.201681,0.0582334,0.0
3.806,0.000721768,0.201681,0.0582334,0.0
3.80711,0.000722622,0.201681,0.0582334,0.0
3.80633,0.000726565,0.0840336,0.0375589,0.0
3.80678,0.00073971,0.10084,0.0410046,0.0
3.80718,0.000716247,0.10084,0.0410046,0.0
3.80586,0.000698633,0.0672269,0.0334239,0.0
3.80566,0.000728866,0.134454,0.0475516,0.0
3.80571,0.000709872,0.0672269,0.0334239,0.0
3.80597,0.000724331,0.117647,0.0444504,0.0
3.8074,0.000724659,0.184874,0.0554768,0.0
3.80696,0.000721439,0.151261,0.0503082,0.0
3.80668,0.000719007,0.151261,0.0503082,0.0
3.80786,0.000734912,0.201681,0.0582334,0.0
3.80692,0.000699422,0.0672269,0.0334239,0.0
3.80755,0.000719007,0.184874,0.0554768,0.0
3.80801,0.00071881,0.0840336,0.0375589,0.0
3.80767,0.000724594,0.184874,0.0554768,0.0
3.80729,0.000732875,0.134454,0.0475516,0.0
3.80843,0.000730377,0.117647,0.0444504,0.0
3.80798,0.000709412,0.151261,0.0503082,0.0
3.80849,0.000729194,0.184874,0.0554768,0.0
3.8083,0.000729194,0.134454,0.0475516,0.0
3.80836,0.00071605,0.0672269,0.0334239,0.0
3.80818,0.000715195,0.117647,0.0444504,0.0
3.80902,0.000710989,0.117647,0.0444504,0.0
3.80783,0.00071651,0.168067,0.0530648,0.0
3.80845,0.000710989,0.151261,0.0503082,0.0
3.80873,0.000711778,0.10084,0.0410046,0.0
3.80878,0.000743193,0.10084,0.0410046,0.0
3.80842,0.000730443,0.117647,0.0444504,0.0
3.8084,0.000708689,0.134454,0.0475516,0.0
3.80934,0.000739316,0.0840336,0.0375589,0.0
3.80833,0.000722622,0.10084,0.0410046,0.0
3.80859,0.000719007,0.117647,0.0444504,0.0
3.80971,0.00073741,0.117647,0.0444504,0.0
3.80916,0.000737475,0.168067,0.0530648,0.0
3.8098,0.000739381,0.235294,0.0627129,0.0
3.81044,0.000723279,0.151261,0.0558214,0.0
3.80981,0.000705665,0.134454,0.0475516,0.0
3.80936,0.00071513,0.0840336,0.0375589,0.0
3.80962,0.000687132,0.134454,0.0475516,0.0
3.80998,0.000726171,0.117647,0.0444504,0.0
3.80907,0.000694953,0.0504202,0.0289444,0.0
3.8101,0.000705008,0.134454,0.0475516,0.0
3.8106,0.00071158,0.0840336,0.0375589,0.0
3.81032,0.000718481,0.201681,0.0582334,0.0
3.81003,0.000719467,0.117647,0.0444504,0.0
3.81009,0.000709872,0.0840336,0.0375589,0.0
3.81009,0.000724659,0.235294,0.0627129,0.0
3.81069,0.000727025,0.134454,0.0475516,0.0
3.81095,0.000710463,0.0840336,0.0375589,0.0
3.81033,0.000724462,0.134454,0.0475516,0.0
3.81137,0.000736292,0.201681,0.0582334,0.0
3.8117,0.000726828,0.184874,0.0554768,0.0
3.81148,0.000738264,0.218487,0.0603009,0.0
3.81095,0.000747268,0.151261,0.0503082,0.0
3.81048,0.000720322,0.117647,0.0444504,0.0
3.81236,0.000739841,0.184874,0.0554768,0.0
3.81234,0.000738001,0.117647,0.0444504,0.0
3.81109,0.000719533,0.134454,0.0475516,0.0
3.81132,0.000723542,0.168067,0.0530648,0.0
3.81067,0.000707637,0.0840336,0.0375589,0.0
3.81068,0.000703628,0.117647,0.0444504,0.0
3.8119,0.000689761,0.0336134,0.0237758,0.0
3.81198,0.000730049,0.134454,0.0475516,0.0
3.81169,0.000717693,0.201681,0.0582334,0.0
3.81225,0.000706454,0.184874,0.0554768,0.0
3.81297,0.000717693,0.184874,0.0554768,0.0
3.81267,0.000715721,0.151261,0.0503082,0.0
3.81274,0.000692192,0.10084,0.0410046,0.0
3.8125,0.000698304,0.168067,0.0530648,0.0
3.81262,0.000696661,0.0840336,0.0375589,0.0
3.81208,0.000690549,0.184874,0.0554768,0.0
3.81281,0.000719467,0.117647,0.0444504,0.0
3.81256,0.000708557,0.117647,0.0444504,0.0
3.81242,0.000723082,0.134454,0.0475516,0.0
3.81223,0.000724922,0.0840336,0.0375589,0.0
3.81266,0.000736358,0.117647,0.0444504,0.0
3.81278,0.000716181,0.117647,0.0444504,0.0
3.8134,0.000702314,0.0840336,0.0375589,0.0
3.81361,0.000698304,0.0840336,0.0375589,0.0
3.81321,0.000716313,0.168067,0.0530648,0.0
3.81278,0.000709346,0.168067,0.0530648,0.0
3.81355,0.000716181,0.117647,0.0444504,0.0
3.81328,0.000717167,0.0672269,0.0334239,0.0
3.81392,0.000712172,0.134454,0.0475516,0.0
3.81412,0.000716575,0.201681,0.0582334,0.0
3.81462,0.00074293,0.184874,0.0554768,0.0
3.81413,0.000716115,0.201681,0.0582334,0.0
3.81361,0.0007056,0.0840336,0.0375589,0.0
3.81357,0.0006893,0.134454,0.0475516,0.0
3.81413,0.000719533,0.10084,0.0410046,0.0
3.81431,0.000709675,0.134454,0.0475516,0.0
3.81378,0.000694493,0.10084,0.0410046,0.0
3.81373,0.000695281,0.10084,0.0410046,0.0
3.81388,0.000718876,0.184874,0.0554768,0.0
3.81434,0.000710135,0.117647,0.0444504,0.0
3.81396,0.000707111,0.184874,0.0554768,0.0
3.81443,0.000713224,0.117647,0.0444504,0.0
3.81597,0.000735372,0.168067,0.0530648,0.0
3.81595,0.000732283,0.201681,0.0582334,0.0
3.81548,0.000736752,0.168067,0.0530648,0.0
3.81484,0.000711843,0.184874,0.0554768,0.0
3.81582,0.000708294,0.0672269,0.0334239,0.0
3.81574,0.000730114,0.0840336,0.0375589,0.0
3.81495,0.000694755,0.0504202,0.0289444,0.0
3.81558,0.000718613,0.201681,0.0582334,0.0
3.81577,0.000733335,0.168067,0.0530648,0.0
3.81571,0.000712041,0.151261,0.0503082,0.0
3.81564,0.00070468,0.134454,0.0475516,0.0
3.8156,0.000705994,0.10084,0.0410046,0.0
3.81527,0.000692784,0.0672269,0.0334239,0.0
3.81537,0.000692521,0.0504202,0.0289444,0.0
3.81588,0.00068562,0.0672269,0.0334239,0.0
3.81654,0.000705797,0.117647,0.0444504,0.0
3.81571,0.000719796,0.168067,0.0530648,0.0
3.81587,0.000722359,0.184874,0.0554768,0.0
3.81647,0.000717824,0.117647,0.0444504,0.0
3.81632,0.000701393,0.117647,0.0444504,0.0
3.81634,0.000720847,0.184874,0.0606455,0.0
3.81763,0.000761727,0.268908,0.0668479,0.0
3.81655,0.000739118,0.134454,0.0475516,0.0
3.81573,0.000712764,0.10084,0.0410046,0.0
3.81671,0.000716115,0.117647,0.0444504,0.0
3.81798,0.000734518,0.151261,0.0503082,0.0
3.81636,0.000720453,0.134454,0.0530648,0.0
3.81644,0.000713092,0.134454,0.0475516,0.0
3.81692,0.000700999,0.0672269,0.0334239,0.0
3.81743,0.000703891,0.117647,0.0444504,0.0
3.81778,0.000714867,0.168067,0.0530648,0.0
3.81755,0.000706388,0.117647,0.0444504,0.0
3.81688,0.00070514,0.117647,0.0444504,0.0
3.81742,0.000702774,0.117647,0.0444504,0.0
3.81753,0.000719139,0.168067,0.0530648,0.0
3.81795,0.000701459,0.117647,0.0444504,0.0
3.81775,0.000704154,0.184874,0.0554768,0.0
3.81872,0.000733203,0.134454,0.0475516,0.0
3.81845,0.000710332,0.151261,0.0503082,0.0
3.81873,0.000734649,0.10084,0.0410046,0.0
3.81834,0.000742404,0.151261,0.0503082,0.0
3.81939,0.000735766,0.218487,0.0603009,0.0
3.81892,0.000709806,0.168067,0.0530648,0.0
3.81779,0.000695018,0.0672269,0.0334239,0.0
3.81768,0.000741616,0.184874,0.0554768,0.0
3.81908,0.00074155,0.151261,0.0503082,0.0
3.81942,0.000718284,0.134454,0.0475516,0.0
3.81881,0.000735306,0.235294,0.0627129,0.0
3.81912,0.000712698,0.0504202,0.0289444,0.0
3.81813,0.000702905,0.0672269,0.0334239,0.0
3.8185,0.000726171,0.151261,0.0503082,0.0
3.81925,0.000698042,0.0840336,0.0375589,0.0
3.81958,0.000719993,0.134454,0.0475516,0.0
3.81918,0.000708689,0.0504202,0.0289444,0.0
3.81942,0.000709412,0.134454,0.0475516,0.0
3.82019,0.000703299,0.0840336,0.0375589,0.0
3.82026,0.000704088,0.117647,0.0444504,0.0
3.81962,0.000695544,0.10084,0.0410046,0.0
3.81912,0.000702576,0.134454,0.0475516,0.0
3.82024,0.000704745,0.201681,0.0582334,0.0
3.81968,0.000711646,0.117647,0.0444504,0.0
3.81906,0.000719862,0.10084,0.0410046,0.0
3.82016,0.000708097,0.117647,0.0444504,0.0
3.81996,0.000683188,0.0840336,0.0375589,0.0
3.81976,0.000686803,0.0504202,0.0289444,0.0
3.8211,0.000710332,0.117647,0.0444504,0.0
3.82102,0.000705665,0.117647,0.0503082,0.0
3.82018,0.000710792,0.10084,0.0410046,0.0
3.82063,0.000700342,0.0336134,0.0237758,0.0
3.82036,0.000686343,0.0672269,0.0334239,0.0
3.82096,0.000711909,0.0672269,0.0334239,0.0
3.82135,0.000704548,0.134454,0.0475516,0.0
3.82145,0.000720585,0.235294,0.0627129,0.0
3.82163,0.000703628,0.0336134,0.0237758,0.0
3.82138,0.000695216,0.168067,0.0530648,0.0
3.82037,0.000708229,0.117647,0.0444504,0.0
3.82083,0.00070698,0.184874,0.0554768,0.0
3.82233,0.000734058,0.235294,0.0627129,0.0
3.82158,0.000724725,0.151261,0.0503082,0.0
3.82144,0.00071835,0.134454,0.0475516,0.0
3.82152,0.000719007,0.134454,0.0475516,0.0
3.82205,0.000709937,0.151261,0.0503082,0.0
3.82231,0.000711778,0.184874,0.0554768,0.0
3.82131,0.000697384,0.10084,0.0410046,0.0
3.82181,0.00069607,0.184874,0.0554768,0.0
3.82245,0.000728143,0.201681,0.0582334,0.0
3.82223,0.000714078,0.0840336,0.0375589,0.0
3.82282,0.000714012,0.151261,0.0503082,0.0
3.822,0.000729523,0.0672269,0.0334239,0.0
3.82192,0.000705534,0.0504202,0.0289444,0.0
3.82222,0.000695084,0.117647,0.0444504,0.0
3.82287,0.000696727,0.134454,0.0475516,0.0
3.82304,0.000713421,0.117647,0.0444504,0.0
3.82294,0.000698567,0.10084,0.0410046,0.0
3.82298,0.000722622,0.168067,0.0530648,0.0
3.82305,0.000704417,0.0336134,0.0237758,0.0
3.82278,0.000701328,0.0840336,0.0375589,0.0
3.82326,0.000716378,0.134454,0.0475516,0.0
3.82289,0.00069423,0.0840336,0.0375589,0.0
3.82353,0.000688117,0.134454,0.0475516,0.0
3.82372,0.000710332,0.10084,0.0410046,0.0
3.82371,0.000694953,0.0840336,0.0375589,0.0
3.82243,0.000700868,0.117647,0.0444504,0.0
3.82362,0.000689892,0.0504202,0.0289444,0.0
3.82366,0.000704811,0.117647,0.0444504,0.0
3.82376,0.000688315,0.0504202,0.0289444,0.0
3.82386,0.000690155,0.10084,0.0410046,0.0
3.82368,0.000702116,0.134454,0.0530648,0.0
3.82466,0.000698107,0.117647,0.0444504,0.0
3.82513,0.000726171,0.168067,0.0530648,0.0
3.82471,0.000734321,0.151261,0.0503082,0.0
3.82456,0.000735964,0.151261,0.0503082,0.0
3.82406,0.000733203,0.117647,0.0444504,0.0
3.82339,0.000705008,0.10084,0.0410046,0.0
3.8245,0.00071513,0.10084,0.0410046,0.0
3.82427,0.000737147,0.151261,0.0503082,0.0
3.82453,0.000708623,0.10084,0.0410046,0.0
3.82482,0.000699422,0.134454,0.0475516,0.0
3.82524,0.000695084,0.0336134,0.0237758,0.0
3.82538,0.00069929,0.151261,0.0503082,0.0
3.8252,0.000691864,0.0840336,0.0375589,0.0
3.82607,0.000705534,0.10084,0.0410046,0.0
3.82567,0.000743127,0.168067,0.0530648,0.0
3.82587,0.000696661,0.0840336,0.0375589,0.0
3.82587,0.000682465,0.10084,0.0410046,0.0
3.82589,0.000717298,0.201681,0.0582334,0.0
3.8258,0.000703759,0.184874,0.0554768,0.0
3.82587,0.000713552,0.117647,0.0444504,0.0
3.82553,0.00069791,0.10084,0.0410046,0.0
3.82661,0.000702708,0.117647,0.0444504,0.0
3.82712,0.000723608,0.134454,0.0475516,0.0
3.82619,0.000698502,0.0504202,0.0289444,0.0
3.82571,0.00070514,0.10084,0.0410046,0.0
3.82601,0.000693835,0.0672269,0.0334239,0.0
3.8259,0.000695741,0.117647,0.0444504,0.0
3.82636,0.000711646,0.168067,0.0530648,0.0
3.82596,0.000729917,0.184874,0.0554768,0.0
3.82658,0.000707046,0.0504202,0.0289444,0.0
3.82678,0.000737344,0.235294,0.0627129,0.0
3.82726,0.000725842,0.134454,0.0475516,0.0
3.8268,0.000713421,0.184874,0.0554768,0.0
3.82734,0.000720519,0.117647,0.0444504,0.0
3.82724,0.000708886,0.151261,0.0503082,0.0
3.82681,0.000714801,0.134454,0.0475516,0.0
3.82671,0.000713552,0.134454,0.0475516,0.0
3.82723,0.000707834,0.0840336,0.0375589,0.0
3.82749,0.000701131,0.117647,0.0444504,0.0
3.82778,0.000686869,0.0672269,0.0334239,0.0
3.828,0.000698173,0.134454,0.0475516,0.0
3.82766,0.000705008,0.151261,0.0503082,0.0
3.82801,0.000698567,0.0,0.0,0.0
3.82771,0.000704548,0.0672269,0.0334239,0.0
3.82828,0.000703891,0.0840336,0.0375589,0.0
3.82796,0.000694493,0.10084,0.0410046,0.0
3.82757,0.000708031,0.134454,0.0475516,0.0
3.82732,0.000727157,0.0504202,0.0289444,0.0
3.82798,0.000696464,0.117647,0.0444504,0.0
3.82895,0.000705731,0.10084,0.0410046,0.0
3.82868,0.000725251,0.0840336,0.0375589,0.0
3.82783,0.000704088,0.10084,0.0410046,0.0
3.82878,0.000712041,0.201681,0.0582334,0.0
3.82873,0.000698699,0.0840336,0.0375589,0.0
3.82931,0.000693638,0.0840336,0.0375589,0.0
3.82919,0.000708294,0.117647,0.0444504,0.0
3.8292,0.000696793,0.184874,0.0554768,0.0
3.8299,0.000711383,0.168067,0.0530648,0.0
3.82953,0.00070744,0.168067,0.0530648,0.0
3.82851,0.000706126,0.0672269,0.0334239,0.0
3.82972,0.000686277,0.134454,0.0475516,0.0
3.82922,0.000702248,0.0840336,0.0375589,0.0
3.82895,0.000713355,0.184874,0.0554768,0.0
3.83027,0.000712632,0.0840336,0.0375589,0.0
3.82954,0.000713355,0.117647,0.0444504,0.0
3.82897,0.000705337,0.117647,0.0444504,0.0
3.82971,0.000713092,0.168067,0.0530648,0.0
3.83029,0.000715721,0.184874,0.0554768,0.0
3.82939,0.0,0.184874,0.0,0.0
3.83014,0.0,0.0840336,0.0,0.0
3.83015,0.0,0.184874,0.0,0.0
3.83017,0.0,0.201681,0.0,0.0
3.82956,0.0,0.0672269,0.0,0.0
3.82907,0.0,0.0336134,0.0,0.0
3.83079,0.0,0.134454,0.0,0.0
3.83125,0.0,0.117647,0.0,0.0
3.82992,0.0,0.117647,0.0,0.0
3.8306,0.0,0.117647,0.0,0.0
3.83171,0.0,0.0672269,0.0,0.0
3.83109,0.0,0.0840336,0.0,0.0
3.83109,0.0,0.184874,0.0,0.0
3.83176,0.0,0.168067,0.0,0.0
3.83056,0.0,0.151261,0.0,0.0
3.83119,0.0,0.117647,0.0,0.0
3.83109,0.0,0.134454,0.0,0.0
3.83179,0.0,0.134454,0.0,0.0
3.83186,0.0,0.134454,0.0,0.0
3.83245,0.0,0.151261,0.0,0.0
3.83213,0.0,0.10084,0.0,0.0
3.83142,0.0,0.10084,0.0,0.0
3.83164,0.0,0.151261,0.0,0.0
3.83226,0.0,0.134454,0.0,0.0
3.83282,0.0,0.117647,0.0,0.0
3.83222,0.0,0.0504202,0.0,0.0
3.83307,0.0,0.151261,0.0,0.0
3.83167,0.0,0.0672269,0.0,0.0
3.83126,0.0,0.117647,0.0,0.0
3.83235,0.0,0.117647,0.0,0.0
3.83244,0.0,0.0840336,0.0,0.0
3.83233,0.0,0.10084,0.0,0.0
3.83275,0.0,0.0336134,0.0,0.0
3.83276,0.0,0.151261,0.0,0.0
3.83346,0.0,0.151261,0.0,0.0
3.83273,0.0,0.201681,0.0,0.0
3.83296,0.0,0.0336134,0.0,0.0
3.83327,0.0,0.151261,0.0,0.0
3.83327,0.0,0.0840336,0.0,0.0
3.83321,0.0,0.0840336,0.0,0.0
3.83394,0.0,0.134454,0.0,0.0
3.83461,0.0,0.151261,0.0,0.0
3.83339,0.0,0.184874,0.0,0.0
3.83275,0.0,0.0840336,0.0,0.0
3.83277,0.0,0.10084,0.0,0.0
3.8345,0.0,0.151261,0.0,0.0
3.83462,0.0,0.134454,0.0,0.0
3.83391,0.0,0.0840336,0.0,0.0
3.83427,0.0,0.117647,0.0,0.0
3.83452,0.0,0.117647,0.0,0.0
3.83382,0.0,0.0840336,0.0,0.0
3.83244,0.0,0.0504202,0.0,0.0
3.83421,0.0,0.10084,0.0,0.0
3.83461,0.0,0.117647,0.0,0.0
3.83443,0.0,0.184874,0.0,0.0
3.83471,0.0,0.10084,0.0,0.0
3.83527,0.0,0.0504202,0.0,0.0
3.83432,0.0,0.0840336,0.0,0.0
3.8345,0.0,0.0672269,0.0,0.0
3.83465,0.0,0.117647,0.0,0.0
3.83546,0.0,0.117647,0.0,0.0
3.83603,0.0,0.134454,0.0,0.0
3.83592,0.0,0.201681,0.0,0.0
3.83601,0.0,0.151261,0.0,0.0
3.83665,0.0,0.218487,0.0,0.0
3.83657,0.0,0.134454,0.0,0.0
3.8358,0.0,0.0840336,0.0,0.0
3.83633,0.0,0.117647,0.0,0.0
3.83653,0.0,0.0504202,0.0,0.0
3.83684,0.0,0.0672269,0.0,0.0
3.83634,0.0,0.134454,0.0,0.0
3.83646,0.0,0.10084,0.0,0.0
3.83671,0.0,0.117647,0.0,0.0
3.83608,0.0,0.0336134,0.0,0.0
3.8362,0.0,0.0840336,0.0,0.0
3.83591,0.0,0.0840336,0.0,0.0
3.83616,0.0,0.0672269,0.0,0.0
3.83618,0.0,0.0336134,0.0,0.0
3.83666,0.0,0.117647,0.0,0.0
3.83634,0.0,0.252101,0.0,0.0
3.83674,0.0,0.117647,0.0,0.0
3.83795,0.0,0.134454,0.0,0.0
3.83716,0.0,0.168067,0.0,0.0
3.83666,0.0,0.134454,0.0,0.0
3.8379,0.0,0.252101,0.0,0.0
3.83796,0.0,0.134454,0.0,0.0
3.83686,0.0,0.134454,0.0,0.0
3.83797,0.0,0.0504202,0.0,0.0
3.83878,0.0,0.10084,0.0,0.0
3.83774,0.0,0.151261,0.0,0.0
3.83791,0.0,0.117647,0.0,0.0
3.83843,0.0,0.0504202,0.0,0.0
3.8385,0.0,0.10084,0.0,0.0
3.83803,0.0,0.184874,0.0,0.0
3.83817,0.0,0.134454,0.0,0.0
3.83823,0.0,0.0672269,0.0,0.0
3.83839,0.0,0.0840336,0.0,0.0
3.83884,0.0,0.0840336,0.0,0.0
3.83772,0.0,0.0504202,0.0,0.0
3.83806,0.0,0.134454,0.0,0.0
3.83907,0.0,0.0336134,0.0,0.0
3.83835,0.0,0.0840336,0.0,0.0
3.83866,0.0,0.0840336,0.0,0.0
3.83845,0.0,0.117647,0.0,0.0
3.83913,0.0,0.168067,0.0,0.0
3.83955,0.0,0.0504202,0.0,0.0
3.83864,0.0,0.0672269,0.0,0.0
3.83815,0.0,0.184874,0.0,0.0
3.83944,0.0,0.134454,0.0,0.0
3.83904,0.0,0.0672269,0.0,0.0
3.83842,0.0,0.0504202,0.0,0.0
3.84037,0.0,0.218487,0.0,0.0
3.84015,0.0,0.117647,0.0,0.0
3.84024,0.0,0.117647,0.0,0.0
3.8403,0.0,0.201681,0.0,0.0
3.84049,0.0,0.151261,0.0,0.0
3.8397,0.0,0.134454,0.0,0.0
3.83991,0.0,0.168067,0.0,0.0
3.841,0.0,0.151261,0.0,0.0
3.8408,0.0,0.151261,0.0,0.0
3.84062,0.0,0.134454,0.0,0.0
3.84071,0.0,0.0504202,0.0,0.0
3.84096,0.0,0.0840336,0.0,0.0
3.84088,0.0,0.10084,0.0,0.0
3.84201,0.0,0.168067,0.0,0.0
3.84228,0.0,0.151261,0.0,0.0
3.84065,0.0,0.151261,0.0,0.0
3.84121,0.0,0.0840336,0.0,0.0
3.84183,0.0,0.0840336,0.0,0.0
3.8406,0.0,0.10084,0.0,0.0
3.84106,0.0,0.10084,0.0,0.0
3.8408,0.0,0.168067,0.0,0.0
3.84117,0.0,0.117647,0.0,0.0
3.84252,0.0,0.10084,0.0,0.0
3.84231,0.0,0.117647,0.0,0.0
3.84189,0.0,0.117647,0.0,0.0
3.84183,0.0,0.0840336,0.0,0.0
3.84265,0.0,0.134454,0.0,0.0
3.84221,0.0,0.134454,0.0,0.0
3.84346,0.0,0.134454,0.0,0.0
3.84257,0.0,0.184874,0.0,0.0
3.84264,0.0,0.117647,0.0,0.0
3.84262,0.0,0.0840336,0.0,0.0
3.84246,0.0,0.168067,0.0,0.0
3.84353,0.0,0.10084,0.0,0.0
3.8439,0.0,0.168067,0.0,0.0
3.84421,0.0,0.134454,0.0,0.0
3.84383,0.0,0.218487,0.0,0.0
3.84296,0.0,0.151261,0.0,0.0
3.84295,0.0,0.0336134,0.0,0.0
3.84281,0.0,0.0504202,0.0,0.0
3.84327,0.0,0.0840336,0.0,0.0
3.84343,0.0,0.218487,0.0,0.0
3.84399,0.0,0.0840336,0.0,0.0
3.84234,0.0,0.0840336,0.0,0.0
3.84332,0.0,0.10084,0.0,0.0
3.84333,0.0,0.151261,0.0,0.0
3.84362,0.0,0.0840336,0.0,0.0
3.84439,0.0,0.10084,0.0,0.0
3.84387,0.0,0.117647,0.0,0.0
3.84426,0.0,0.117647,0.0,0.0
3.84413,0.0,0.10084,0.0,0.0
3.84421,0.0,0.0504202,0.0,0.0
3.84464,0.0,0.168067,0.0,0.0
3.84515,0.0,0.0672269,0.0,0.0
3.84504,0.0,0.117647,0.0,0.0
3.8449,0.0,0.117647,0.0,0.0
3.84489,0.0,0.0672269,0.0,0.0
3.84352,0.0,0.151261,0.0,0.0
3.84457,0.0,0.0672269,0.0,0.0
3.84521,0.0,0.0504202,0.0,0.0
3.84509,0.0,0.0504202,0.0,0.0
3.84545,0.0,0.117647,0.0,0.0
3.84586,0.0,0.134454,0.0,0.0
3.84578,0.0,0.0840336,0.0,0.0
3.84571,0.0,0.10084,0.0,0.0
3.84488,0.0,0.0504202,0.0,0.0
3.84505,0.0,0.0672269,0.0,0.0
3.84643,0.0,0.117647,0.0,0.0
3.8472,0.0,0.134454,0.0,0.0
3.84623,0.0,0.0672269,0.0,0.0
3.84655,0.0,0.10084,0.0,0.0
3.8461,0.0,0.0672269,0.0,0.0
3.84564,0.0,0.0840336,0.0,0.0
3.84691,0.0,0.168067,0.0,0.0
3.84671,0.0,0.0336134,0.0,0.0
3.8474,0.0,0.134454,0.0,0.0
3.84864,0.0,0.117647,0.0,0.0
3.84741,0.0,0.117647,0.0,0.0
3.8465,0.0,0.0504202,0.0,0.0
3.8469,0.0,0.10084,0.0,0.0
3.847,0.0,0.168067,0.0,0.0
3.84685,0.0,0.0672269,0.0,0.0
3.84706,0.0,0.0840336,0.0,0.0
3.84826,0.0,0.10084,0.0,0.0
3.84804,0.0,0.168067,0.0,0.0
3.84635,0.0,0.134454,0.0,0.0
3.84804,0.0,0.0336134,0.0,0.0
3.84787,0.0,0.0840336,0.0,0.0
3.84759,0.0,0.0168067,0.0,0.0
3.84714,0.0,0.134454,0.0,0.0
3.84727,0.0,0.10084,0.0,0.0
3.84834,0.0,0.117647,0.0,0.0
3.8485,0.0,0.184874,0.0,0.0
3.84807,0.0,0.0840336,0.0,0.0
3.84821,0.0,0.168067,0.0,0.0
3.84849,0.0,0.117647,0.0,0.0
3.84807,0.0,0.10084,0.0,0.0
3.84837,0.0,0.168067,0.0,0.0
3.84872,0.0,0.201681,0.0,0.0
3.84916,0.0,0.0840336,0.0,0.0
3.84894,0.0,0.134454,0.0,0.0
3.84941,0.0,0.151261,0.0,0.0
3.84873,0.0,0.0672269,0.0,0.0
3.84858,0.0,0.0840336,0.0,0.0
3.84937,0.0,0.201681,0.0,0.0
3.84957,0.0,0.117647,0.0,0.0
3.84839,0.0,0.134454,0.0,0.0
3.84879,0.0,0.10084,0.0,0.0
3.85013,0.0,0.0672269,0.0,0.0
3.85072,0.0,0.218487,0.0,0.0
3.85159,0.0,0.168067,0.0,0.0
3.84992,0.0,0.117647,0.0,0.0
3.84976,0.0,0.0504202,0.0,0.0
3.85085,0.0,0.201681,0.0,0.0
3.8506,0.0,0.0840336,0.0,0.0
3.8507,0.0,0.117647,0.0,0.0
3.85193,0.0,0.0840336,0.0,0.0
3.85129,0.0,0.117647,0.0,0.0
3.85084,0.0,0.168067,0.0,0.0
3.8502,0.0,0.0336134,0.0,0.0
3.85026,0.0,0.151261,0.0,0.0
3.85038,0.0,0.117647,0.0,0.0
3.85149,0.0,0.10084,0.0,0.0
3.85161,0.0,0.0840336,0.0,0.0
3.84968,0.0,0.0504202,0.0,0.0
3.85064,0.0,0.0672269,0.0,0.0
3.85138,0.0,0.168067,0.0,0.0
3.85116,0.0,0.117647,0.0,0.0
3.85172,0.0,0.0504202,0.0,0.0
3.85111,0.0,0.134454,0.0,0.0
3.85172,0.0,0.0336134,0.0,0.0
3.85267,0.0,0.117647,0.0,0.0
3.85213,0.0,0.0672269,0.0,0.0
3.85259,0.0,0.134454,0.0,0.0
3.85198,0.0,0.134454,0.0,0.0
3.85122,0.0,0.134454,0.0,0.0
3.85206,0.0,0.117647,0.0,0.0
3.85237,0.0,0.134454,0.0,0.0
3.85258,0.0,0.151261,0.0,0.0
3.85202,0.0,0.0840336,0.0,0.0
3.85331,0.0,0.10084,0.0,0.0
3.85298,0.0,0.117647,0.0,0.0
3.85203,0.0,0.117647,0.0,0.0
3.85285,0.0,0.151261,0.0,0.0
3.85352,0.0,0.184874,0.0,0.0
3.8535,0.0,0.117647,0.0,0.0
3.85287,0.0,0.0840336,0.0,0.0
3.85323,0.0,0.0336134,0.0,0.0
3.854,0.0,0.168067,0.0,0.0
3.85362,0.0,0.117647,0.0,0.0
3.85336,0.0,0.117647,0.0,0.0
3.85397,0.0,0.10084,0.0,0.0
3.8546,0.0,0.168067,0.0,0.0
3.85337,0.0,0.10084,0.0,0.0
3.85382,0.0,0.10084,0.0,0.0
3.85419,0.0,0.0840336,0.0,0.0
3.85474,0.0,0.168067,0.0,0.0
3.85422,0.0,0.10084,0.0,0.0
3.85444,0.0,0.0336134,0.0,0.0
3.85482,0.0,0.10084,0.0,0.0
3.85545,0.0,0.10084,0.0,0.0
3.85524,0.0,0.151261,0.0,0.0
3.85591,0.0,0.184874,0.0,0.0
3.85602,0.0,0.134454,0.0,0.0
3.85528,0.0,0.10084,0.0,0.0
3.8543,0.0,0.0672269,0.0,0.0
3.85471,0.0,0.134454,0.0,0.0
3.85476,0.0,0.168067,0.0,0.0
3.8555,0.0,0.0840336,0.0,0.0
3.85542,0.0,0.10084,0.0,0.0
3.85552,0.0,0.10084,0.0,0.0
3.85536,0.0,0.10084,0.0,0.0
3.85527,0.0,0.0840336,0.0,0.0
3.85532,0.0,0.0504202,0.0,0.0
3.85561,0.0,0.134454,0.0,0.0
3.85549,0.0,0.151261,0.0,0.0
3.85552,0.0,0.0336134,0.0,0.0
3.8561,0.0,0.0672269,0.0,0.0
3.85744,0.0,0.151261,0.0,0.0
3.85722,0.0,0.134454,0.0,0.0
3.85626,0.0,0.0840336,0.0,0.0
3.85556,0.0,0.117647,0.0,0.0
3.85675,0.0,0.117647,0.0,0.0
3.85713,0.0,0.10084,0.0,0.0
3.85629,0.0,0.117647,0.0,0.0
3.85625,0.0,0.0672269,0.0,0.0
3.85699,0.0,0.168067,0.0,0.0
3.85761,0.0,0.151261,0.0,0.0
3.85604,0.0,0.10084,0.0,0.0
3.8561,0.0,0.134454,0.0,0.0
3.85709,0.0,0.0840336,0.0,0.0
3.85805,0.0,0.0840336,0.0,0.0
3.8569,0.0,0.0840336,0.0,0.0
3.8574,0.0,0.0672269,0.0,0.0
3.85868,0.0,0.201681,0.0,0.0
3.85829,0.0,0.268908,0.0,0.0
3.85718,0.0,0.151261,0.0,0.0
3.85701,0.0,0.0504202,0.0,0.0
3.85727,0.0,0.0840336,0.0,0.0
3.85747,0.0,0.0840336,0.0,0.0
3.85817,0.0,0.0336134,0.0,0.0
3.85684,0.0,0.134454,0.0,0.0
3.85732,0.0,0.0672269,0.0,0.0
3.8577,0.0,0.184874,0.0,0.0
3.85841,0.0,0.0840336,0.0,0.0
3.85889,0.0,0.0504202,0.0,0.0
3.85726,0.0,0.134454,0.0,0.0
3.85875,0.0,0.184874,0.0,0.0
3.85953,0.0,0.10084,0.0,0.0
3.85917,0.0,0.0840336,0.0,0.0
3.8597,0.0,0.0840336,0.0,0.0
3.85995,0.0,0.117647,0.0,0.0
3.85952,0.0,0.134454,0.0,0.0
3.8588,0.0,0.151261,0.0,0.0
3.85846,0.0,0.10084,0.0,0.0
3.85889,0.0,0.134454,0.0,0.0
3.8592,0.0,0.0336134,0.0,0.0
3.85916,0.0,0.117647,0.0,0.0
3.85942,0.0,0.0672269,0.0,0.0
3.85941,0.0,0.117647,0.0,0.0
3.8597,0.0,0.0672269,0.0,0.0
3.85997,0.0,0.134454,0.0,0.0
3.86037,0.0,0.0672269,0.0,0.0
3.85984,0.0,0.117647,0.0,0.0
3.86057,0.0,0.184874,0.0,0.0
3.86113,0.0,0.151261,0.0,0.0
3.86151,0.0,0.0672269,0.0,0.0
3.86038,0.0,0.117647,0.0,0.0
3.86031,0.0,0.151261,0.0,0.0
3.85963,0.0,0.10084,0.0,0.0
3.85989,0.0,0.0840336,0.0,0.0
3.86096,0.0,0.0672269,0.0,0.0
3.86179,0.0,0.184874,0.0,0.0
3.86133,0.0,0.10084,0.0,0.0
3.86175,0.0,0.151261,0.0,0.0
3.86131,0.0,0.0672269,0.0,0.0
3.86051,0.0,0.10084,0.0,0.0
3.86133,0.0,0.0840336,0.0,0.0
3.86167,0.0,0.0840336,0.0,0.0
3.86148,0.0,0.0672269,0.0,0.0
3.86155,0.0,0.10084,0.0,0.0
3.86234,0.0,0.151261,0.0,0.0
3.8619,0.0,0.10084,0.0,0.0
3.86165,0.0,0.0672269,0.0,0.0
3.86198,0.0,0.134454,0.0,0.0
3.86307,0.0,0.151261,0.0,0.0
3.86326,0.0,0.117647,0.0,0.0
3.86306,0.0,0.0840336,0.0,0.0
3.86267,0.0,0.134454,0.0,0.0
3.86281,0.0,0.134454,0.0,0.0
3.86283,0.0,0.134454,0.0,0.0
3.86285,0.0,0.10084,0.0,0.0
3.86401,0.0,0.168067,0.0,0.0
3.8631,0.0,0.168067,0.0,0.0
3.8629,0.0,0.151261,0.0,0.0
3.86423,0.0,0.168067,0.0,0.0
3.86423,0.0,0.10084,0.0,0.0
3.86341,0.0,0.0840336,0.0,0.0
3.86347,0.0,0.117647,0.0,0.0
3.86363,0.0,0.10084,0.0,0.0
3.86331,0.0,0.117647,0.0,0.0
3.86328,0.0,0.0672269,0.0,0.0
3.86322,0.0,0.117647,0.0,0.0
3.86524,0.0,0.168067,0.0,0.0
3.86471,0.0,0.0504202,0.0,0.0
3.86352,0.0,0.151261,0.0,0.0
3.86357,0.0,0.0504202,0.0,0.0
3.86311,0.0,0.0504202,0.0,0.0
3.86363,0.0,0.10084,0.0,0.0
3.86429,0.0,0.134454,0.0,0.0
3.86443,0.0,0.0840336,0.0,0.0
3.86552,0.0,0.0840336,0.0,0.0
3.86508,0.0,0.134454,0.0,0.0
3.86445,0.0,0.0840336,0.0,0.0
3.86491,0.0,0.117647,0.0,0.0
3.86494,0.0,0.0840336,0.0,0.0
3.86519,0.0,0.0840336,0.0,0.0
3.86543,0.0,0.10084,0.0,0.0
3.86417,0.0,0.151261,0.0,0.0
3.86499,0.0,0.0840336,0.0,0.0
3.86585,0.0,0.0336134,0.0,0.0
3.86495,0.0,0.151261,0.0,0.0
3.86485,0.0,0.10084,0.0,0.0
3.86535,0.0,0.0840336,0.0,0.0
3.86583,0.0,0.218487,0.0,0.0
3.86562,0.0,0.134454,0.0,0.0
3.86592,0.0,0.0672269,0.0,0.0
3.8656,0.0,0.117647,0.0,0.0
3.86642,0.0,0.184874,0.0,0.0
3.86733,0.0,0.134454,0.0,0.0
3.8663,0.0,0.201681,0.0,0.0
3.86561,0.0,0.0840336,0.0,0.0
3.86645,0.0,0.117647,0.0,0.0
3.86651,0.0,0.0840336,0.0,0.0
3.86565,0.0,0.0672269,0.0,0.0
3.86676,0.0,0.151261,0.0,0.0
3.86794,0.0,0.184874,0.0,0.0
3.86752,0.0,0.134454,0.0,0.0
3.8672,0.0,0.134454,0.0,0.0
3.86689,0.0,0.117647,0.0,0.0
3.86699,0.0,0.10084,0.0,0.0
3.8674,0.0,0.0672269,0.0,0.0
3.86781,0.0,0.0672269,0.0,0.0
3.86782,0.0,0.201681,0.0,0.0
3.86764,0.0,0.0840336,0.0,0.0
3.86683,0.0,0.0504202,0.0,0.0
3.86721,0.0,0.0672269,0.0,0.0
3.86735,0.0,0.0672269,0.0,0.0
3.86794,0.0,0.151261,0.0,0.0
3.86854,0.0,0.0840336,0.0,0.0
3.86746,0.0,0.0840336,0.0,0.0
3.8681,0.0,0.10084,0.0,0.0
3.86871,0.0,0.117647,0.0,0.0
3.86853,0.0,0.117647,0.0,0.0
3.86949,0.0,0.117647,0.0,0.0
3.86916,0.0,0.0504202,0.0,0.0
3.86905,0.0,0.0840336,0.0,0.0
3.86884,0.0,0.0672269,0.0,0.0
3.86894,0.0,0.10084,0.0,0.0
3.86887,0.0,0.0840336,0.0,0.0
3.86951,0.0,0.168067,0.0,0.0
3.86956,0.0,0.117647,0.0,0.0
3.86907,0.0,0.0672269,0.0,0.0
3.86856,0.0,0.0840336,0.0,0.0
3.8686,0.0,0.10084,0.0,0.0
3.86991,0.0,0.0840336,0.0,0.0
3.86958,0.0,0.151261,0.0,0.0
3.87018,0.0,0.168067,0.0,0.0
3.8704,0.0,0.134454,0.0,0.0
3.87008,0.0,0.151261,0.0,0.0
3.87083,0.0,0.10084,0.0,0.0
3.87123,0.0,0.168067,0.0,0.0
3.8704,0.0,0.10084,0.0,0.0
3.87043,0.0,0.168067,0.0,0.0
3.87041,0.0,0.10084,0.0,0.0
3.87046,0.0,0.117647,0.0,0.0
3.8715,0.0,0.0504202,0.0,0.0
3.87007,0.0,0.134454,0.0,0.0
3.87119,0.0,0.0840336,0.0,0.0
3.87096,0.0,0.168067,0.0,0.0
3.87077,0.0,0.0840336,0.0,0.0
3.87013,0.0,0.0840336,0.0,0.0
3.87131,0.0,0.117647,0.0,0.0
3.87197,0.0,0.151261,0.0,0.0
3.8709,0.0,0.0840336,0.0,0.0
3.87063,0.0,0.0840336,0.0,0.0
3.8711,0.0,0.0504202,0.0,0.0
3.8714,0.0,0.10084,0.0,0.0
3.87179,0.0,0.151261,0.0,0.0
3.87228,0.0,0.10084,0.0,0.0
3.87284,0.0,0.10084,0.0,0.0
3.87279,0.0,0.0840336,0.0,0.0
3.87279,0.0,0.0840336,0.0,0.0
3.8724,0.0,0.10084,0.0,0.0
3.87164,0.0,0.117647,0.0,0.0
3.87219,0.0,0.184874,0.0,0.0
3.87164,0.0,0.0168067,0.0,0.0
3.87248,0.0,0.134454,0.0,0.0
3.87353,0.0,0.0672269,0.0,0.0
3.87313,0.0,0.117647,0.0,0.0
3.87245,0.0,0.10084,0.0,0.0
3.87303,0.0,0.151261,0.0,0.0
3.8738,0.0,0.10084,0.0,0.0
3.87309,0.0,0.0840336,0.0,0.0
3.87324,0.0,0.134454,0.0,0.0
3.87273,0.0,0.10084,0.0,0.0
3.87302,0.0,0.10084,0.0,0.0
3.87337,0.0,0.134454,0.0,0.0
3.87352,0.0,0.10084,0.0,0.0
3.87337,0.0,0.0840336,0.0,0.0
3.87331,0.0,0.0504202,0.0,0.0
3.87333,0.0,0.0672269,0.0,0.0
3.8735,0.0,0.0672269,0.0,0.0
3.87375,0.0,0.0672269,0.0,0.0
3.87339,0.0,0.0672269,0.0,0.0
3.87446,0.0,0.0840336,0.0,0.0
3.87542,0.0,0.134454,0.0,0.0
3.87467,0.0,0.0504202,0.0,0.0
3.87515,0.0,0.0840336,0.0,0.0
3.87536,0.0,0.117647,0.0,0.0
3.87521,0.0,0.10084,0.0,0.0
3.87542,0.0,0.0504202,0.0,0.0
3.8757,0.0,0.10084,0.0,0.0
3.87527,0.0,0.0672269,0.0,0.0
3.87487,0.0,0.151261,0.0,0.0
3.87537,0.0,0.134454,0.0,0.0
3.87637,0.0,0.10084,0.0,0.0
3.87587,0.0,0.0672269,0.0,0.0
3.87526,0.0,0.117647,0.0,0.0
3.87616,0.0,0.117647,0.0,0.0
3.87618,0.0,0.117647,0.0,0.0
3.87532,0.0,0.117647,0.0,0.0
3.87529,0.0,0.10084,0.0,0.0
3.87584,0.0,0.0672269,0.0,0.0
3.87638,0.0,0.0504202,0.0,0.0
3.87614,0.0,0.134454,0.0,0.0
3.87557,0.0,0.134454,0.0,0.0
3.87628,0.0,0.10084,0.0,0.0
3.87644,0.0,0.134454,0.0,0.0
3.8772,0.0,0.134454,0.0,0.0
3.87705,0.0,0.0672269,0.0,0.0
3.87576,0.0,0.0672269,0.0,0.0
3.87738,0.0,0.10084,0.0,0.0
3.87768,0.0,0.151261,0.0,0.0
3.87663,0.0,0.0336134,0.0,0.0
3.87679,0.0,0.0840336,0.0,0.0
3.8782,0.0,0.10084,0.0,0.0
3.87693,0.0,0.134454,0.0,0.0
3.87641,0.0,0.117647,0.0,0.0
3.87808,0.0,0.117647,0.0,0.0
3.87716,0.0,0.0504202,0.0,0.0
3.87626,0.0,0.0504202,0.0,0.0
3.87707,0.0,0.117647,0.0,0.0
3.87777,0.0,0.151261,0.0,0.0
3.87868,0.0,0.0840336,0.0,0.0
3.87851,0.0,0.10084,0.0,0.0
3.87856,0.0,0.184874,0.0,0.0
3.87863,0.0,0.134454,0.0,0.0
3.87884,0.0,0.0504202,0.0,0.0
3.87848,0.0,0.0504202,0.0,0.0
3.87909,0.0,0.0840336,0.0,0.0
3.87891,0.0,0.117647,0.0,0.0
3.87858,0.0,0.0336134,0.0,0.0
3.87863,0.0,0.10084,0.0,0.0
3.88028,0.0,0.134454,0.0,0.0
3.87985,0.0,0.0840336,0.0,0.0
3.87878,0.0,0.0168067,0.0,0.0
3.8783,0.0,0.0672269,0.0,0.0
3.87949,0.0,0.0672269,0.0,0.0
3.87879,0.0,0.0672269,0.0,0.0
3.87908,0.0,0.10084,0.0,0.0
3.87903,0.0,0.151261,0.0,0.0
3.87906,0.0,0.0840336,0.0,0.0
3.87923,0.0,0.0504202,0.0,0.0
3.87952,0.0,0.0672269,0.0,0.0
3.88026,0.0,0.0336134,0.0,0.0
3.88003,0.0,0.151261,0.0,0.0
3.87954,0.0,0.0504202,0.0,0.0
3.88079,0.0,0.201681,0.0,0.0
3.88077,0.0,0.10084,0.0,0.0
3.87964,0.0,0.10084,0.0,0.0
3.87969,0.0,0.0840336,0.0,0.0
3.88098,0.0,0.10084,0.0,0.0
3.88202,0.0,0.134454,0.0,0.0
3.88087,0.0,0.10084,0.0,0.0
3.88033,0.0,0.117647,0.0,0.0
3.88098,0.0,0.10084,0.0,0.0
3.88114,0.0,0.10084,0.0,0.0
3.8813,0.0,0.10084,0.0,0.0
3.88129,0.0,0.117647,0.0,0.0
3.88182,0.0,0.0504202,0.0,0.0
3.88148,0.0,0.10084,0.0,0.0
3.88088,0.0,0.0504202,0.0,0.0
3.8811,0.0,0.134454,0.0,0.0
3.88236,0.0,0.134454,0.0,0.0
3.88203,0.0,0.0504202,0.0,0.0
3.88114,0.0,0.0672269,0.0,0.0
3.8818,0.0,0.0840336,0.0,0.0
3.88327,0.0,0.168067,0.0,0.0
3.88166,0.0,0.151261,0.0,0.0
3.88255,0.0,0.10084,0.0,0.0
3.88212,0.0,0.10084,0.0,0.0
3.88244,0.0,0.134454,0.0,0.0
3.88319,0.0,0.0672269,0.0,0.0
3.8831,0.0,0.151261,0.0,0.0
3.8837,0.0,0.218487,0.0,0.0
3.88338,0.0,0.10084,0.0,0.0
3.88303,0.0,0.10084,0.0,0.0
3.88305,0.0,0.117647,0.0,0.0
3.8845,0.0,0.151261,0.0,0.0
3.88407,0.0,0.201681,0.0,0.0
3.88392,0.0,0.134454,0.0,0.0
3.88382,0.0,0.10084,0.0,0.0
3.8837,0.0,0.151261,0.0,0.0
3.88349,0.0,0.134454,0.0,0.0
3.88339,0.0,0.134454,0.0,0.0
3.88325,0.0,0.0840336,0.0,0.0
3.88317,0.0,0.0,0.0,0.0
3.88372,0.0,0.10084,0.0,0.0
3.88433,0.0,0.0168067,0.0,0.0
3.88465,0.0,0.0840336,0.0,0.0
3.88408,0.0,0.0168067,0.0,0.0
3.88456,0.0,0.10084,0.0,0.0
3.88506,0.0,0.201681,0.0,0.0
3.88583,0.0,0.151261,0.0,0.0
3.88513,0.0,0.117647,0.0,0.0
3.88547,0.0,0.117647,0.0,0.0
3.88551,0.0,0.134454,0.0,0.0
3.88525,0.0,0.0840336,0.0,0.0
3.88517,0.0,0.134454,0.0,0.0
3.88513,0.0,0.117647,0.0,0.0
3.886,0.0,0.0840336,0.0,0.0
3.88526,0.0,0.10084,0.0,0.0
3.88493,0.0,0.10084,0.0,0.0
3.88465,0.0,0.0336134,0.0,0.0
3.88517,0.0,0.0840336,0.0,0.0
3.88499,0.0,0.168067,0.0,0.0
3.88472,0.0,0.0672269,0.0,0.0
3.88583,0.0,0.117647,0.0,0.0
3.88575,0.0,0.201681,0.0,0.0
3.8858,0.0,0.10084,0.0,0.0
3.88599,0.0,0.218487,0.0,0.0
3.8862,0.0,0.117647,0.0,0.0
3.88656,0.0,0.0336134,0.0,0.0
3.88652,0.0,0.0504202,0.0,0.0
3.88614,0.0,0.117647,0.0,0.0
3.88627,0.0,0.117647,0.0,0.0
3.88717,0.0,0.0840336,0.0,0.0
3.88745,0.0,0.117647,0.0,0.0
3.88629,0.0,0.10084,0.0,0.0
3.88665,0.0,0.117647,0.0,0.0
3.88798,0.0,0.184874,0.0,0.0
3.88674,0.0,0.134454,0.0,0.0
3.88659,0.0,0.151261,0.0,0.0
3.88712,0.0,0.151261,0.0,0.0
3.88655,0.0,0.117647,0.0,0.0
3.88748,0.0,0.0672269,0.0,0.0
3.88803,0.0,0.151261,0.0,0.0
3.88823,0.0,0.168067,0.0,0.0
3.888,0.0,0.10084,0.0,0.0
3.88751,0.0,0.0840336,0.0,0.0
3.88797,0.0,0.184874,0.0,0.0
3.88791,0.0,0.0672269,0.0,0.0
3.88684,0.0,0.151261,0.0,0.0
3.887,0.0,0.10084,0.0,0.0
3.88775,0.0,0.134454,0.0,0.0
3.88817,0.0,0.0504202,0.0,0.0
3.88836,0.0,0.117647,0.0,0.0
3.88897,0.0,0.10084,0.0,0.0
3.88898,0.0,0.0840336,0.0,0.0
3.88944,0.0,0.151261,0.0,0.0
3.88883,0.0,0.10084,0.0,0.0
3.8887,0.0,0.0504202,0.0,0.0
3.88869,0.0,0.0504202,0.0,0.0
3.88906,0.0,0.0840336,0.0,0.0
3.88975,0.0,0.117647,0.0,0.0
3.88946,0.0,0.117647,0.0,0.0
3.88924,0.0,0.10084,0.0,0.0
3.88968,0.0,0.0672269,0.0,0.0
3.88994,0.0,0.0672269,0.0,0.0
3.88968,0.0,0.0336134,0.0,0.0
3.88988,0.0,0.201681,0.0,0.0
3.89024,0.0,0.0840336,0.0,0.0
3.8901,0.0,0.0504202,0.0,0.0
3.89086,0.0,0.0840336,0.0,0.0
3.89068,0.0,0.134454,0.0,0.0
3.89179,0.0,0.117647,0.0,0.0
3.89034,0.0,0.117647,0.0,0.0
3.88994,0.0,0.117647,0.0,0.0
3.89175,0.0,0.117647,0.0,0.0
3.89112,0.0,0.268908,0.0,0.0
3.88969,0.0,0.0504202,0.0,0.0
3.89084,0.0,0.0504202,0.0,0.0
3.89167,0.0,0.0840336,0.0,0.0
3.89168,0.0,0.151261,0.0,0.0
3.89128,0.0,0.0336134,0.0,0.0
3.89127,0.0,0.0840336,0.0,0.0
3.89174,0.0,0.0840336,0.0,0.0
3.89194,0.0,0.10084,0.0,0.0
3.89139,0.0,0.0336134,0.0,0.0
3.89247,0.0,0.10084,0.0,0.0
3.8921,0.0,0.0504202,0.0,0.0
3.89184,0.0,0.0840336,0.0,0.0
3.8925,0.0,0.10084,0.0,0.0
3.89265,0.0,0.10084,0.0,0.0
3.89178,0.0,0.10084,0.0,0.0
3.8925,0.0,0.0504202,0.0,0.0
3.89165,0.0,0.117647,0.0,0.0
3.89272,0.0,0.134454,0.0,0.0
3.89243,0.0,0.0840336,0.0,0.0
3.89211,0.0,0.0840336,0.0,0.0
3.89247,0.0,0.0840336,0.0,0.0
3.89283,0.0,0.117647,0.0,0.0
3.89224,0.0,0.0336134,0.0,0.0
3.89214,0.0,0.117647,0.0,0.0
3.8927,0.0,0.0840336,0.0,0.0
3.89297,0.0,0.0336134,0.0,0.0
3.89325,0.0,0.184874,0.0,0.0
3.89355,0.0,0.0672269,0.0,0.0
3.89357,0.0,0.134454,0.0,0.0
3.89435,0.0,0.117647,0.0,0.0
3.89485,0.0,0.184874,0.0,0.0
3.8944,0.0,0.184874,0.0,0.0
3.89395,0.0,0.10084,0.0,0.0
3.89434,0.0,0.134454,0.0,0.0
3.89478,0.0,0.10084,0.0,0.0
3.89326,0.0,0.0672269,0.0,0.0
3.89447,0.0,0.168067,0.0,0.0
3.89479,0.0,0.0336134,0.0,0.0
3.89424,0.0,0.0840336,0.0,0.0
3.89499,0.0,0.134454,0.0,0.0
3.89432,0.0,0.134454,0.0,0.0
3.89429,0.0,0.117647,0.0,0.0
3.89457,0.0,0.0840336,0.0,0.0
3.89553,0.0,0.10084,0.0,0.0
3.89536,0.0,0.0336134,0.0,0.0
3.89464,0.0,0.134454,0.0,0.0
3.89508,0.0,0.0672269,0.0,0.0
3.89502,0.0,0.134454,0.0,0.0
3.89543,0.0,0.151261,0.0,0.0
3.89568,0.0,0.0168067,0.0,0.0
3.89527,0.0,0.0840336,0.0,0.0
3.8963,0.0,0.117647,0.0,0.0
3.89517,0.0,0.0336134,0.0,0.0
3.89506,0.0,0.10084,0.0,0.0
3.89594,0.0,0.0504202,0.0,0.0
3.89572,0.0,0.0840336,0.0,0.0
3.89559,0.0,0.117647,0.0,0.0
3.89583,0.0,0.10084,0.0,0.0
3.8961,0.0,0.0336134,0.0,0.0
3.89647,0.0,0.117647,0.0,0.0
3.89674,0.0,0.0336134,0.0,0.0
3.89612,0.0,0.117647,0.0,0.0
3.8968,0.0,0.10084,0.0,0.0
3.89615,0.0,0.0336134,0.0,0.0
3.89508,0.0,0.0504202,0.0,0.0
3.89645,0.0,0.0504202,0.0,0.0
3.89777,0.0,0.151261,0.0,0.0
3.89776,0.0,0.184874,0.0,0.0
3.89736,0.0,0.0840336,0.0,0.0
3.89646,0.0,0.117647,0.0,0.0
3.89817,0.0,0.0840336,0.0,0.0
3.8973,0.0,0.0840336,0.0,0.0
3.89741,0.0,0.0840336,0.0,0.0
3.89765,0.0,0.0840336,0.0,0.0
3.89841,0.0,0.0840336,0.0,0.0
3.89798,0.0,0.10084,0.0,0.0
3.89755,0.0,0.0840336,0.0,0.0
3.89797,0.0,0.10084,0.0,0.0
3.89854,0.0,0.10084,0.0,0.0
3.89884,0.0,0.134454,0.0,0.0
3.89829,0.0,0.0672269,0.0,0.0
3.89824,0.0,0.0672269,0.0,0.0
3.89828,0.0,0.151261,0.0,0.0
3.89867,0.0,0.0504202,0.0,0.0
3.89763,0.0,0.0504202,0.0,0.0
3.8976,0.0,0.0504202,0.0,0.0
3.8979,0.0,0.117647,0.0,0.0
3.89848,0.0,0.10084,0.0,0.0
3.89902,0.0,0.117647,0.0,0.0
3.89941,0.0,0.10084,0.0,0.0
3.89939,0.0,0.10084,0.0,0.0
3.89875,0.0,0.0336134,0.0,0.0
3.89841,0.0,0.0672269,0.0,0.0
3.89898,0.0,0.0672269,0.0,0.0
3.89975,0.0,0.10084,0.0,0.0
3.89942,0.0,0.10084,0.0,0.0
3.90017,0.0,0.0840336,0.0,0.0
3.90069,0.0,0.0672269,0.0,0.0
3.90013,0.0,0.0840336,0.0,0.0
3.90095,0.0,0.168067,0.0,0.0
3.90051,0.0,0.10084,0.0,0.0
3.90078,0.0,0.117647,0.0,0.0
3.9012,0.0,0.0840336,0.0,0.0
3.90111,0.0,0.10084,0.0,0.0
3.90147,0.0,0.134454,0.0,0.0
3.90097,0.0,0.0840336,0.0,0.0
3.90076,0.0,0.151261,0.0,0.0
3.90132,0.0,0.117647,0.0,0.0
3.90125,0.0,0.10084,0.0,0.0
3.90139,0.0,0.151261,0.0,0.0
3.90097,0.0,0.0672269,0.0,0.0
3.90038,0.0,0.0672269,0.0,0.0
3.90017,0.0,0.134454,0.0,0.0
3.90123,0.0,0.134454,0.0,0.0
3.90163,0.0,0.10084,0.0,0.0
3.90141,0.0,0.134454,0.0,0.0
3.90186,0.0,0.0672269,0.0,0.0
3.90199,0.0,0.168067,0.0,0.0
3.90193,0.0,0.0840336,0.0,0.0
3.90155,0.0,0.117647,0.0,0.0
3.90131,0.0,0.0336134,0.0,0.0
3.90162,0.0,0.0672269,0.0,0.0
3.90219,0.0,0.117647,0.0,0.0
3.90235,0.0,0.0504202,0.0,0.0
3.90278,0.0,0.10084,0.0,0.0
3.90343,0.0,0.168067,0.0,0.0
3.90245,0.0,0.10084,0.0,0.0
3.9022,0.0,0.0840336,0.0,0.0
3.90312,0.0,0.0840336,0.0,0.0
3.90245,0.0,0.10084,0.0,0.0
3.90251,0.0,0.0672269,0.0,0.0
3.90349,0.0,0.0840336,0.0,0.0
3.90368,0.0,0.151261,0.0,0.0
3.90457,0.0,0.134454,0.0,0.0
3.90397,0.0,0.168067,0.0,0.0
3.90324,0.0,0.0672269,0.0,0.0
3.90419,0.0,0.0504202,0.0,0.0
3.90372,0.0,0.117647,0.0,0.0
3.90259,0.0,0.134454,0.0,0.0
3.90321,0.0,0.10084,0.0,0.0
3.90434,0.0,0.0168067,0.0,0.0
3.90364,0.0,0.0504202,0.0,0.0
3.90333,0.0,0.0672269,0.0,0.0
3.90434,0.0,0.151261,0.0,0.0
3.90357,0.0,0.0336134,0.0,0.0
3.904,0.0,0.0672269,0.0,0.0
3.90417,0.0,0.151261,0.0,0.0
3.905,0.0,0.0672269,0.0,0.0
3.9045,0.0,0.10084,0.0,0.0
3.90411,0.0,0.0504202,0.0,0.0
3.90453,0.0,0.0336134,0.0,0.0
3.90373,0.0,0.0840336,0.0,0.0
3.90541,0.0,0.0672269,0.0,0.0
3.90578,0.0,0.134454,0.0,0.0
3.90573,0.0,0.117647,0.0,0.0
3.90594,0.0,0.168067,0.0,0.0
3.90609,0.0,0.0672269,0.0,0.0
3.90502,0.0,0.10084,0.0,0.0
3.9054,0.0,0.117647,0.0,0.0
3.90543,0.0,0.117647,0.0,0.0
3.9051,0.0,0.0840336,0.0,0.0
3.90617,0.0,0.151261,0.0,0.0
3.90548,0.0,0.10084,0.0,0.0
3.9055,0.0,0.0504202,0.0,0.0
3.90618,0.0,0.168067,0.0,0.0
3.90622,0.0,0.0840336,0.0,0.0
3.90562,0.0,0.0672269,0.0,0.0
3.90629,0.0,0.0672269,0.0,0.0
3.90657,0.0,0.0504202,0.0,0.0
3.90554,0.0,0.117647,0.0,0.0
3.90663,0.0,0.134454,0.0,0.0
3.9072,0.0,0.0336134,0.0,0.0
3.90677,0.0,0.134454,0.0,0.0
3.90684,0.0,0.10084,0.0,0.0
3.90768,0.0,0.0840336,0.0,0.0
3.90793,0.0,0.218487,0.0,0.0
3.90744,0.0,0.0672269,0.0,0.0
3.90795,0.0,0.0840336,0.0,0.0
3.90746,0.0,0.117647,0.0,0.0
3.90737,0.0,0.0672269,0.0,0.0
3.90704,0.0,0.0672269,0.0,0.0
3.90778,0.0,0.117647,0.0,0.0
3.90764,0.0,0.117647,0.0,0.0
3.90669,0.0,0.0336134,0.0,0.0
3.90763,0.0,0.117647,0.0,0.0
3.90842,0.0,0.184874,0.0,0.0
3.90828,0.0,0.0672269,0.0,0.0
3.90818,0.0,0.184874,0.0,0.0
3.90897,0.0,0.0672269,0.0,0.0
3.90833,0.0,0.0840336,0.0,0.0
3.90883,0.0,0.10084,0.0,0.0
3.90888,0.0,0.10084,0.0,0.0
3.90857,0.0,0.0840336,0.0,0.0
3.9101,0.0,0.10084,0.0,0.0
3.90921,0.0,0.134454,0.0,0.0
3.90811,0.0,0.0840336,0.0,0.0
3.90916,0.0,0.117647,0.0,0.0
3.9092,0.0,0.0504202,0.0,0.0
3.90915,0.0,0.0840336,0.0,0.0
3.90974,0.0,0.0840336,0.0,0.0
3.90986,0.0,0.218487,0.0,0.0
3.90985,0.0,0.10084,0.0,0.0
3.9091,0.0,0.184874,0.0,0.0
3.90897,0.0,0.10084,0.0,0.0
3.90942,0.0,0.0,0.0,0.0
3.90959,0.0,0.10084,0.0,0.0
3.91084,0.0,0.168067,0.0,0.0
3.91139,0.0,0.10084,0.0,0.0
3.90978,0.0,0.10084,0.0,0.0
3.91089,0.0,0.0840336,0.0,0.0
3.91096,0.0,0.10084,0.0,0.0
3.91085,0.0,0.0672269,0.0,0.0
3.91044,0.0,0.0840336,0.0,0.0
3.91084,0.0,0.0672269,0.0,0.0
3.9103,0.0,0.0672269,0.0,0.0
3.91044,0.0,0.0504202,0.0,0.0
3.91062,0.0,0.0840336,0.0,0.0
3.91021,0.0,0.0672269,0.0,0.0
3.91071,0.0,0.151261,0.0,0.0
3.91103,0.0,0.0504202,0.0,0.0
3.91031,0.0,0.0672269,0.0,0.0
3.91093,0.0,0.10084,0.0,0.0
3.91151,0.0,0.0672269,0.0,0.0
3.9114,0.0,0.151261,0.0,0.0
3.91185,0.0,0.0672269,0.0,0.0
3.91128,0.0,0.117647,0.0,0.0
3.91194,0.0,0.117647,0.0,0.0
3.91223,0.0,0.134454,0.0,0.0
3.91245,0.0,0.134454,0.0,0.0
3.91204,0.0,0.0672269,0.0,0.0
3.91178,0.0,0.0840336,0.0,0.0
3.91195,0.0,0.0840336,0.0,0.0
3.9123,0.0,0.10084,0.0,0.0
3.91221,0.0,0.168067,0.0,0.0
3.91267,0.0,0.0672269,0.0,0.0
3.91269,0.0,0.0336134,0.0,0.0
3.91268,0.0,0.10084,0.0,0.0
3.91322,0.0,0.0168067,0.0,0.0
3.91354,0.0,0.134454,0.0,0.0
3.91183,0.0,0.0672269,0.0,0.0
3.91301,0.0,0.0840336,0.0,0.0
3.91423,0.0,0.117647,0.0,0.0
3.91339,0.0,0.117647,0.0,0.0
3.91517,0.0,0.0672269,0.0,0.0
3.91495,0.0,0.117647,0.0,0.0
3.91394,0.0,0.0504202,0.0,0.0
3.91479,0.0,0.134454,0.0,0.0
3.91562,0.0,0.134454,0.0,0.0
3.91366,0.0,0.10084,0.0,0.0
3.91354,0.0,0.0168067,0.0,0.0
3.91463,0.0,0.134454,0.0,0.0
3.91402,0.0,0.0672269,0.0,0.0
3.91453,0.0,0.218487,0.0,0.0
3.91443,0.0,0.151261,0.0,0.0
3.91296,0.0,0.134454,0.0,0.0
3.91315,0.0,0.0672269,0.0,0.0
3.91385,0.0,0.10084,0.0,0.0
3.91505,0.0,0.134454,0.0,0.0
3.91377,0.0,0.117647,0.0,0.0
3.91372,0.0,0.0840336,0.0,0.0
3.91463,0.0,0.235294,0.0,0.0
3.91494,0.0,0.0504202,0.0,0.0
3.91462,0.0,0.10084,0.0,0.0
3.91515,0.0,0.0672269,0.0,0.0
3.9161,0.0,0.0840336,0.0,0.0
3.9156,0.0,0.168067,0.0,0.0
3.91538,0.0,0.0504202,0.0,0.0
3.91597,0.0,0.134454,0.0,0.0
3.91564,0.0,0.0336134,0.0,0.0
3.91583,0.0,0.0672269,0.0,0.0
3.91614,0.0,0.0672269,0.0,0.0
3.91637,0.0,0.151261,0.0,0.0
3.9165,0.0,0.151261,0.0,0.0
3.91699,0.0,0.151261,0.0,0.0
3.9157,0.0,0.0672269,0.0,0.0
3.91588,0.0,0.10084,0.0,0.0
3.91651,0.0,0.168067,0.0,0.0
3.91666,0.0,0.10084,0.0,0.0
3.91678,0.0,0.0672269,0.0,0.0
3.91602,0.0,0.0336134,0.0,0.0
3.91696,0.0,0.134454,0.0,0.0
3.91647,0.0,0.10084,0.0,0.0
3.91724,0.0,0.134454,0.0,0.0
3.91694,0.0,0.117647,0.0,0.0
3.91671,0.0,0.134454,0.0,0.0
3.91736,0.0,0.151261,0.0,0.0
3.91747,0.0,0.168067,0.0,0.0
3.91782,0.0,0.168067,0.0,0.0
3.91784,0.0,0.0840336,0.0,0.0
3.91806,0.0,0.0168067,0.0,0.0
3.91698,0.0,0.117647,0.0,0.0
3.91754,0.0,0.201681,0.0,0.0
3.91858,0.0,0.10084,0.0,0.0
3.91744,0.0,0.0672269,0.0,0.0
3.91746,0.0,0.134454,0.0,0.0
3.91876,0.0,0.10084,0.0,0.0
3.91881,0.0,0.10084,0.0,0.0
3.91823,0.0,0.0840336,0.0,0.0
3.91957,0.0,0.117647,0.0,0.0
3.91865,0.0,0.134454,0.0,0.0
3.91831,0.0,0.10084,0.0,0.0
3.91925,0.0,0.10084,0.0,0.0
3.91952,0.0,0.10084,0.0,0.0
3.91885,0.0,0.151261,0.0,0.0
3.91942,0.0,0.10084,0.0,0.0
3.91803,0.0,0.0672269,0.0,0.0
3.91764,0.0,0.0672269,0.0,0.0
3.91856,0.0,0.0840336,0.0,0.0
3.91866,0.0,0.0840336,0.0,0.0
3.91909,0.0,0.0840336,0.0,0.0
3.91965,0.0,0.134454,0.0,0.0
3.92037,0.0,0.0840336,0.0,0.0
3.91945,0.0,0.0336134,0.0,0.0
3.91911,0.0,0.0504202,0.0,0.0
3.91958,0.0,0.117647,0.0,0.0
3.91938,0.0,0.168067,0.0,0.0
3.91966,0.0,0.0840336,0.0,0.0
3.91904,0.0,0.0504202,0.0,0.0
3.92095,0.0,0.151261,0.0,0.0
3.92108,0.0,0.0672269,0.0,0.0
3.91958,0.0,0.0336134,0.0,0.0
3.92104,0.0,0.10084,0.0,0.0
3.92094,0.0,0.10084,0.0,0.0
3.92054,0.0,0.117647,0.0,0.0
3.92127,0.0,0.0840336,0.0,0.0
3.92143,0.0,0.134454,0.0,0.0
3.9214,0.0,0.117647,0.0,0.0
3.92278,0.0,0.218487,0.0,0.0
3.92097,0.0,0.0840336,0.0,0.0
3.92132,0.0,0.0840336,0.0,0.0
3.9218,0.0,0.0504202,0.0,0.0
3.9223,0.0,0.10084,0.0,0.0
3.92257,0.0,0.0336134,0.0,0.0
3.92151,0.0,0.117647,0.0,0.0
3.92275,0.0,0.0672269,0.0,0.0
3.92213,0.0,0.0672269,0.0,0.0
3.92165,0.0,0.0672269,0.0,0.0
3.92134,0.0,0.0504202,0.0,0.0
3.9218,0.0,0.117647,0.0,0.0
3.92253,0.0,0.0672269,0.0,0.0
3.92259,0.0,0.0840336,0.0,0.0
3.92206,0.0,0.0672269,0.0,0.0
3.9229,0.0,0.0,0.0,0.0
3.92421,0.0,0.117647,0.0,0.0
3.92362,0.0,0.134454,0.0,0.0
3.92344,0.0,0.0336134,0.0,0.0
3.92283,0.0,0.0840336,0.0,0.0
3.92346,0.0,0.151261,0.0,0.0
3.92375,0.0,0.10084,0.0,0.0
3.92361,0.0,0.151261,0.0,0.0
3.92272,0.0,0.0840336,0.0,0.0
3.92354,0.0,0.117647,0.0,0.0
3.92396,0.0,0.0840336,0.0,0.0
3.9233,0.0,0.10084,0.0,0.0
3.92337,0.0,0.117647,0.0,0.0
3.92425,0.0,0.0672269,0.0,0.0
3.92373,0.0,0.151261,0.0,0.0
3.92474,0.0,0.134454,0.0,0.0
3.92479,0.0,0.168067,0.0,0.0
3.92423,0.0,0.10084,0.0,0.0
3.92489,0.0,0.10084,0.0,0.0
3.92449,0.0,0.0840336,0.0,0.0
3.92384,0.0,0.117647,0.0,0.0
3.92459,0.0,0.0840336,0.0,0.0
3.92512,0.0,0.184874,0.0,0.0
3.92467,0.0,0.10084,0.0,0.0
3.92427,0.0,0.134454,0.0,0.0
3.92496,0.0,0.0504202,0.0,0.0
3.92529,0.0,0.0168067,0.0,0.0
3.9248,0.0,0.151261,0.0,0.0
3.92536,0.0,0.151261,0.0,0.0
3.92452,0.0,0.0504202,0.0,0.0
3.92534,0.0,0.10084,0.0,0.0
3.92598,0.0,0.10084,0.0,0.0
3.92628,0.0,0.117647,0.0,0.0
3.92612,0.0,0.10084,0.0,0.0
3.9265,0.0,0.117647,0.0,0.0
3.92559,0.0,0.0336134,0.0,0.0
3.92569,0.0,0.10084,0.0,0.0
3.92598,0.0,0.0840336,0.0,0.0
3.92632,0.0,0.0504202,0.0,0.0
3.92641,0.0,0.117647,0.0,0.0
3.92663,0.0,0.151261,0.0,0.0
3.92676,0.0,0.134454,0.0,0.0
3.92674,0.0,0.117647,0.0,0.0
3.92667,0.0,0.10084,0.0,0.0
3.9275,0.0,0.0672269,0.0,0.0
3.92724,0.0,0.134454,0.0,0.0
3.9267,0.0,0.0672269,0.0,0.0
3.92595,0.0,0.0672269,0.0,0.0
3.92665,0.0,0.134454,0.0,0.0
3.92817,0.0,0.151261,0.0,0.0
3.92745,0.0,0.117647,0.0,0.0
3.92646,0.0,0.0504202,0.0,0.0
3.9277,0.0,0.0672269,0.0,0.0
3.92715,0.0,0.151261,0.0,0.0
3.92659,0.0,0.10084,0.0,0.0
3.92795,0.0,0.10084,0.0,0.0
3.92776,0.0,0.0840336,0.0,0.0
3.92781,0.0,0.10084,0.0,0.0
3.92828,0.0,0.10084,0.0,0.0
3.92854,0.0,0.10084,0.0,0.0
3.92792,0.0,0.117647,0.0,0.0
3.929,0.0,0.0504202,0.0,0.0
3.92955,0.0,0.168067,0.0,0.0
3.9291,0.0,0.0672269,0.0,0.0
3.9289,0.0,0.0840336,0.0,0.0
3.92921,0.0,0.0672269,0.0,0.0
3.92908,0.0,0.0504202,0.0,0.0
3.92869,0.0,0.117647,0.0,0.0
3.92825,0.0,0.0840336,0.0,0.0
3.92811,0.0,0.0336134,0.0,0.0
3.92831,0.0,0.0504202,0.0,0.0
3.92879,0.0,0.134454,0.0,0.0
3.92994,0.0,0.10084,0.0,0.0
3.92978,0.0,0.0504202,0.0,0.0
3.92997,0.0,0.134454,0.0,0.0
3.93012,0.0,0.117647,0.0,0.0
3.92981,0.0,0.0672269,0.0,0.0
3.93016,0.0,0.117647,0.0,0.0
3.93018,0.0,0.10084,0.0,0.0
3.93032,0.0,0.0168067,0.0,0.0
3.93062,0.0,0.184874,0.0,0.0
3.93041,0.0,0.0840336,0.0,0.0
3.93021,0.0,0.117647,0.0,0.0
3.93047,0.0,0.117647,0.0,0.0
3.92984,0.0,0.0504202,0.0,0.0
3.9307,0.0,0.0504202,0.0,0.0
3.93141,0.0,0.117647,0.0,0.0
3.93079,0.0,0.10084,0.0,0.0
3.92965,0.0,0.0672269,0.0,0.0
3.9305,0.0,0.0840336,0.0,0.0
3.932,0.0,0.168067,0.0,0.0
3.93099,0.0,0.0672269,0.0,0.0
3.93043,0.0,0.0672269,0.0,0.0
3.93187,0.0,0.134454,0.0,0.0
3.93176,0.0,0.0672269,0.0,0.0
3.93145,0.0,0.0840336,0.0,0.0
3.93278,0.0,0.0840336,0.0,0.0
3.93276,0.0,0.117647,0.0,0.0
3.93179,0.0,0.0504202,0.0,0.0
3.93175,0.0,0.10084,0.0,0.0
3.93166,0.0,0.0840336,0.0,0.0
3.93294,0.0,0.0504202,0.0,0.0
3.93296,0.0,0.0504202,0.0,0.0
3.93284,0.0,0.134454,0.0,0.0
3.93252,0.0,0.10084,0.0,0.0
3.93221,0.0,0.117647,0.0,0.0
3.93126,0.0,0.0336134,0.0,0.0
3.93217,0.0,0.0840336,0.0,0.0
3.93278,0.0,0.10084,0.0,0.0
3.93366,0.0,0.0336134,0.0,0.0
3.93214,0.0,0.0840336,0.0,0.0
3.93357,0.0,0.151261,0.0,0.0
3.93326,0.0,0.0504202,0.0,0.0
3.93321,0.0,0.151261,0.0,0.0
3.93354,0.0,0.0840336,0.0,0.0
3.93274,0.0,0.0672269,0.0,0.0
3.9329,0.0,0.151261,0.0,0.0
3.93375,0.0,0.10084,0.0,0.0
3.93342,0.0,0.117647,0.0,0.0
3.93281,0.0,0.134454,0.0,0.0
3.93317,0.0,0.0840336,0.0,0.0
3.93357,0.0,0.117647,0.0,0.0
3.93365,0.0,0.0336134,0.0,0.0
3.93406,0.0,0.0840336,0.0,0.0
3.93405,0.0,0.0168067,0.0,0.0
3.93495,0.0,0.134454,0.0,0.0
3.93499,0.0,0.168067,0.0,0.0
3.93381,0.0,0.0672269,0.0,0.0
3.93349,0.0,0.0336134,0.0,0.0
3.93352,0.0,0.134454,0.0,0.0
3.93426,0.0,0.184874,0.0,0.0
3.93458,0.0,0.0168067,0.0,0.0
3.93579,0.0,0.0504202,0.0,0.0
3.93565,0.0,0.134454,0.0,0.0
3.93521,0.0,0.117647,0.0,0.0
3.93565,0.0,0.0672269,0.0,0.0
3.93598,0.0,0.0504202,0.0,0.0
3.93623,0.0,0.151261,0.0,0.0
3.93544,0.0,0.0504202,0.0,0.0
3.93477,0.0,0.0504202,0.0,0.0
3.93488,0.0,0.0840336,0.0,0.0
3.93566,0.0,0.0672269,0.0,0.0
3.93504,0.0,0.0,0.0,0.0
3.93556,0.0,0.117647,0.0,0.0
3.93653,0.0,0.0672269,0.0,0.0
3.93718,0.0,0.184874,0.0,0.0
3.9365,0.0,0.10084,0.0,0.0
3.93743,0.0,0.10084,0.0,0.0
3.93651,0.0,0.0672269,0.0,0.0
3.93664,0.0,0.151261,0.0,0.0
3.93602,0.0,0.0504202,0.0,0.0
3.93608,0.0,0.0504202,0.0,0.0
3.93761,0.0,0.0672269,0.0,0.0
3.93729,0.0,0.134454,0.0,0.0
3.93724,0.0,0.134454,0.0,0.0
3.93796,0.0,0.134454,0.0,0.0
3.93732,0.0,0.0504202,0.0,0.0
3.93752,0.0,0.134454,0.0,0.0
3.93778,0.0,0.134454,0.0,0.0
3.93702,0.0,0.117647,0.0,0.0
3.93746,0.0,0.117647,0.0,0.0
3.93717,0.0,0.134454,0.0,0.0
3.93712,0.0,0.0672269,0.0,0.0
3.93736,0.0,0.134454,0.0,0.0
3.9384,0.0,0.134454,0.0,0.0
3.93898,0.0,0.117647,0.0,0.0
3.93848,0.0,0.10084,0.0,0.0
3.93745,0.0,0.0672269,0.0,0.0
3.93832,0.0,0.184874,0.0,0.0
3.93855,0.0,0.134454,0.0,0.0
3.93862,0.0,0.117647,0.0,0.0
3.93864,0.0,0.10084,0.0,0.0
3.93831,0.0,0.168067,0.0,0.0
3.93891,0.0,0.0840336,0.0,0.0
3.93803,0.0,0.0336134,0.0,0.0
3.93798,0.0,0.10084,0.0,0.0
3.93875,0.0,0.0672269,0.0,0.0
3.93832,0.0,0.0840336,0.0,0.0
3.93815,0.0,0.0672269,0.0,0.0
3.93973,0.0,0.117647,0.0,0.0
3.93966,0.0,0.0672269,0.0,0.0
3.93867,0.0,0.134454,0.0,0.0
3.93907,0.0,0.0840336,0.0,0.0
3.93911,0.0,0.0504202,0.0,0.0
3.9389,0.0,0.117647,0.0,0.0
3.93985,0.0,0.0672269,0.0,0.0
3.94029,0.0,0.0840336,0.0,0.0
3.94046,0.0,0.117647,0.0,0.0
3.94008,0.0,0.168067,0.0,0.0
3.94019,0.0,0.0840336,0.0,0.0
3.93985,0.0,0.151261,0.0,0.0
3.93986,0.0,0.184874,0.0,0.0
3.94089,0.0,0.134454,0.0,0.0
3.94056,0.0,0.0672269,0.0,0.0
3.93999,0.0,0.10084,0.0,0.0
3.94071,0.0,0.0840336,0.0,0.0
3.93956,0.0,0.0672269,0.0,0.0
3.93994,0.0,0.0840336,0.0,0.0
3.94087,0.0,0.0672269,0.0,0.0
3.94167,0.0,0.0840336,0.0,0.0
3.94064,0.0,0.168067,0.0,0.0
3.94046,0.0,0.184874,0.0,0.0
3.94066,0.0,0.10084,0.0,0.0
3.9412,0.0,0.10084,0.0,0.0
3.94202,0.0,0.117647,0.0,0.0
3.94249,0.0,0.168067,0.0,0.0
3.94222,0.0,0.0504202,0.0,0.0
3.94341,0.0,0.10084,0.0,0.0
3.94253,0.0,0.0840336,0.0,0.0
3.9428,0.0,0.117647,0.0,0.0
3.94237,0.0,0.117647,0.0,0.0
3.94237,0.0,0.0840336,0.0,0.0
3.94206,0.0,0.0504202,0.0,0.0
3.94216,0.0,0.0672269,0.0,0.0
3.94258,0.0,0.0840336,0.0,0.0
3.94236,0.0,0.0336134,0.0,0.0
3.94216,0.0,0.0672269,0.0,0.0
3.94283,0.0,0.0672269,0.0,0.0
3.94333,0.0,0.117647,0.0,0.0
3.94376,0.0,0.0840336,0.0,0.0
3.94265,0.0,0.134454,0.0,0.0
3.94214,0.0,0.201681,0.0,0.0
3.94249,0.0,0.0672269,0.0,0.0
3.9433,0.0,0.168067,0.0,0.0
3.9432,0.0,0.0504202,0.0,0.0
3.94302,0.0,0.10084,0.0,0.0
3.94435,0.0,0.151261,0.0,0.0
3.94386,0.0,0.117647,0.0,0.0
3.94326,0.0,0.134454,0.0,0.0
3.94416,0.0,0.0840336,0.0,0.0
3.94325,0.0,0.0168067,0.0,0.0
3.94289,0.0,0.10084,0.0,0.0
3.94373,0.0,0.0672269,0.0,0.0
3.94383,0.0,0.0672269,0.0,0.0
3.9442,0.0,0.0504202,0.0,0.0
3.94357,0.0,0.0672269,0.0,0.0
3.94467,0.0,0.117647,0.0,0.0
3.94453,0.0,0.117647,0.0,0.0
3.94493,0.0,0.10084,0.0,0.0
3.94416,0.0,0.0504202,0.0,0.0
3.94436,0.0,0.117647,0.0,0.0
3.94502,0.0,0.0504202,0.0,0.0
3.94436,0.0,0.10084,0.0,0.0
3.94446,0.0,0.10084,0.0,0.0
3.94479,0.0,0.0672269,0.0,0.0
3.94475,0.0,0.117647,0.0,0.0
3.94577,0.0,0.10084,0.0,0.0
3.94549,0.0,0.10084,0.0,0.0
3.94495,0.0,0.10084,0.0,0.0
3.94549,0.0,0.0840336,0.0,0.0
3.94472,0.0,0.10084,0.0,0.0
3.94595,0.0,0.151261,0.0,0.0
3.94593,0.0,0.0672269,0.0,0.0
3.9458,0.0,0.0672269,0.0,0.0
3.94605,0.0,0.10084,0.0,0.0
3.94598,0.0,0.184874,0.0,0.0
3.94582,0.0,0.117647,0.0,0.0
3.94655,0.0,0.0672269,0.0,0.0
3.94675,0.0,0.0672269,0.0,0.0
3.94635,0.0,0.117647,0.0,0.0
3.94631,0.0,0.151261,0.0,0.0
3.94594,0.0,0.10084,0.0,0.0
3.94652,0.0,0.0672269,0.0,0.0
3.94595,0.0,0.151261,0.0,0.0
3.9464,0.0,0.134454,0.0,0.0
3.9476,0.0,0.0504202,0.0,0.0
3.94828,0.0,0.117647,0.0,0.0
3.94765,0.0,0.0504202,0.0,0.0
3.94642,0.0,0.0840336,0.0,0.0
3.94714,0.0,0.0504202,0.0,0.0
3.94724,0.0,0.10084,0.0,0.0
3.94721,0.0,0.0168067,0.0,0.0
3.94805,0.0,0.184874,0.0,0.0
3.94909,0.0,0.168067,0.0,0.0
3.9482,0.0,0.0336134,0.0,0.0
3.9475,0.0,0.0672269,0.0,0.0
3.94873,0.0,0.117647,0.0,0.0
3.94893,0.0,0.10084,0.0,0.0
3.94846,0.0,0.0840336,0.0,0.0
3.94886,0.0,0.0840336,0.0,0.0
3.94911,0.0,0.151261,0.0,0.0
3.9476,0.0,0.117647,0.0,0.0
3.94777,0.0,0.0672269,0.0,0.0
3.9482,0.0,0.168067,0.0,0.0
3.94896,0.0,0.10084,0.0,0.0
3.94819,0.0,0.0672269,0.0,0.0
3.94838,0.0,0.0840336,0.0,0.0
3.94908,0.0,0.0840336,0.0,0.0
3.94981,0.0,0.117647,0.0,0.0
3.94922,0.0,0.10084,0.0,0.0
3.94887,0.0,0.0672269,0.0,0.0
3.94839,0.0,0.0840336,0.0,0.0
3.94911,0.0,0.0840336,0.0,0.0
3.94892,0.0,0.117647,0.0,0.0
3.94966,0.0,0.134454,0.0,0.0
3.94957,0.0,0.168067,0.0,0.0
3.95019,0.0,0.0336134,0.0,0.0
3.94989,0.0,0.0672269,0.0,0.0
3.94941,0.0,0.0672269,0.0,0.0
3.95058,0.0,0.0840336,0.0,0.0
3.95046,0.0,0.0672269,0.0,0.0
3.94967,0.0,0.0840336,0.0,0.0
3.95081,0.0,0.10084,0.0,0.0
3.95148,0.0,0.134454,0.0,0.0
3.95024,0.0,0.184874,0.0,0.0
3.95092,0.0,0.117647,0.0,0.0
3.9507,0.0,0.134454,0.0,0.0
3.95091,0.0,0.201681,0.0,0.0
3.95113,0.0,0.117647,0.0,0.0
3.95138,0.0,0.0840336,0.0,0.0
3.95103,0.0,0.10084,0.0,0.0
3.95018,0.0,0.134454,0.0,0.0
3.95087,0.0,0.134454,0.0,0.0
3.95155,0.0,0.134454,0.0,0.0
3.95209,0.0,0.10084,0.0,0.0
3.95216,0.0,0.0504202,0.0,0.0
3.95204,0.0,0.0336134,0.0,0.0
3.95123,0.0,0.0840336,0.0,0.0
3.9517,0.0,0.0840336,0.0,0.0
3.95289,0.0,0.252101,0.0,0.0
3.95228,0.0,0.134454,0.0,0.0
3.952,0.0,0.134454,0.0,0.0
3.9536,0.0,0.0840336,0.0,0.0
3.95309,0.0,0.10084,0.0,0.0
3.95322,0.0,0.134454,0.0,0.0
3.95345,0.0,0.0672269,0.0,0.0
3.95299,0.0,0.134454,0.0,0.0
3.95317,0.0,0.0672269,0.0,0.0
3.95283,0.0,0.0504202,0.0,0.0
3.95189,0.0,0.0504202,0.0,0.0
3.95207,0.0,0.0336134,0.0,0.0
3.95313,0.0,0.0672269,0.0,0.0
3.95354,0.0,0.0672269,0.0,0.0
3.95393,0.0,0.0672269,0.0,0.0
3.95334,0.0,0.151261,0.0,0.0
3.95292,0.0,0.0840336,0.0,0.0
3.95374,0.0,0.117647,0.0,0.0
3.95377,0.0,0.0168067,0.0,0.0
3.95351,0.0,0.0504202,0.0,0.0
3.95359,0.0,0.0672269,0.0,0.0
3.95404,0.0,0.0840336,0.0,0.0
3.95426,0.0,0.134454,0.0,0.0
3.95416,0.0,0.10084,0.0,0.0
3.95414,0.0,0.0672269,0.0,0.0
3.95384,0.0,0.0336134,0.0,0.0
3.9544,0.0,0.10084,0.0,0.0
3.95493,0.0,0.0336134,0.0,0.0
3.95476,0.0,0.0672269,0.0,0.0
3.95479,0.0,0.0504202,0.0,0.0
3.95378,0.0,0.0504202,0.0,0.0
3.95388,0.0,0.0672269,0.0,0.0
3.95472,0.0,0.0336134,0.0,0.0
3.95547,0.0,0.10084,0.0,0.0
3.95548,0.0,0.151261,0.0,0.0
3.9559,0.0,0.10084,0.0,0.0
3.95572,0.0,0.134454,0.0,0.0
3.95595,0.0,0.117647,0.0,0.0
3.95617,0.0,0.134454,0.0,0.0
3.95518,0.0,0.0672269,0.0,0.0
3.95514,0.0,0.117647,0.0,0.0
3.95585,0.0,0.10084,0.0,0.0
3.95677,0.0,0.184874,0.0,0.0
3.95638,0.0,0.10084,0.0,0.0
3.95659,0.0,0.0840336,0.0,0.0
3.95719,0.0,0.0840336,0.0,0.0
3.95619,0.0,0.10084,0.0,0.0
3.95632,0.0,0.10084,0.0,0.0
3.95662,0.0,0.10084,0.0,0.0
3.95669,0.0,0.168067,0.0,0.0
3.95754,0.0,0.0840336,0.0,0.0
3.95663,0.0,0.0336134,0.0,0.0
3.95622,0.0,0.0168067,0.0,0.0
3.95787,0.0,0.10084,0.0,0.0
3.95692,0.0,0.10084,0.0,0.0
3.95694,0.0,0.117647,0.0,0.0
3.95786,0.0,0.184874,0.0,0.0
3.95689,0.0,0.134454,0.0,0.0
3.95682,0.0,0.0168067,0.0,0.0
3.95684,0.0,0.0504202,0.0,0.0
3.95762,0.0,0.117647,0.0,0.0
3.958,0.0,0.0672269,0.0,0.0
3.9581,0.0,0.0504202,0.0,0.0
3.95839,0.0,0.117647,0.0,0.0
3.95853,0.0,0.0840336,0.0,0.0
3.9585,0.0,0.10084,0.0,0.0
3.95855,0.0,0.151261,0.0,0.0
3.95888,0.0,0.117647,0.0,0.0
3.95828,0.0,0.117647,0.0,0.0
3.95775,0.0,0.0840336,0.0,0.0
3.95901,0.0,0.10084,0.0,0.0
3.95874,0.0,0.117647,0.0,0.0
3.95876,0.0,0.10084,0.0,0.0
3.95841,0.0,0.0672269,0.0,0.0
3.95842,0.0,0.134454,0.0,0.0
3.95889,0.0,0.0840336,0.0,0.0
3.95845,0.0,0.0840336,0.0,0.0
3.95904,0.0,0.134454,0.0,0.0
3.95921,0.0,0.218487,0.0,0.0
3.95902,0.0,0.0672269,0.0,0.0
3.95925,0.0,0.0504202,0.0,0.0
3.96019,0.0,0.0840336,0.0,0.0
3.95914,0.0,0.151261,0.0,0.0
3.95886,0.0,0.117647,0.0,0.0
3.96002,0.0,0.0840336,0.0,0.0
3.95879,0.0,0.0840336,0.0,0.0
3.95966,0.0,0.10084,0.0,0.0
3.95952,0.0,0.117647,0.0,0.0
3.96028,0.0,0.0672269,0.0,0.0
3.95989,0.0,0.117647,0.0,0.0
3.95952,0.0,0.0672269,0.0,0.0
3.96172,0.0,0.10084,0.0,0.0
3.96159,0.0,0.0840336,0.0,0.0
3.9608,0.0,0.10084,0.0,0.0
3.9615,0.0,0.0504202,0.0,0.0
3.96169,0.0,0.184874,0.0,0.0
3.96124,0.0,0.0672269,0.0,0.0
3.96185,0.0,0.117647,0.0,0.0
3.96212,0.0,0.151261,0.0,0.0
3.96142,0.0,0.0840336,0.0,0.0
3.96107,0.0,0.10084,0.0,0.0
3.96172,0.0,0.117647,0.0,0.0
3.96167,0.0,0.134454,0.0,0.0
3.96192,0.0,0.10084,0.0,0.0
3.96274,0.0,0.168067,0.0,0.0
3.96246,0.0,0.134454,0.0,0.0
3.96133,0.0,0.117647,0.0,0.0
3.9623,0.0,0.134454,0.0,0.0
3.96224,0.0,0.184874,0.0,0.0
3.9622,0.0,0.0672269,0.0,0.0
3.96178,0.0,0.0840336,0.0,0.0
3.96146,0.0,0.10084,0.0,0.0
3.96258,0.0,0.168067,0.0,0.0
3.96296,0.0,0.10084,0.0,0.0
3.96225,0.0,0.0840336,0.0,0.0
3.96182,0.0,0.0840336,0.0,0.0
3.96209,0.0,0.0504202,0.0,0.0
3.96194,0.0,0.0840336,0.0,0.0
3.96237,0.0,0.134454,0.0,0.0
3.9636,0.0,0.134454,0.0,0.0
3.9636,0.0,0.0672269,0.0,0.0
3.96306,0.0,0.0336134,0.0,0.0
3.96265,0.0,0.0840336,0.0,0.0
3.96278,0.0,0.0840336,0.0,0.0
3.96286,0.0,0.0168067,0.0,0.0
3.96275,0.0,0.0840336,0.0,0.0
3.96312,0.0,0.0336134,0.0,0.0
3.96368,0.0,0.168067,0.0,0.0
3.96473,0.0,0.0336134,0.0,0.0
3.964,0.0,0.0840336,0.0,0.0
3.96344,0.0,0.134454,0.0,0.0
3.96467,0.0,0.134454,0.0,0.0
3.96502,0.0,0.117647,0.0,0.0
3.96483,0.0,0.0672269,0.0,0.0
3.964,0.0,0.10084,0.0,0.0
3.96282,0.0,0.0336134,0.0,0.0
3.96407,0.0,0.0504202,0.0,0.0
3.96484,0.0,0.117647,0.0,0.0
3.96428,0.0,0.0336134,0.0,0.0
3.96391,0.0,0.0672269,0.0,0.0
3.96444,0.0,0.0840336,0.0,0.0
3.96403,0.0,0.0672269,0.0,0.0
3.96409,0.0,0.0840336,0.0,0.0
3.9644,0.0,0.0504202,0.0,0.0
3.9637,0.0,0.0672269,0.0,0.0
3.96485,0.0,0.0840336,0.0,0.0
3.96569,0.0,0.151261,0.0,0.0
3.96569,0.0,0.0840336,0.0,0.0
3.96581,0.0,0.168067,0.0,0.0
3.96575,0.0,0.117647,0.0,0.0
3.9657,0.0,0.0672269,0.0,0.0
3.9657,0.0,0.10084,0.0,0.0
3.96546,0.0,0.10084,0.0,0.0
3.9656,0.0,0.0504202,0.0,0.0
3.96651,0.0,0.168067,0.0,0.0
3.96627,0.0,0.10084,0.0,0.0
3.96564,0.0,0.10084,0.0,0.0
3.96649,0.0,0.117647,0.0,0.0
3.96627,0.0,0.0672269,0.0,0.0
3.96669,0.0,0.0504202,0.0,0.0
3.96664,0.0,0.10084,0.0,0.0
3.96639,0.0,0.0504202,0.0,0.0
3.96635,0.0,0.0504202,0.0,0.0
3.96669,0.0,0.10084,0.0,0.0
3.96595,0.0,0.0672269,0.0,0.0
3.96776,0.0,0.0504202,0.0,0.0
3.96737,0.0,0.0840336,0.0,0.0
3.96747,0.0,0.0840336,0.0,0.0
3.96851,0.0,0.10084,0.0,0.0
3.96822,0.0,0.10084,0.0,0.0
3.9687,0.0,0.134454,0.0,0.0
3.96752,0.0,0.117647,0.0,0.0
3.96797,0.0,0.0840336,0.0,0.0
3.96736,0.0,0.0840336,0.0,0.0
3.96783,0.0,0.0840336,0.0,0.0
3.96801,0.0,0.0336134,0.0,0.0
3.96718,0.0,0.10084,0.0,0.0
3.96875,0.0,0.117647,0.0,0.0
3.96887,0.0,0.134454,0.0,0.0
3.96793,0.0,0.134454,0.0,0.0
3.96889,0.0,0.168067,0.0,0.0
3.96915,0.0,0.134454,0.0,0.0
3.96797,0.0,0.10084,0.0,0.0
3.96851,0.0,0.0840336,0.0,0.0
3.96937,0.0,0.10084,0.0,0.0
3.96844,0.0,0.0504202,0.0,0.0
3.96904,0.0,0.0672269,0.0,0.0
3.96938,0.0,0.0504202,0.0,0.0
3.96999,0.0,0.151261,0.0,0.0
3.96917,0.0,0.0672269,0.0,0.0
3.96933,0.0,0.0504202,0.0,0.0
3.97038,0.0,0.201681,0.0,0.0
3.97107,0.0,0.0840336,0.0,0.0
3.97004,0.0,0.235294,0.0,0.0
3.96943,0.0,0.151261,0.0,0.0
3.97039,0.0,0.117647,0.0,0.0
3.97048,0.0,0.184874,0.0,0.0
3.97013,0.0,0.134454,0.0,0.0
3.96995,0.0,0.10084,0.0,0.0
3.96976,0.0,0.0840336,0.0,0.0
3.97039,0.0,0.117647,0.0,0.0
3.97004,0.0,0.0672269,0.0,0.0
3.97049,0.0,0.0840336,0.0,0.0
3.97126,0.0,0.0504202,0.0,0.0
3.97116,0.0,0.0504202,0.0,0.0
3.97112,0.0,0.0840336,0.0,0.0
3.97111,0.0,0.117647,0.0,0.0
3.97057,0.0,0.0840336,0.0,0.0
3.97126,0.0,0.0840336,0.0,0.0
3.97149,0.0,0.10084,0.0,0.0
3.9714,0.0,0.0840336,0.0,0.0
3.97149,0.0,0.0840336,0.0,0.0
3.97153,0.0,0.0672269,0.0,0.0
3.97146,0.0,0.0672269,0.0,0.0
3.97224,0.0,0.10084,0.0,0.0
3.97062,0.0,0.0336134,0.0,0.0
3.97073,0.0,0.10084,0.0,0.0
3.97188,0.0,0.0504202,0.0,0.0
3.9729,0.0,0.201681,0.0,0.0
3.97272,0.0,0.0672269,0.0,0.0
3.97285,0.0,0.10084,0.0,0.0
3.97285,0.0,0.10084,0.0,0.0
3.97284,0.0,0.0840336,0.0,0.0
3.97205,0.0,0.0840336,0.0,0.0
3.9726,0.0,0.10084,0.0,0.0
3.97314,0.0,0.117647,0.0,0.0
3.97264,0.0,0.10084,0.0,0.0
3.97196,0.0,0.168067,0.0,0.0
3.97205,0.0,0.0840336,0.0,0.0
3.97313,0.0,0.134454,0.0,0.0
3.97347,0.0,0.117647,0.0,0.0
3.97369,0.0,0.10084,0.0,0.0
3.97417,0.0,0.117647,0.0,0.0
3.97352,0.0,0.134454,0.0,0.0
3.97264,0.0,0.0336134,0.0,0.0
3.97362,0.0,0.10084,0.0,0.0
3.974,0.0,0.0336134,0.0,0.0
3.97282,0.0,0.0504202,0.0,0.0
3.97355,0.0,0.0840336,0.0,0.0
3.97451,0.0,0.117647,0.0,0.0
3.97535,0.0,0.10084,0.0,0.0
3.97426,0.0,0.134454,0.0,0.0
3.97556,0.0,0.0840336,0.0,0.0
3.97487,0.0,0.0840336,0.0,0.0
3.97451,0.0,0.151261,0.0,0.0
3.97403,0.0,0.201681,0.0,0.0
3.97407,0.0,0.10084,0.0,0.0
3.97414,0.0,0.0840336,0.0,0.0
3.97411,0.0,0.0672269,0.0,0.0
3.97452,0.0,0.0840336,0.0,0.0
3.97465,0.0,0.168067,0.0,0.0
3.97499,0.0,0.10084,0.0,0.0
3.97523,0.0,0.151261,0.0,0.0
3.97561,0.0,0.117647,0.0,0.0
3.9753,0.0,0.0840336,0.0,0.0
3.97579,0.0,0.117647,0.0,0.0
3.97565,0.0,0.10084,0.0,0.0
3.97449,0.0,0.117647,0.0,0.0
3.97653,0.0,0.10084,0.0,0.0
3.97687,0.0,0.0672269,0.0,0.0
3.97677,0.0,0.117647,0.0,0.0
3.97597,0.0,0.0840336,0.0,0.0
3.97611,0.0,0.0672269,0.0,0.0
3.97547,0.0,0.0672269,0.0,0.0
3.97608,0.0,0.0840336,0.0,0.0
3.97668,0.0,0.0504202,0.0,0.0
3.97705,0.0,0.0504202,0.0,0.0
3.97651,0.0,0.10084,0.0,0.0
3.97658,0.0,0.117647,0.0,0.0
3.97734,0.0,0.0840336,0.0,0.0
3.97729,0.0,0.0840336,0.0,0.0
3.97637,0.0,0.0672269,0.0,0.0
3.97677,0.0,0.0840336,0.0,0.0
3.97692,0.0,0.134454,0.0,0.0
3.97663,0.0,0.0336134,0.0,0.0
3.97652,0.0,0.117647,0.0,0.0
3.97715,0.0,0.134454,0.0,0.0
3.97695,0.0,0.0672269,0.0,0.0
3.97718,0.0,0.201681,0.0,0.0
3.97705,0.0,0.0672269,0.0,0.0
3.97755,0.0,0.117647,0.0,0.0
3.97896,0.0,0.0672269,0.0,0.0
3.97868,0.0,0.117647,0.0,0.0
3.9777,0.0,0.0840336,0.0,0.0
3.9777,0.0,0.134454,0.0,0.0
3.97742,0.0,0.0168067,0.0,0.0
3.97833,0.0,0.10084,0.0,0.0
3.97792,0.0,0.0336134,0.0,0.0
3.978,0.0,0.0336134,0.0,0.0
3.97806,0.0,0.134454,0.0,0.0
3.97916,0.0,0.117647,0.0,0.0
3.97967,0.0,0.0504202,0.0,0.0
3.97912,0.0,0.10084,0.0,0.0
3.97856,0.0,0.0840336,0.0,0.0
3.97921,0.0,0.134454,0.0,0.0
3.97962,0.0,0.117647,0.0,0.0
3.9794,0.0,0.10084,0.0,0.0
3.97914,0.0,0.0840336,0.0,0.0
3.97915,0.0,0.117647,0.0,0.0
3.97897,0.0,0.0504202,0.0,0.0
3.97861,0.0,0.0504202,0.0,0.0
3.9798,0.0,0.0672269,0.0,0.0
3.97987,0.0,0.0504202,0.0,0.0
3.98017,0.0,0.10084,0.0,0.0
3.98076,0.0,0.0672269,0.0,0.0
3.98007,0.0,0.117647,0.0,0.0
3.9806,0.0,0.117647,0.0,0.0
3.98037,0.0,0.134454,0.0,0.0
3.98108,0.0,0.0504202,0.0,0.0
3.98129,0.0,0.10084,0.0,0.0
3.98063,0.0,0.0840336,0.0,0.0
3.98084,0.0,0.117647,0.0,0.0
3.98017,0.0,0.151261,0.0,0.0
3.98076,0.0,0.117647,0.0,0.0
3.98003,0.0,0.117647,0.0,0.0
3.98118,0.0,0.151261,0.0,0.0
3.9816,0.0,0.10084,0.0,0.0
3.98018,0.0,0.134454,0.0,0.0
3.9807,0.0,0.10084,0.0,0.0
3.98133,0.0,0.10084,0.0,0.0
3.98185,0.0,0.0840336,0.0,0.0
3.98139,0.0,0.0672269,0.0,0.0
3.98135,0.0,0.117647,0.0,0.0
3.98078,0.0,0.0168067,0.0,0.0
3.98171,0.0,0.117647,0.0,0.0
3.98296,0.0,0.134454,0.0,0.0
3.98242,0.0,0.134454,0.0,0.0
3.98258,0.0,0.117647,0.0,0.0
3.98236,0.0,0.0672269,0.0,0.0
3.98287,0.0,0.10084,0.0,0.0
3.98162,0.0,0.0504202,0.0,0.0
3.98171,0.0,0.10084,0.0,0.0
3.98268,0.0,0.201681,0.0,0.0
3.98221,0.0,0.134454,0.0,0.0
3.98285,0.0,0.0840336,0.0,0.0
3.98272,0.0,0.0672269,0.0,0.0
3.98168,0.0,0.0504202,0.0,0.0
3.98189,0.0,0.0504202,0.0,0.0
3.98254,0.0,0.0840336,0.0,0.0
3.98395,0.0,0.0672269,0.0,0.0
3.98315,0.0,0.0840336,0.0,0.0
3.98343,0.0,0.117647,0.0,0.0
3.98373,0.0,0.0840336,0.0,0.0
3.98293,0.0,0.0336134,0.0,0.0
3.9826,0.0,0.0336134,0.0,0.0
3.98428,0.0,0.151261,0.0,0.0
3.98463,0.0,0.10084,0.0,0.0
3.98376,0.0,0.0840336,0.0,0.0
3.98449,0.0,0.184874,0.0,0.0
3.98407,0.0,0.0672269,0.0,0.0
3.98529,0.0,0.0504202,0.0,0.0
3.98405,0.0,0.10084,0.0,0.0
3.98382,0.0,0.117647,0.0,0.0
3.9845,0.0,0.117647,0.0,0.0
3.98517,0.0,0.0840336,0.0,0.0
3.98542,0.0,0.168067,0.0,0.0
3.98446,0.0,0.117647,0.0,0.0
3.98394,0.0,0.134454,0.0,0.0
3.98471,0.0,0.0504202,0.0,0.0
3.98511,0.0,0.10084,0.0,0.0
3.98502,0.0,0.184874,0.0,0.0
3.98444,0.0,0.0840336,0.0,0.0
3.9848,0.0,0.10084,0.0,0.0
3.98569,0.0,0.10084,0.0,0.0
3.98626,0.0,0.10084,0.0,0.0
3.98519,0.0,0.0168067,0.0,0.0
3.98474,0.0,0.10084,0.0,0.0
3.98596,0.0,0.10084,0.0,0.0
3.9851,0.0,0.0840336,0.0,0.0
3.98596,0.0,0.117647,0.0,0.0
3.98648,0.0,0.0840336,0.0,0.0
3.98563,0.0,0.0336134,0.0,0.0
3.98579,0.0,0.0840336,0.0,0.0
3.9866,0.0,0.0840336,0.0,0.0
3.98599,0.0,0.0672269,0.0,0.0
3.98576,0.0,0.184874,0.0,0.0
3.98643,0.0,0.0672269,0.0,0.0
3.98683,0.0,0.0672269,0.0,0.0
3.98672,0.0,0.0672269,0.0,0.0
3.98674,0.0,0.0672269,0.0,0.0
3.9862,0.0,0.0336134,0.0,0.0
3.98732,0.0,0.0672269,0.0,0.0
3.988,0.0,0.117647,0.0,0.0
3.98683,0.0,0.0168067,0.0,0.0
3.98704,0.0,0.10084,0.0,0.0
3.98769,0.0,0.0504202,0.0,0.0
3.98758,0.0,0.0504202,0.0,0.0
3.98681,0.0,0.10084,0.0,0.0
3.98911,0.0,0.134454,0.0,0.0
3.98935,0.0,0.0504202,0.0,0.0
3.9881,0.0,0.184874,0.0,0.0
3.98729,0.0,0.0672269,0.0,0.0
3.9882,0.0,0.0336134,0.0,0.0
3.98834,0.0,0.0840336,0.0,0.0
3.98778,0.0,0.0672269,0.0,0.0
3.98852,0.0,0.168067,0.0,0.0
3.98828,0.0,0.0336134,0.0,0.0
3.98793,0.0,0.0672269,0.0,0.0
3.98832,0.0,0.0840336,0.0,0.0
3.98836,0.0,0.0672269,0.0,0.0
3.98881,0.0,0.117647,0.0,0.0
3.98926,0.0,0.10084,0.0,0.0
3.98824,0.0,0.0840336,0.0,0.0
3.98888,0.0,0.10084,0.0,0.0
3.98894,0.0,0.151261,0.0,0.0
3.98927,0.0,0.10084,0.0,0.0
3.98962,0.0,0.168067,0.0,0.0
3.98918,0.0,0.10084,0.0,0.0
3.98942,0.0,0.151261,0.0,0.0
3.9894,0.0,0.0672269,0.0,0.0
3.99055,0.0,0.134454,0.0,0.0
3.98955,0.0,0.117647,0.0,0.0
3.98906,0.0,0.117647,0.0,0.0
3.98985,0.0,0.0672269,0.0,0.0
3.99032,0.0,0.117647,0.0,0.0
3.99006,0.0,0.0504202,0.0,0.0
3.99049,0.0,0.0672269,0.0,0.0
3.99039,0.0,0.117647,0.0,0.0
3.98967,0.0,0.0840336,0.0,0.0
3.99016,0.0,0.10084,0.0,0.0
3.99032,0.0,0.0504202,0.0,0.0
3.99005,0.0,0.0672269,0.0,0.0
3.99044,0.0,0.0840336,0.0,0.0
3.99076,0.0,0.117647,0.0,0.0
3.98939,0.0,0.0504202,0.0,0.0
3.99048,0.0,0.10084,0.0,0.0
3.99161,0.0,0.0504202,0.0,0.0
3.99096,0.0,0.0504202,0.0,0.0
3.99032,0.0,0.10084,0.0,0.0
3.9916,0.0,0.10084,0.0,0.0
3.99127,0.0,0.10084,0.0,0.0
3.99125,0.0,0.0336134,0.0,0.0
3.99111,0.0,0.0672269,0.0,0.0
3.99106,0.0,0.117647,0.0,0.0
3.99234,0.0,0.0840336,0.0,0.0
3.99311,0.0,0.0840336,0.0,0.0
3.9924,0.0,0.168067,0.0,0.0
3.99295,0.0,0.0504202,0.0,0.0
3.99245,0.0,0.117647,0.0,0.0
3.99269,0.0,0.151261,0.0,0.0
3.99363,0.0,0.0672269,0.0,0.0
3.99219,0.0,0.134454,0.0,0.0
3.99248,0.0,0.168067,0.0,0.0
3.99367,0.0,0.117647,0.0,0.0
3.99369,0.0,0.10084,0.0,0.0
3.99252,0.0,0.10084,0.0,0.0
3.99221,0.0,0.10084,0.0,0.0
3.9927,0.0,0.0504202,0.0,0.0
3.99232,0.0,0.0336134,0.0,0.0
3.99209,0.0,0.0504202,0.0,0.0
3.99328,0.0,0.0336134,0.0,0.0
3.99272,0.0,0.117647,0.0,0.0
3.99288,0.0,0.151261,0.0,0.0
3.99353,0.0,0.134454,0.0,0.0
3.99371,0.0,0.151261,0.0,0.0
3.99443,0.0,0.168067,0.0,0.0
3.99413,0.0,0.134454,0.0,0.0
3.99329,0.0,0.10084,0.0,0.0
3.9932,0.0,0.134454,0.0,0.0
3.99427,0.0,0.0840336,0.0,0.0
3.9949,0.0,0.0504202,0.0,0.0
3.995,0.0,0.117647,0.0,0.0
3.99509,0.0,0.0504202,0.0,0.0
3.99455,0.0,0.134454,0.0,0.0
3.99445,0.0,0.134454,0.0,0.0
3.99515,0.0,0.0840336,0.0,0.0
3.99498,0.0,0.10084,0.0,0.0
3.99424,0.0,0.0840336,0.0,0.0
3.99454,0.0,0.117647,0.0,0.0
3.99574,0.0,0.10084,0.0,0.0
3.99512,0.0,0.0840336,0.0,0.0
3.99567,0.0,0.10084,0.0,0.0
3.99547,0.0,0.10084,0.0,0.0
3.99536,0.0,0.10084,0.0,0.0
3.99564,0.0,0.0672269,0.0,0.0
3.9945,0.0,0.0840336,0.0,0.0
3.99428,0.0,0.0672269,0.0,0.0
3.99518,0.0,0.0672269,0.0,0.0
3.99551,0.0,0.117647,0.0,0.0
3.99602,0.0,0.0504202,0.0,0.0
3.99532,0.0,0.0504202,0.0,0.0
3.99585,0.0,0.0672269,0.0,0.0
3.99614,0.0,0.10084,0.0,0.0
3.99662,0.0,0.0504202,0.0,0.0
3.99672,0.0,0.0504202,0.0,0.0
3.99677,0.0,0.0504202,0.0,0.0
3.99669,0.0,0.134454,0.0,0.0
3.99689,0.0,0.0840336,0.0,0.0
3.99592,0.0,0.0672269,0.0,0.0
3.99618,0.0,0.0336134,0.0,0.0
3.99684,0.0,0.0840336,0.0,0.0
3.99671,0.0,0.0504202,0.0,0.0
3.99598,0.0,0.0840336,0.0,0.0
3.99665,0.0,0.0840336,0.0,0.0
3.99756,0.0,0.0840336,0.0,0.0
3.99736,0.0,0.0504202,0.0,0.0
3.998,0.0,0.134454,0.0,0.0
3.99798,0.0,0.10084,0.0,0.0
3.99849,0.0,0.10084,0.0,0.0
3.998,0.0,0.10084,0.0,0.0
3.99758,0.0,0.0840336,0.0,0.0
3.99793,0.0,0.117647,0.0,0.0
3.99746,0.0,0.134454,0.0,0.0
3.99898,0.0,0.0840336,0.0,0.0
3.99757,0.0,0.0840336,0.0,0.0
3.99801,0.0,0.0336134,0.0,0.0
3.99833,0.0,0.0504202,0.0,0.0
3.99832,0.0,0.0504202,0.0,0.0
3.99868,0.0,0.151261,0.0,0.0
3.99934,0.0,0.134454,0.0,0.0
3.99847,0.0,0.0672269,0.0,0.0
3.99803,0.0,0.0336134,0.0,0.0
3.99771,0.0,0.0840336,0.0,0.0
3.99861,0.0,0.10084,0.0,0.0
3.99978,0.0,0.134454,0.0,0.0
3.99948,0.0,0.10084,0.0,0.0
3.99937,0.0,0.134454,0.0,0.0
3.99976,0.0,0.0840336,0.0,0.0
4.00048,0.0,0.151261,0.0,0.0
3.99961,0.0,0.10084,0.0,0.0
3.99857,0.0,0.0336134,0.0,0.0
3.99814,0.0,0.0504202,0.0,0.0
3.99909,0.0,0.117647,0.0,0.0
4.00023,0.0,0.134454,0.0,0.0
4.00006,0.0,0.0840336,0.0,0.0
3.99939,0.0,0.117647,0.0,0.0
3.99996,0.0,0.0504202,0.0,0.0
4.00067,0.0,0.0672269,0.0,0.0
4.00082,0.0,0.0168067,0.0,0.0
4.00015,0.0,0.151261,0.0,0.0
4.00068,0.0,0.0504202,0.0,0.0
4.00076,0.0,0.134454,0.0,0.0
4.00115,0.0,0.0504202,0.0,0.0
4.00086,0.0,0.0840336,0.0,0.0
4.00137,0.0,0.134454,0.0,0.0
4.00129,0.0,0.0840336,0.0,0.0
4.00059,0.0,0.168067,0.0,0.0
3.9999,0.0,0.0504202,0.0,0.0
4.00096,0.0,0.117647,0.0,0.0
4.00176,0.0,0.0672269,0.0,0.0
4.00166,0.0,0.134454,0.0,0.0
4.00098,0.0,0.10084,0.0,0.0
4.00177,0.0,0.134454,0.0,0.0
4.00195,0.0,0.117647,0.0,0.0
4.00098,0.0,0.0672269,0.0,0.0
4.00235,0.0,0.117647,0.0,0.0
4.00198,0.0,0.134454,0.0,0.0
4.00155,0.0,0.10084,0.0,0.0
4.00302,0.0,0.10084,0.0,0.0
4.00315,0.0,0.0672269,0.0,0.0
4.00226,0.0,0.0840336,0.0,0.0
4.00155,0.0,0.0672269,0.0,0.0
4.00284,0.0,0.0504202,0.0,0.0
4.00233,0.0,0.0336134,0.0,0.0
4.00329,0.0,0.10084,0.0,0.0
4.00408,0.0,0.10084,0.0,0.0
4.00328,0.0,0.184874,0.0,0.0
4.00258,0.0,0.151261,0.0,0.0
4.00306,0.0,0.134454,0.0,0.0
4.00169,0.0,0.0504202,0.0,0.0
4.0024,0.0,0.117647,0.0,0.0
4.00378,0.0,0.10084,0.0,0.0
4.00272,0.0,0.0672269,0.0,0.0
4.00336,0.0,0.134454,0.0,0.0
4.00394,0.0,0.0504202,0.0,0.0
4.00452,0.0,0.10084,0.0,0.0
4.00449,0.0,0.0840336,0.0,0.0
4.00418,0.0,0.0336134,0.0,0.0
4.00364,0.0,0.10084,0.0,0.0
4.0044,0.0,0.10084,0.0,0.0
4.00385,0.0,0.0504202,0.0,0.0
4.0037,0.0,0.0336134,0.0,0.0
4.00399,0.0,0.0672269,0.0,0.0
4.00522,0.0,0.10084,0.0,0.0
4.00395,0.0,0.0336134,0.0,0.0
4.00407,0.0,0.117647,0.0,0.0
4.00552,0.0,0.134454,0.0,0.0
4.00584,0.0,0.168067,0.0,0.0
4.00535,0.0,0.151261,0.0,0.0
4.005,0.0,0.0672269,0.0,0.0
4.00411,0.0,0.10084,0.0,0.0
4.00507,0.0,0.117647,0.0,0.0
4.00538,0.0,0.0504202,0.0,0.0
4.00612,0.0,0.151261,0.0,0.0
4.00562,0.0,0.0672269,0.0,0.0
4.00486,0.0,0.0336134,0.0,0.0
4.00551,0.0,0.0504202,0.0,0.0
4.00578,0.0,0.134454,0.0,0.0
4.00602,0.0,0.117647,0.0,0.0
4.0065,0.0,0.168067,0.0,0.0
4.00569,0.0,0.10084,0.0,0.0
4.00637,0.0,0.0840336,0.0,0.0
4.00714,0.0,0.0672269,0.0,0.0
4.00672,0.0,0.0672269,0.0,0.0
4.00694,0.0,0.0672269,0.0,0.0
4.00638,0.0,0.134454,0.0,0.0
4.00659,0.0,0.0840336,0.0,0.0
4.0069,0.0,0.0,0.0,0.0
4.00624,0.0,0.117647,0.0,0.0
4.00696,0.0,0.0840336,0.0,0.0
4.00707,0.0,0.134454,0.0,0.0
4.00765,0.0,0.184874,0.0,0.0
4.00721,0.0,0.0840336,0.0,0.0
4.0081,0.0,0.168067,0.0,0.0
4.00777,0.0,0.151261,0.0,0.0
4.0075,0.0,0.151261,0.0,0.0
4.00781,0.0,0.151261,0.0,0.0
4.00684,0.0,0.10084,0.0,0.0
4.00715,0.0,0.0504202,0.0,0.0
4.0074,0.0,0.117647,0.0,0.0
4.00735,0.0,0.134454,0.0,0.0
4.00832,0.0,0.201681,0.0,0.0
4.00737,0.0,0.10084,0.0,0.0
4.00801,0.0,0.0336134,0.0,0.0
4.0088,0.0,0.117647,0.0,0.0
4.00842,0.0,0.117647,0.0,0.0
4.00785,0.0,0.0840336,0.0,0.0
4.00865,0.0,0.0336134,0.0,0.0
4.00812,0.0,0.0672269,0.0,0.0
4.00863,0.0,0.117647,0.0,0.0
4.00798,0.0,0.10084,0.0,0.0
4.0087,0.0,0.0672269,0.0,0.0
4.00854,0.0,0.0840336,0.0,0.0
4.008,0.0,0.0504202,0.0,0.0
4.00935,0.0,0.0840336,0.0,0.0
4.00994,0.0,0.0840336,0.0,0.0
4.00932,0.0,0.10084,0.0,0.0
4.00974,0.0,0.168067,0.0,0.0
4.00979,0.0,0.0504202,0.0,0.0
4.00912,0.0,0.10084,0.0,0.0
4.00997,0.0,0.0840336,0.0,0.0
4.01012,0.0,0.0504202,0.0,0.0
4.01106,0.0,0.151261,0.0,0.0
4.01173,0.0,0.151261,0.0,0.0
4.00996,0.0,0.0672269,0.0,0.0
4.00996,0.0,0.0672269,0.0,0.0
4.0104,0.0,0.0840336,0.0,0.0
4.01058,0.0,0.117647,0.0,0.0
4.01125,0.0,0.0504202,0.0,0.0
4.01011,0.0,0.0504202,0.0,0.0
4.01011,0.0,0.0504202,0.0,0.0
4.01104,0.0,0.151261,0.0,0.0
4.0105,0.0,0.0336134,0.0,0.0
4.01112,0.0,0.134454,0.0,0.0
4.01061,0.0,0.0840336,0.0,0.0
4.01023,0.0,0.0840336,0.0,0.0
4.01023,0.0,0.0672269,0.0,0.0
4.0104,0.0,0.0168067,0.0,0.0
4.01047,0.0,0.0672269,0.0,0.0
4.01087,0.0,0.0336134,0.0,0.0
4.01149,0.0,0.0,0.0,0.0
4.01154,0.0,0.10084,0.0,0.0
4.01165,0.0,0.134454,0.0,0.0
4.01137,0.0,0.0336134,0.0,0.0
4.0119,0.0,0.0840336,0.0,0.0
4.01227,0.0,0.0672269,0.0,0.0
4.0115,0.0,0.10084,0.0,0.0
4.01226,0.0,0.134454,0.0,0.0
4.01253,0.0,0.0840336,0.0,0.0
4.01152,0.0,0.0504202,0.0,0.0
4.01213,0.0,0.117647,0.0,0.0
4.01306,0.0,0.0840336,0.0,0.0
4.01285,0.0,0.0336134,0.0,0.0
4.01378,0.0,0.117647,0.0,0.0
4.01264,0.0,0.0672269,0.0,0.0
4.01221,0.0,0.0672269,0.0,0.0
4.01307,0.0,0.151261,0.0,0.0
4.01346,0.0,0.0672269,0.0,0.0
4.01336,0.0,0.117647,0.0,0.0
4.0126,0.0,0.0672269,0.0,0.0
4.01398,0.0,0.134454,0.0,0.0
4.01398,0.0,0.10084,0.0,0.0
4.01357,0.0,0.0672269,0.0,0.0
4.01377,0.0,0.0336134,0.0,0.0
4.01404,0.0,0.117647,0.0,0.0
4.01396,0.0,0.0840336,0.0,0.0
4.01347,0.0,0.10084,0.0,0.0
